[2906.0, 21002.2, 0.0]
[2954.0, 19893.800000000003, 0.0]
[2848.0, 18817.0, 6000.0]
[3934.0, 18467.800000000003, 6000.0]
[3422.0, 18788.6, 0.0]
[2352.0, 17807.1, 18000.0]
[4182.0, 18261.0, 6000.0]
[3818.0, 16823.800000000003, 24000.0]
[2478.0, 16029.7, 48000.0]
[1764.0, 20271.6, 24000.0]
[2702.0, 17481.5, 18000.0]
[2090.0, 17997.300000000003, 24000.0]
[4260.0, 17228.9, 18000.0]
[3784.0, 16221.900000000001, 30000.0]
[2188.0, 18394.800000000003, 18000.0]
[4024.0, 17284.0, 18000.0]
[1520.0, 15357.400000000001, 54000.0]
[1208.0, 17136.0, 36000.0]
[1850.0, 18849.1, 24000.0]
[1560.0, 16297.400000000001, 30000.0]
[2048.0, 19671.300000000003, 18000.0]
[5456.0, 15919.5, 36000.0]
[1844.0, 15246.300000000001, 66000.0]
[2302.0, 19508.5, 12000.0]
[3304.0, 17378.4, 12000.0]
[2582.0, 17601.7, 12000.0]
[4278.0, 16945.6, 12000.0]
[4358.0, 16792.0, 24000.0]
[3490.0, 16953.300000000003, 24000.0]
[1574.0, 20545.300000000003, 24000.0]
[3818.0, 16823.800000000003, 24000.0]
[6916.0, 15091.900000000001, 42000.0]
