[1276.0, 16034.400000000001, 30000.0]
[1516.0, 15411.400000000001, 42000.0]
[2306.0, 12405.1, 72000.0]
[1238.0, 15087.300000000001, 60000.0]
[1790.0, 21473.6, 6000.0]
[1526.0, 18574.1, 12000.0]
[1736.0, 17481.800000000003, 18000.0]
[1522.0, 17574.300000000003, 18000.0]
[2208.0, 18991.1, 0.0]
[2646.0, 17026.5, 0.0]
[2196.0, 18184.9, 6000.0]
[2256.0, 16739.7, 12000.0]
[2196.0, 16746.800000000003, 12000.0]
[2172.0, 16775.0, 12000.0]
[2472.0, 16156.7, 18000.0]
[2712.0, 16999.5, 6000.0]
[2760.0, 16884.300000000003, 6000.0]
[2412.0, 16242.900000000001, 18000.0]
[2874.0, 16324.1, 12000.0]
[2182.0, 16490.800000000003, 18000.0]
[2362.0, 16003.900000000001, 24000.0]
[2784.0, 16052.6, 18000.0]
[2748.0, 15181.800000000001, 30000.0]
[2460.0, 14771.1, 42000.0]
[1960.0, 16954.2, 18000.0]
[4290.0, 16465.6, 6000.0]
[2880.0, 15404.0, 24000.0]
[1898.0, 16051.5, 24000.0]
[2376.0, 15239.1, 30000.0]
[2150.0, 15372.300000000001, 30000.0]
[2338.0, 15059.2, 36000.0]
[1014.0, 20264.9, 12000.0]
[1014.0, 18194.7, 18000.0]
[1014.0, 17464.800000000003, 24000.0]
[1252.0, 16101.2, 24000.0]
[1110.0, 16056.300000000001, 36000.0]
[1122.0, 15866.7, 36000.0]
[4062.0, 14312.800000000001, 36000.0]
[1424.0, 15694.1, 54000.0]
[3100.0, 14493.400000000001, 36000.0]
[2790.0, 14845.5, 36000.0]
[3670.0, 13944.400000000001, 42000.0]
[3730.0, 13883.5, 42000.0]
[2050.0, 18437.300000000003, 12000.0]
[1930.0, 17452.800000000003, 18000.0]
[2120.0, 17691.9, 12000.0]
[1150.0, 16719.4, 30000.0]
[2932.0, 15112.0, 18000.0]
[2932.0, 14599.2, 24000.0]
[1102.0, 16774.300000000003, 42000.0]
[3172.0, 14529.1, 30000.0]
[1456.0, 13646.2, 48000.0]
[1620.0, 13360.5, 48000.0]
