

	61274.0	30800.145454545454
	64736.0	29604.59696969697
	67062.0	28584.648484848483
	67466.0	28043.627272727274
	72892.0	27671.458441558443
	77364.0	30351.654545454545
	78014.0	30700.49090909091
	79134.0	27360.55844155844
	79578.0	29095.18484848485
	79772.0	30231.154545454545
	80776.0	29393.96363636364
	80920.0	29891.196969696968
	81218.0	29770.6
	81408.0	29558.054545454546
	82736.0	28219.5
	82988.0	28277.51818181818
	83578.0	30178.009090909094
	83880.0	27164.754545454547
	84122.0	23787.16363636364
	84618.0	28354.554545454546
	85286.0	30789.430578512398
	85322.0	29747.909090909092
	85540.0	28010.063636363637
	85856.0	29558.50909090909
	85858.0	29690.796969696974
	85918.0	29340.49090909091
	86400.0	29972.590909090908
	86424.0	30015.19090909091
	86828.0	30628.19090909091
	86964.0	29923.29090909091
	87074.0	28286.96363636364
	87108.0	29895.29090909091
	87154.0	29050.178787878787
	87266.0	26885.01818181818
	87650.0	26996.536363636365
	87952.0	28313.527272727275
	88086.0	27974.527272727275
	88334.0	28263.909090909092
	89054.0	28757.342424242423
	89398.0	28875.142424242425
	90022.0	28683.69090909091
	90890.0	28601.109090909093
	90962.0	28825.442424242425
	91126.0	26627.072727272727
	91536.0	28489.69090909091
	91576.0	28134.809090909093
	91666.0	28354.590909090908
	91678.0	28531.39090909091
	91800.0	28634.809090909093
	91836.0	28854.20909090909
	91856.0	28478.99090909091
	91868.0	28655.79090909091
	92176.0	28067.39090909091
	92232.0	23708.17272727273
	92280.0	25904.00909090909
	92420.0	28429.69090909091
	92576.0	28237.109090909093
	92728.0	29217.27878787879
	93698.0	26097.46363636364
	94886.0	27849.636363636364
	94886.0	27849.636363636364
	95074.0	30531.936363636363
	95484.0	28604.50909090909
	95844.0	27718.130303030302
	95858.0	27584.424675324677
	95880.0	27608.336363636365
	95928.0	26326.536363636365
	95956.0	29430.47878787879
	96360.0	28018.809090909093
	96520.0	26310.136363636364
	96658.0	27150.36883116883
	96936.0	27142.16883116883
	97066.0	27007.068831168832
	97460.0	28423.927272727273
	97502.0	28561.563636363637
	97502.0	28561.563636363637
	97820.0	27082.16883116883
	98360.0	28173.630303030302
	99140.0	28637.88181818182
	99398.0	27583.01818181818
	99436.0	26208.309090909093
	99614.0	28474.536363636365
	100502.0	26634.49090909091
	100538.0	26248.863636363636
	100766.0	26454.17012987013
	101384.0	28840.154545454545
	101420.0	26510.127272727274
	101442.0	26516.770129870132
	103166.0	26174.254545454547
	103290.0	29329.754545454547
	103760.0	28590.766666666666
	104258.0	27259.336363636365
	105520.0	28869.148484848483
	106418.0	27171.54805194805
	107094.0	27413.354545454546
	107826.0	27964.136363636364
	110318.0	28002.236363636366
	112718.0	26483.272727272728
	113682.0	26975.4
	115268.0	28582.042424242427


	61274.0	30800.145454545454
	64736.0	29604.59696969697
	67062.0	28584.648484848483
	67232.0	28277.32727272727
	67466.0	28043.627272727274
	69530.0	26710.563636363637
	70918.0	26705.663636363635
	75142.0	30198.49090909091
	77364.0	30351.654545454545
	77448.0	28996.045454545456
	78014.0	30700.49090909091
	78052.0	28791.32727272727
	78752.0	29189.178787878787
	79416.0	29492.49090909091
	79578.0	29095.18484848485
	79674.0	28961.563636363637
	81408.0	25051.236363636366
	82386.0	30082.79090909091
	83136.0	29218.160606060606
	83850.0	29840.254545454547
	84122.0	23787.16363636364
	85276.0	29147.763636363637
	85286.0	30789.430578512398
	85322.0	29747.909090909092
	85856.0	29558.50909090909
	85858.0	29690.796969696974
	85918.0	29340.49090909091
	86300.0	29763.263636363637
	86400.0	29972.590909090908
	86424.0	30015.19090909091
	86774.0	29109.590909090908
	86828.0	30628.19090909091
	86944.0	28117.263636363637
	86964.0	29923.29090909091
	87074.0	28286.96363636364
	87108.0	29895.29090909091
	87154.0	29050.178787878787
	87952.0	28313.527272727275
	88090.0	28422.86666666667
	88334.0	28263.909090909092
	89054.0	28757.342424242423
	89148.0	28979.57878787879
	89398.0	28875.142424242425
	90022.0	28683.69090909091
	90890.0	28601.109090909093
	90962.0	28825.442424242425
	91028.0	31162.0
	91536.0	28489.69090909091
	91576.0	28134.809090909093
	91666.0	28354.590909090908
	91678.0	28531.39090909091
	91800.0	28634.809090909093
	91836.0	28854.20909090909
	91856.0	28478.99090909091
	91868.0	28655.79090909091
	92176.0	28067.39090909091
	92232.0	23708.17272727273
	92420.0	28429.69090909091
	92576.0	28237.109090909093
	92728.0	29217.27878787879
	93868.0	28678.89090909091
	94886.0	27849.636363636364
	95074.0	30531.936363636363
	95484.0	28604.50909090909
	95844.0	27718.130303030302
	95880.0	27608.336363636365
	95956.0	29430.47878787879
	96334.0	27753.545454545456
	96360.0	28018.809090909093
	96864.0	22725.681818181816
	97460.0	28423.927272727273
	97502.0	28561.563636363637
	97820.0	27082.16883116883
	98360.0	28173.630303030302
	99140.0	28637.88181818182
	99398.0	27583.01818181818
	99614.0	28474.536363636365
	100502.0	26634.49090909091
	100538.0	26248.863636363636
	100766.0	26454.17012987013
	100848.0	26250.545454545456
	101384.0	28840.154545454545
	101420.0	26510.127272727274
	101442.0	26516.770129870132
	103290.0	29329.754545454547
	103572.0	28193.06666666667
	103622.0	27464.263636363637
	103760.0	28590.766666666666
	104158.0	27725.47272727273
	104258.0	27259.336363636365
	104366.0	27027.909090909092
	105520.0	28869.148484848483
	105550.0	22251.6
	106418.0	27171.54805194805
	107094.0	27413.354545454546
	107826.0	27964.136363636364
	110318.0	28002.236363636366
	112718.0	26483.272727272728
	113682.0	26975.4
	115268.0	28582.042424242427


	61274.0	30800.145454545454
	63044.0	25685.027272727275
	71008.0	28534.645454545454
	71982.0	28431.5025974026
	72518.0	28931.96363636364
	72778.0	30448.036363636365
	72892.0	27671.458441558443
	73790.0	27809.458441558443
	74768.0	28032.5
	74974.0	28788.645454545454
	75142.0	30198.49090909091
	76234.0	28453.727272727272
	77364.0	30351.654545454545
	77448.0	28996.045454545456
	77454.0	25014.845454545455
	77822.0	28647.99090909091
	78014.0	30700.49090909091
	78052.0	28791.32727272727
	78986.0	29839.936363636363
	79252.0	28311.727272727272
	79372.0	27649.836363636365
	79470.0	27480.545454545456
	79854.0	28295.97878787879
	79900.0	28238.418181818182
	80152.0	28754.554545454546
	80568.0	27584.245454545453
	81278.0	26914.78051948052
	81628.0	27915.38051948052
	82066.0	28413.809090909093
	82402.0	27780.081818181818
	82436.0	27155.109090909093
	82892.0	27435.445454545457
	83780.0	29067.0
	84122.0	23787.16363636364
	84138.0	27075.28051948052
	84268.0	27184.718181818185
	84474.0	23675.98181818182
	84618.0	28354.554545454546
	84682.0	27691.245454545453
	85540.0	28010.063636363637
	87266.0	26885.01818181818
	87650.0	26996.536363636365
	88086.0	27974.527272727275
	88684.0	27853.045454545456
	88910.0	29541.49090909091
	90450.0	26809.702597402596
	90898.0	27625.581818181818
	91112.0	26938.48181818182
	92988.0	27731.88484848485
	93058.0	27844.445454545457
	93474.0	26758.1
	95858.0	27584.424675324677
	95928.0	26326.536363636365
	95944.0	27183.96363636364
	96012.0	26663.827272727274
	96520.0	26310.136363636364
	96658.0	27150.36883116883
	96864.0	22725.681818181816
	96936.0	27142.16883116883
	97066.0	27007.068831168832
	97334.0	26364.6
	97516.0	27356.9
	97716.0	26194.546753246752
	99140.0	28637.88181818182
	99398.0	27583.01818181818
	99436.0	26208.309090909093
	99546.0	26808.468831168833
	99614.0	28474.536363636365
	100418.0	26797.036363636365
	100502.0	26634.49090909091
	100538.0	26248.863636363636
	100766.0	26454.17012987013
	100848.0	26250.545454545456
	101384.0	28840.154545454545
	101420.0	26510.127272727274
	101442.0	26516.770129870132
	101798.0	27836.178787878787
	102520.0	28902.88484848485
	103166.0	26174.254545454547
	103290.0	29329.754545454547
	103368.0	28079.109090909093
	103572.0	28193.06666666667
	103622.0	27464.263636363637
	103710.0	26351.524675324676
	103760.0	28590.766666666666
	104158.0	27725.47272727273
	104258.0	27259.336363636365
	104366.0	27027.909090909092
	105520.0	28869.148484848483
	105550.0	22251.6
	106418.0	27171.54805194805
	107094.0	27413.354545454546
	107826.0	27964.136363636364
	108040.0	26578.590909090908
	110318.0	28002.236363636366
	111588.0	27503.163636363635
	112718.0	26483.272727272728
	113682.0	26975.4
	115268.0	28582.042424242427
	123134.0	26374.0


	61274.0	30800.145454545454
	63044.0	25685.027272727275
	70518.0	29456.89090909091
	71054.0	29017.99090909091
	71482.0	28393.69090909091
	71982.0	28431.5025974026
	72518.0	28931.96363636364
	72778.0	30448.036363636365
	72892.0	27671.458441558443
	73574.0	25611.236363636366
	74502.0	27545.35844155844
	75150.0	25300.736363636366
	77454.0	25014.845454545455
	82036.0	26828.546753246752
	82396.0	29277.572727272727
	83160.0	27282.763636363637
	83432.0	28699.47878787879
	84122.0	23787.16363636364
	84360.0	27862.57878787879
	84474.0	23675.98181818182
	85560.0	28286.69090909091
	86110.0	26657.48051948052
	87654.0	27153.38051948052
	87686.0	27529.045454545456
	89666.0	22513.372727272726
	90026.0	27716.48181818182
	90260.0	29000.59696969697
	90610.0	26255.614285714288
	91126.0	26627.072727272727
	91722.0	26156.1
	91800.0	28554.97272727273
	93698.0	26097.46363636364
	94982.0	27144.946753246753
	95568.0	26492.158441558444
	96380.0	26315.946753246753
	98460.0	25432.325974025975
	98678.0	25445.602597402598
	99398.0	27583.01818181818
	99436.0	26208.309090909093
	99546.0	26808.468831168833
	99614.0	28474.536363636365
	99794.0	28396.348484848484
	100418.0	26797.036363636365
	100502.0	26634.49090909091
	100538.0	26248.863636363636
	100766.0	26454.17012987013
	100848.0	26250.545454545456
	101384.0	28840.154545454545
	101420.0	26510.127272727274
	101442.0	26516.770129870132
	101798.0	27836.178787878787
	102520.0	28902.88484848485
	103166.0	26174.254545454547
	103290.0	29329.754545454547
	103368.0	28079.109090909093
	103572.0	28193.06666666667
	103622.0	27464.263636363637
	103710.0	26351.524675324676
	103760.0	28590.766666666666
	104106.0	25949.15454545455
	104158.0	27725.47272727273
	104258.0	27259.336363636365
	104366.0	27027.909090909092
	104636.0	25276.624675324678
	105520.0	28869.148484848483
	105550.0	22251.6
	106304.0	24285.436363636363
	106418.0	27171.54805194805
	106510.0	21939.300000000003
	107094.0	27413.354545454546
	107624.0	25342.05844155844
	107826.0	27964.136363636364
	108040.0	26578.590909090908
	108754.0	24322.736363636366
	108970.0	29237.70909090909
	109296.0	25555.602597402598
	109738.0	24382.254545454547
	109860.0	25578.702597402596
	109918.0	24208.745454545457
	110318.0	28002.236363636366
	111386.0	23129.254545454547
	111588.0	27503.163636363635
	112254.0	24973.045454545456
	112520.0	25795.336363636365
	112682.0	28205.78484848485
	112718.0	26483.272727272728
	113682.0	26975.4
	113720.0	24424.646753246754
	114556.0	25525.714285714286
	115268.0	28582.042424242427
	117108.0	23885.600000000002
	117910.0	24812.845454545455
	120146.0	24919.714285714286
	123134.0	26374.0
	124446.0	23992.8025974026
	125262.0	21697.427272727273
	125666.0	24731.027272727275
	127856.0	23907.136363636364
	133358.0	24523.2
	133686.0	25308.681818181816


	61274.0	30800.145454545454
	61648.0	30130.678787878787
	63044.0	25685.027272727275
	68334.0	28074.309090909093
	68338.0	30400.38181818182
	68532.0	28457.909090909092
	68666.0	28314.445454545457
	68808.0	31095.69090909091
	69318.0	30200.37272727273
	69632.0	28560.69090909091
	69734.0	29032.827272727274
	70560.0	28357.29090909091
	71216.0	30479.103030303027
	71570.0	26931.045454545456
	71598.0	28506.754545454547
	71982.0	28431.5025974026
	72028.0	27283.046753246752
	72072.0	28300.466666666667
	72430.0	28367.627272727274
	72518.0	28931.96363636364
	72778.0	30448.036363636365
	72868.0	27577.246753246753
	72892.0	27671.458441558443
	73388.0	26830.124675324678
	73472.0	27485.424675324677
	73574.0	25611.236363636366
	74068.0	30440.39090909091
	74502.0	27545.35844155844
	75150.0	25300.736363636366
	75258.0	27251.363636363636
	75746.0	27417.98051948052
	76552.0	28020.39090909091
	76760.0	27775.38181818182
	77038.0	26883.38051948052
	77412.0	27162.32727272727
	77434.0	30132.936363636363
	77448.0	24959.045454545456
	77870.0	27235.045454545456
	79134.0	27360.55844155844
	79252.0	31442.264462809915
	79288.0	29390.34545454545
	79446.0	26908.524675324676
	80028.0	29969.27878787879
	80282.0	29602.99090909091
	80788.0	26712.67272727273
	81060.0	26878.090909090908
	82560.0	30281.48181818182
	83780.0	29067.0
	84122.0	23787.16363636364
	84474.0	23675.98181818182
	86010.0	29709.99090909091
	86016.0	26496.636363636364
	88014.0	29502.060606060608
	88770.0	26392.49090909091
	89666.0	22513.372727272726
	89756.0	26077.458441558443
	92280.0	25904.00909090909
	94126.0	25722.272727272728
	97292.0	26208.354545454546
	102684.0	24996.01818181818
	104106.0	25949.15454545455
	104636.0	25276.624675324678
	105520.0	28869.148484848483
	105550.0	22251.6
	106304.0	24285.436363636363
	106418.0	27171.54805194805
	106510.0	21939.300000000003
	107094.0	27413.354545454546
	107624.0	25342.05844155844
	107826.0	27964.136363636364
	108040.0	26578.590909090908
	108754.0	24322.736363636366
	108970.0	29237.70909090909
	109296.0	25555.602597402598
	109738.0	24382.254545454547
	109860.0	25578.702597402596
	109918.0	24208.745454545457
	110318.0	28002.236363636366
	111386.0	23129.254545454547
	111588.0	27503.163636363635
	112254.0	24973.045454545456
	112520.0	25795.336363636365
	112682.0	28205.78484848485
	112718.0	26483.272727272728
	113682.0	26975.4
	113720.0	24424.646753246754
	114556.0	25525.714285714286
	114942.0	25002.78051948052
	115268.0	28582.042424242427
	117108.0	23885.600000000002
	117910.0	24812.845454545455
	120146.0	24919.714285714286
	123134.0	26374.0
	124446.0	23992.8025974026
	125262.0	21697.427272727273
	125666.0	24731.027272727275
	127856.0	23907.136363636364
	133358.0	24523.2
	133686.0	25308.681818181816
	149168.0	24251.763636363637


	58522.0	31729.138016528927
	61274.0	30800.145454545454
	61648.0	30130.678787878787
	62876.0	27489.424675324677
	63044.0	25685.027272727275
	68808.0	31095.69090909091
	69318.0	30200.37272727273
	69632.0	28560.69090909091
	69734.0	29032.827272727274
	70380.0	29645.196969696968
	70560.0	28357.29090909091
	71256.0	27239.346753246755
	73518.0	30499.951239669423
	73574.0	25611.236363636366
	75150.0	25300.736363636366
	76368.0	30909.427272727273
	76678.0	27903.86883116883
	77294.0	28245.88484848485
	77448.0	24959.045454545456
	78094.0	27279.31428571429
	79222.0	32410.15454545455
	82462.0	27440.39090909091
	83274.0	28090.466666666667
	84122.0	23787.16363636364
	84188.0	29507.584848484847
	84474.0	23675.98181818182
	85546.0	26551.524675324676
	85936.0	30551.038016528924
	86762.0	26749.081818181818
	86944.0	28600.745454545453
	87366.0	27958.554545454546
	88906.0	28445.445454545457
	88918.0	26980.845454545455
	89666.0	22513.372727272726
	89756.0	26077.458441558443
	95378.0	25194.202597402596
	95562.0	25529.28051948052
	96410.0	25672.602597402598
	96560.0	24758.603896103898
	97292.0	26208.354545454546
	97352.0	25522.136363636364
	97356.0	25070.9
	97898.0	24973.563636363637
	98308.0	27088.98181818182
	98878.0	28010.46060606061
	100652.0	24694.418181818182
	101080.0	25282.527272727275
	101360.0	24671.309090909093
	101934.0	24864.236363636366
	102168.0	25217.458441558443
	102684.0	24996.01818181818
	103012.0	24469.345454545455
	103122.0	24149.236363636366
	103826.0	24785.627272727274
	104106.0	25949.15454545455
	104364.0	27365.9
	104636.0	25276.624675324678
	105520.0	28869.148484848483
	105550.0	22251.6
	105898.0	27261.7
	106304.0	24285.436363636363
	106418.0	27171.54805194805
	106510.0	21939.300000000003
	107094.0	27413.354545454546
	107624.0	25342.05844155844
	107826.0	27964.136363636364
	108004.0	26475.5025974026
	108040.0	26578.590909090908
	108754.0	24322.736363636366
	108970.0	29237.70909090909
	109296.0	25555.602597402598
	109738.0	24382.254545454547
	109860.0	25578.702597402596
	109918.0	24208.745454545457
	110318.0	28002.236363636366
	111324.0	26211.024675324676
	111588.0	27503.163636363635
	112254.0	24973.045454545456
	112520.0	25795.336363636365
	112682.0	28205.78484848485
	112718.0	26483.272727272728
	113682.0	26975.4
	113720.0	24424.646753246754
	114556.0	25525.714285714286
	114942.0	25002.78051948052
	115268.0	28582.042424242427
	117108.0	23885.600000000002
	117910.0	24812.845454545455
	118422.0	24172.31428571429
	119492.0	21408.081818181818
	120146.0	24919.714285714286
	120264.0	26595.818181818184
	121352.0	26399.55844155844
	123134.0	26374.0
	124446.0	23992.8025974026
	125666.0	24731.027272727275
	127856.0	23907.136363636364
	133358.0	24523.2
	133686.0	25308.681818181816
	149168.0	24251.763636363637


	58522.0	31729.138016528927
	61274.0	30800.145454545454
	61648.0	30130.678787878787
	62854.0	29905.878787878788
	62876.0	27489.424675324677
	63044.0	25685.027272727275
	69960.0	28314.427272727273
	70380.0	29645.196969696968
	70428.0	28371.909090909092
	70560.0	28357.29090909091
	71256.0	27239.346753246755
	71510.0	28429.609090909093
	71764.0	27713.666666666668
	72120.0	30287.98181818182
	73518.0	30499.951239669423
	73574.0	25611.236363636366
	74900.0	29250.696969696968
	75012.0	30012.572727272727
	75150.0	25300.736363636366
	76594.0	26297.763636363637
	77198.0	26573.924675324677
	77448.0	24959.045454545456
	81130.0	26551.4
	82432.0	25928.654545454545
	82528.0	26447.48051948052
	83092.0	25834.96363636364
	84122.0	23787.16363636364
	84474.0	23675.98181818182
	85154.0	27182.545454545456
	85592.0	26098.663636363635
	86164.0	25725.28051948052
	87172.0	26023.936363636363
	87744.0	26158.51818181818
	87804.0	26502.0025974026
	88934.0	28018.79090909091
	89666.0	22513.372727272726
	89906.0	27032.346753246755
	90382.0	28528.909090909092
	90494.0	25882.19220779221
	91060.0	25731.036363636365
	92062.0	25443.414285714287
	92280.0	25904.00909090909
	92842.0	27393.072727272727
	92898.0	26799.6
	93092.0	30742.043801652893
	94126.0	25722.272727272728
	94240.0	25735.78181818182
	94492.0	24556.96363636364
	95268.0	25100.336363636365
	95478.0	24666.527272727275
	99242.0	27673.7
	99886.0	24702.01818181818
	100662.0	22192.418181818182
	100704.0	24288.645454545454
	101234.0	24528.4
	101548.0	24222.036363636365
	101998.0	22176.863636363636
	102342.0	23002.427272727273
	102554.0	24070.327272727274
	102646.0	24102.027272727275
	106050.0	23965.99090909091
	106314.0	23747.263636363637
	106402.0	25249.336363636365
	106510.0	21939.300000000003
	107916.0	23764.027272727275
	108036.0	23051.136363636364
	108408.0	21706.454545454544
	109188.0	27383.060606060608
	109372.0	21456.754545454547
	111386.0	23129.254545454547
	112254.0	24973.045454545456
	112520.0	25795.336363636365
	112682.0	28205.78484848485
	112718.0	26483.272727272728
	113682.0	26975.4
	113720.0	24424.646753246754
	114500.0	25912.768831168833
	114556.0	25525.714285714286
	114942.0	25002.78051948052
	115268.0	28582.042424242427
	115416.0	25185.254545454547
	116058.0	22375.845454545455
	117108.0	23885.600000000002
	117910.0	24812.845454545455
	118422.0	24172.31428571429
	119492.0	21408.081818181818
	120146.0	24919.714285714286
	120264.0	26595.818181818184
	120526.0	22349.181818181816
	121352.0	26399.55844155844
	123134.0	26374.0
	124446.0	23992.8025974026
	125262.0	21697.427272727273
	125666.0	24731.027272727275
	126048.0	23647.227272727272
	127856.0	23907.136363636364
	132166.0	22482.363636363636
	133358.0	24523.2
	133686.0	25308.681818181816
	149168.0	24251.763636363637


	57998.0	32805.318181818184
	58522.0	31729.138016528927
	58662.0	29883.203030303033
	62876.0	27489.424675324677
	63044.0	25685.027272727275
	70742.0	29666.345454545455
	71764.0	27713.666666666668
	72120.0	30287.98181818182
	72302.0	27637.00909090909
	73518.0	30499.951239669423
	73574.0	25611.236363636366
	73746.0	27724.163636363635
	74182.0	27539.124675324678
	74900.0	29250.696969696968
	75012.0	30012.572727272727
	75150.0	25300.736363636366
	75994.0	27012.85844155844
	76006.0	27900.063636363637
	76468.0	24964.436363636363
	77346.0	28069.29696969697
	77448.0	24959.045454545456
	77986.0	29077.60303030303
	78524.0	30115.336363636365
	79726.0	28443.590909090908
	82064.0	27017.602597402598
	82538.0	26849.8025974026
	82696.0	23494.363636363636
	83504.0	26392.5025974026
	84086.0	27032.69090909091
	86054.0	27202.402597402597
	86792.0	30107.67272727273
	87754.0	25294.527272727275
	87972.0	25288.127272727274
	88966.0	27432.466666666667
	88982.0	27629.102597402598
	89036.0	29050.666666666668
	89044.0	27661.263636363637
	89510.0	25562.05844155844
	89654.0	24992.245454545457
	89666.0	22513.372727272726
	89750.0	28744.396969696973
	89950.0	24930.125974025974
	90052.0	25465.225974025976
	91004.0	25314.436363636363
	91044.0	28014.800000000003
	91650.0	25020.336363636365
	92238.0	25419.102597402598
	92292.0	28978.084848484847
	92484.0	25012.114285714288
	92712.0	26141.958441558443
	93230.0	24980.627272727274
	93392.0	24994.214285714286
	93538.0	26193.99090909091
	94542.0	26627.609090909093
	94704.0	27785.88051948052
	95668.0	24372.7
	96806.0	26170.118181818183
	96848.0	28117.896969696973
	97912.0	29115.47878787879
	100102.0	25657.65454545455
	100144.0	22184.46363636364
	101754.0	25592.214285714286
	101998.0	22176.863636363636
	103222.0	26375.045454545456
	103792.0	21770.681818181816
	108408.0	21706.454545454544
	109188.0	27383.060606060608
	109372.0	21456.754545454547
	110314.0	24262.572727272727
	112254.0	24973.045454545456
	112520.0	25795.336363636365
	112682.0	28205.78484848485
	112718.0	26483.272727272728
	113682.0	26975.4
	113720.0	24424.646753246754
	114500.0	25912.768831168833
	114556.0	25525.714285714286
	114942.0	25002.78051948052
	115268.0	28582.042424242427
	115416.0	25185.254545454547
	116808.0	26447.081818181818
	117108.0	23885.600000000002
	117910.0	24812.845454545455
	117986.0	26362.99090909091
	118422.0	24172.31428571429
	119492.0	21408.081818181818
	120146.0	24919.714285714286
	120264.0	26595.818181818184
	121352.0	26399.55844155844
	122292.0	22976.227272727272
	123134.0	26374.0
	124446.0	23992.8025974026
	125666.0	24731.027272727275
	126048.0	23647.227272727272
	127856.0	23907.136363636364
	132166.0	22482.363636363636
	133358.0	24523.2
	133686.0	25308.681818181816
	147940.0	24532.54805194805
	149168.0	24251.763636363637


	57998.0	32805.318181818184
	58038.0	28486.363636363636
	62876.0	27489.424675324677
	63044.0	25685.027272727275
	64724.0	32072.15123966942
	66712.0	29018.99090909091
	66840.0	30541.69090909091
	67062.0	28584.648484848483
	67248.0	28686.745454545453
	68910.0	30703.424793388433
	68982.0	29575.50303030303
	69946.0	27694.936363636363
	70536.0	27285.18051948052
	70846.0	27127.88181818182
	72024.0	27936.927272727273
	72302.0	27637.00909090909
	72588.0	29097.09696969697
	73066.0	26687.824675324675
	73518.0	30499.951239669423
	73574.0	25611.236363636366
	73746.0	27724.163636363635
	73874.0	28162.145454545454
	74182.0	27539.124675324678
	74294.0	28559.00909090909
	74368.0	29466.836363636365
	74540.0	29058.09696969697
	74578.0	27526.627272727274
	74900.0	29250.696969696968
	75012.0	30012.572727272727
	75130.0	26792.97272727273
	75150.0	25300.736363636366
	75800.0	26270.736363636366
	75994.0	27012.85844155844
	76468.0	24964.436363636363
	76668.0	27032.424675324677
	77448.0	24959.045454545456
	77476.0	26148.227272727272
	77806.0	24128.454545454544
	77888.0	27911.727272727272
	78374.0	26778.902597402597
	78410.0	28437.47878787879
	78646.0	28283.878787878788
	78792.0	26229.124675324678
	81130.0	28344.227272727272
	81752.0	27950.38484848485
	82426.0	25637.702597402596
	82696.0	23494.363636363636
	82804.0	31051.317355371903
	82988.0	25706.68051948052
	83218.0	26576.924675324677
	84074.0	27063.05844155844
	84548.0	26445.454545454544
	84616.0	26161.8025974026
	84712.0	25218.625974025974
	85838.0	27571.081818181818
	85978.0	28825.145454545454
	86006.0	25678.136363636364
	86162.0	28795.678787878787
	86836.0	25601.5025974026
	86970.0	24800.445454545457
	89070.0	29539.845454545455
	89666.0	22513.372727272726
	90696.0	27246.218181818185
	91178.0	26183.036363636365
	91286.0	24761.036363636365
	91388.0	25692.29220779221
	91860.0	27217.063636363637
	92166.0	21739.28181818182
	92192.0	29203.696969696968
	92770.0	24552.718181818185
	93728.0	24421.336363636365
	96380.0	23801.50909090909
	96552.0	28331.527272727275
	97058.0	24054.7
	98488.0	23957.654545454545
	98838.0	26290.936363636363
	99864.0	24291.836363636365
	100512.0	24847.08051948052
	100544.0	23546.354545454546
	100582.0	23716.054545454546
	100814.0	23474.336363636365
	100992.0	23404.372727272726
	101666.0	23993.909090909092
	103446.0	26643.563636363637
	103490.0	26168.49090909091
	103826.0	24570.154545454545
	104944.0	20904.51818181818
	107056.0	24319.824675324675
	107916.0	23764.027272727275
	108036.0	23051.136363636364
	111386.0	23129.254545454547
	113958.0	22309.845454545455
	115598.0	22170.97272727273
	116058.0	22375.845454545455
	120526.0	22349.181818181816
	124004.0	22139.136363636364
	133358.0	24523.2
	133686.0	25308.681818181816
	147940.0	24532.54805194805
	149168.0	24251.763636363637


	57998.0	32805.318181818184
	58038.0	28486.363636363636
	62876.0	27489.424675324677
	63044.0	25685.027272727275
	64724.0	32072.15123966942
	66688.0	28546.46883116883
	67034.0	29460.49090909091
	67228.0	28447.145454545454
	67232.0	28277.32727272727
	67308.0	28404.046753246752
	67466.0	28043.627272727274
	67972.0	26964.85844155844
	68104.0	30997.58181818182
	68326.0	30036.638016528927
	68910.0	30703.424793388433
	68982.0	29575.50303030303
	69314.0	30552.038016528924
	69522.0	28479.927272727273
	69530.0	26710.563636363637
	69586.0	27622.863636363636
	69946.0	27694.936363636363
	70536.0	27285.18051948052
	70918.0	26705.663636363635
	71518.0	26463.454545454544
	72282.0	26990.57272727273
	73240.0	27684.29090909091
	73574.0	25611.236363636366
	73650.0	25993.014285714286
	75150.0	25300.736363636366
	76468.0	24964.436363636363
	77138.0	26128.836363636365
	77448.0	24959.045454545456
	77806.0	24128.454545454544
	78012.0	27894.090909090908
	78042.0	30132.136363636364
	78812.0	25954.836363636365
	79356.0	26392.46363636364
	79610.0	25765.563636363637
	79802.0	29923.424793388433
	81828.0	26934.3025974026
	82540.0	27880.081818181818
	82696.0	23494.363636363636
	82698.0	30198.58181818182
	83072.0	26132.758441558442
	84332.0	26280.39090909091
	84492.0	27003.57272727273
	85686.0	28472.181818181816
	86982.0	26588.609090909093
	87634.0	27011.88181818182
	88136.0	27114.32727272727
	89666.0	22513.372727272726
	90510.0	26162.324675324675
	90696.0	27246.218181818185
	91178.0	26183.036363636365
	91654.0	27322.954545454544
	91860.0	27217.063636363637
	92166.0	21739.28181818182
	92192.0	29203.696969696968
	92770.0	24552.718181818185
	93728.0	24421.336363636365
	94186.0	24385.345454545455
	94310.0	24297.654545454545
	96552.0	28331.527272727275
	97032.0	28374.36666666667
	97058.0	24054.7
	97250.0	23613.47272727273
	98488.0	23957.654545454545
	98764.0	23803.027272727275
	98838.0	26290.936363636363
	99020.0	28263.47272727273
	99104.0	26942.909090909092
	99864.0	24291.836363636365
	99950.0	24847.51818181818
	100512.0	24847.08051948052
	100582.0	23716.054545454546
	100814.0	23474.336363636365
	100992.0	23404.372727272726
	101666.0	23993.909090909092
	102716.0	25730.568831168832
	103446.0	26643.563636363637
	103490.0	26168.49090909091
	103826.0	24570.154545454545
	104944.0	20904.51818181818
	107056.0	24319.824675324675
	107212.0	22678.109090909093
	107916.0	23764.027272727275
	108036.0	23051.136363636364
	110706.0	22818.50909090909
	111386.0	23129.254545454547
	111422.0	25642.146753246754
	113958.0	22309.845454545455
	115552.0	23714.663636363635
	115598.0	22170.97272727273
	116058.0	22375.845454545455
	120526.0	22349.181818181816
	124004.0	22139.136363636364
	133358.0	24523.2
	133686.0	25308.681818181816
	147940.0	24532.54805194805
	149168.0	24251.763636363637


	57998.0	32805.318181818184
	58038.0	28486.363636363636
	62876.0	27489.424675324677
	63044.0	25685.027272727275
	72270.0	29045.39090909091
	72752.0	28935.77878787879
	73574.0	25611.236363636366
	73746.0	27724.163636363635
	73788.0	26050.036363636365
	74248.0	27478.124675324678
	74566.0	30845.99090909091
	75124.0	27933.79090909091
	75150.0	25300.736363636366
	75216.0	27728.345454545455
	75792.0	26517.636363636364
	76468.0	24964.436363636363
	77306.0	28707.29090909091
	77348.0	26606.663636363635
	77448.0	24959.045454545456
	77806.0	24128.454545454544
	78862.0	29130.854545454546
	80758.0	27497.627272727274
	80874.0	27482.427272727273
	81660.0	26357.424675324677
	82470.0	26136.554545454546
	82696.0	23494.363636363636
	82788.0	26800.28181818182
	83172.0	28575.57878787879
	83192.0	26504.924675324677
	83804.0	27139.360606060607
	84408.0	22410.97272727273
	85120.0	26736.245454545453
	85976.0	26629.98181818182
	87902.0	29312.666666666668
	88638.0	27492.268831168833
	89522.0	25504.114285714288
	89954.0	21572.29090909091
	90668.0	26907.418181818182
	91178.0	26183.036363636365
	91216.0	26693.70909090909
	91252.0	29319.909090909092
	91286.0	24761.036363636365
	91388.0	25692.29220779221
	91628.0	25790.254545454547
	91654.0	27322.954545454544
	91860.0	27217.063636363637
	92192.0	29203.696969696968
	92770.0	24552.718181818185
	93590.0	24239.045454545456
	93728.0	24421.336363636365
	94186.0	24385.345454545455
	94310.0	24297.654545454545
	95770.0	25697.218181818185
	96380.0	23801.50909090909
	96510.0	26169.4
	96552.0	28331.527272727275
	97032.0	28374.36666666667
	97058.0	24054.7
	97276.0	26755.563636363637
	97710.0	25108.454545454544
	98488.0	23957.654545454545
	98764.0	23803.027272727275
	98838.0	26290.936363636363
	98984.0	25886.148051948054
	99020.0	28263.47272727273
	99104.0	26942.909090909092
	99864.0	24291.836363636365
	99926.0	24314.609090909093
	99950.0	24847.51818181818
	100512.0	24847.08051948052
	100582.0	23716.054545454546
	100594.0	26400.424675324677
	100974.0	26013.48051948052
	101276.0	26158.16883116883
	101560.0	25229.55844155844
	101666.0	23993.909090909092
	102716.0	25730.568831168832
	103446.0	26643.563636363637
	103490.0	26168.49090909091
	103562.0	25701.236363636366
	103826.0	24570.154545454545
	104484.0	23558.89090909091
	104944.0	20904.51818181818
	107056.0	24319.824675324675
	107916.0	23764.027272727275
	108036.0	23051.136363636364
	110706.0	22818.50909090909
	111386.0	23129.254545454547
	111422.0	25642.146753246754
	111576.0	24649.409090909092
	114530.0	25781.602597402598
	115530.0	22336.536363636365
	115552.0	23714.663636363635
	116058.0	22375.845454545455
	120526.0	22349.181818181816
	127936.0	25403.227272727272
	133358.0	24523.2
	133686.0	25308.681818181816
	147940.0	24532.54805194805
	149168.0	24251.763636363637


	57998.0	32805.318181818184
	58038.0	28486.363636363636
	62876.0	27489.424675324677
	63044.0	25685.027272727275
	64614.0	30772.836363636365
	67482.0	28359.109090909093
	67972.0	26964.85844155844
	68104.0	30997.58181818182
	68648.0	28141.163636363635
	68814.0	29676.6
	71236.0	28416.966666666667
	71576.0	26149.658441558444
	71678.0	27309.772727272728
	72918.0	28596.681818181816
	73066.0	25916.836363636365
	73232.0	26000.336363636365
	73574.0	25611.236363636366
	74448.0	23945.745454545457
	74566.0	30845.99090909091
	75124.0	27933.79090909091
	77172.0	25975.902597402597
	78420.0	25687.136363636364
	79096.0	25640.98051948052
	79456.0	25551.68051948052
	79804.0	25897.98051948052
	79828.0	27152.124675324678
	80026.0	25754.0025974026
	80208.0	26142.268831168833
	80226.0	25936.054545454546
	80286.0	25597.35844155844
	80676.0	25750.08051948052
	80968.0	28509.572727272727
	81274.0	25545.68051948052
	81376.0	27743.109090909093
	82696.0	23494.363636363636
	82982.0	25443.863636363636
	83298.0	25410.38051948052
	84408.0	22410.97272727273
	84902.0	29220.854545454546
	85038.0	26807.1
	85468.0	25560.458441558443
	85670.0	27467.346753246755
	85792.0	29529.427272727273
	86836.0	25601.5025974026
	86970.0	24800.445454545457
	87186.0	25147.536363636365
	87462.0	24758.258441558442
	87626.0	24013.054545454546
	88282.0	25655.48051948052
	88284.0	28515.854545454546
	88320.0	25695.614285714288
	88474.0	24331.436363636363
	89238.0	25011.8025974026
	89430.0	24533.736363636366
	89510.0	25296.98051948052
	89872.0	25489.336363636365
	89954.0	21572.29090909091
	90620.0	27739.984848484848
	92318.0	24422.427272727273
	92704.0	26292.936363636363
	93470.0	24079.51818181818
	94208.0	26567.202597402596
	94366.0	23993.70909090909
	94642.0	27299.181818181816
	94972.0	23755.17272727273
	95636.0	27899.084848484847
	97250.0	23613.47272727273
	97386.0	26175.324675324675
	97754.0	28581.59696969697
	99828.0	30023.99090909091
	99934.0	26088.090909090908
	100544.0	23546.354545454546
	100808.0	23626.19090909091
	100814.0	23474.336363636365
	100992.0	23404.372727272726
	101466.0	23766.236363636366
	101490.0	23684.97272727273
	104944.0	20904.51818181818
	105708.0	25296.227272727272
	106478.0	24483.136363636364
	107212.0	22678.109090909093
	110706.0	22818.50909090909
	111386.0	23129.254545454547
	111422.0	25642.146753246754
	111576.0	24649.409090909092
	111786.0	25006.702597402596
	113292.0	25179.524675324676
	113958.0	22309.845454545455
	114530.0	25781.602597402598
	115530.0	22336.536363636365
	115552.0	23714.663636363635
	115598.0	22170.97272727273
	116058.0	22375.845454545455
	120526.0	22349.181818181816
	124004.0	22139.136363636364
	127936.0	25403.227272727272
	133358.0	24523.2
	133686.0	25308.681818181816
	147940.0	24532.54805194805
	149168.0	24251.763636363637


	57998.0	32805.318181818184
	58038.0	28486.363636363636
	61648.0	30130.678787878787
	62876.0	27489.424675324677
	63044.0	25685.027272727275
	68814.0	29676.6
	70584.0	30951.89090909091
	70860.0	31094.336363636365
	72666.0	27679.346753246755
	73142.0	26570.081818181818
	73574.0	25611.236363636366
	74092.0	27859.79090909091
	74448.0	23945.745454545457
	74782.0	27037.99090909091
	75832.0	27160.96363636364
	76136.0	30792.145454545454
	76608.0	29496.29696969697
	77694.0	28345.00909090909
	78068.0	27487.909090909092
	79696.0	28670.96060606061
	79828.0	27152.124675324678
	82696.0	23494.363636363636
	84408.0	22410.97272727273
	85188.0	27100.581818181818
	85288.0	29818.38181818182
	85636.0	27724.363636363636
	88036.0	26270.28051948052
	89278.0	28530.99696969697
	89872.0	25489.336363636365
	89954.0	21572.29090909091
	90620.0	27739.984848484848
	92704.0	26292.936363636363
	92898.0	23439.572727272727
	93106.0	27552.245454545453
	93356.0	23879.554545454546
	93470.0	24079.51818181818
	93648.0	25301.48181818182
	93826.0	26932.424675324677
	94208.0	26567.202597402596
	94366.0	23993.70909090909
	94508.0	23719.863636363636
	94642.0	27299.181818181816
	94972.0	23755.17272727273
	95636.0	27899.084848484847
	96330.0	23486.354545454546
	96356.0	25460.745454545457
	97250.0	23613.47272727273
	97386.0	26175.324675324675
	97584.0	23459.054545454546
	97754.0	28581.59696969697
	97868.0	22719.66363636364
	98046.0	22993.96363636364
	98262.0	23372.65454545455
	98730.0	22970.863636363636
	99828.0	30023.99090909091
	99934.0	26088.090909090908
	100544.0	23546.354545454546
	100808.0	23626.19090909091
	100814.0	23474.336363636365
	100992.0	23404.372727272726
	101126.0	22429.445454545457
	101294.0	21410.318181818184
	101466.0	23766.236363636366
	101490.0	23684.97272727273
	101916.0	22457.054545454546
	104944.0	20904.51818181818
	105240.0	23788.618181818183
	105708.0	25296.227272727272
	106312.0	25767.08051948052
	106454.0	24435.714285714286
	106478.0	24483.136363636364
	106976.0	24265.918181818182
	107212.0	22678.109090909093
	108898.0	23300.354545454546
	109374.0	23858.89090909091
	110706.0	22818.50909090909
	111386.0	23129.254545454547
	111422.0	25642.146753246754
	111576.0	24649.409090909092
	111786.0	25006.702597402596
	113292.0	25179.524675324676
	113958.0	22309.845454545455
	114530.0	25781.602597402598
	115406.0	24736.618181818183
	115530.0	22336.536363636365
	115552.0	23714.663636363635
	115598.0	22170.97272727273
	116058.0	22375.845454545455
	116764.0	23807.827272727274
	118072.0	22418.272727272728
	120526.0	22349.181818181816
	120550.0	25589.818181818184
	120716.0	23476.081818181818
	122860.0	24777.327272727274
	124004.0	22139.136363636364
	127936.0	25403.227272727272
	133358.0	24523.2
	133686.0	25308.681818181816
	147940.0	24532.54805194805
	149168.0	24251.763636363637


	57998.0	32805.318181818184
	58038.0	28486.363636363636
	58836.0	32749.263636363637
	58932.0	31089.48181818182
	60524.0	29753.678787878787
	61274.0	30800.145454545454
	62876.0	27489.424675324677
	63044.0	25685.027272727275
	63698.0	29805.18484848485
	64352.0	30166.627272727274
	64724.0	32072.15123966942
	64736.0	29604.59696969697
	65596.0	29389.49696969697
	65730.0	29285.68484848485
	67742.0	27851.00909090909
	70866.0	28378.68484848485
	71450.0	30628.99090909091
	72666.0	27679.346753246755
	73142.0	26570.081818181818
	73574.0	25611.236363636366
	74448.0	23945.745454545457
	74594.0	28247.127272727274
	76356.0	27036.772727272728
	76584.0	28574.49696969697
	76882.0	28043.99090909091
	78012.0	27894.090909090908
	78068.0	27487.909090909092
	78096.0	26787.48051948052
	80002.0	27385.46363636364
	81792.0	27553.527272727275
	82696.0	23494.363636363636
	82882.0	26407.48181818182
	83152.0	27969.1
	83758.0	27265.845454545455
	84408.0	22410.97272727273
	84892.0	26005.154545454545
	85848.0	27897.89090909091
	87524.0	27815.67272727273
	87940.0	24710.96363636364
	88198.0	28376.00909090909
	89674.0	26970.08051948052
	89788.0	25454.245454545457
	89848.0	24948.409090909092
	89954.0	21572.29090909091
	90092.0	25153.572727272727
	90620.0	26616.18051948052
	91164.0	25251.181818181816
	92318.0	24422.427272727273
	92492.0	24281.527272727275
	94244.0	24320.736363636366
	94296.0	27015.7
	94764.0	26199.027272727275
	94802.0	20810.98181818182
	95264.0	26179.28051948052
	96608.0	25472.770129870132
	97030.0	24728.15454545455
	97826.0	23698.318181818184
	100814.0	23474.336363636365
	101466.0	23766.236363636366
	101490.0	23684.97272727273
	101916.0	22457.054545454546
	105240.0	23788.618181818183
	105708.0	25296.227272727272
	106312.0	25767.08051948052
	106454.0	24435.714285714286
	106478.0	24483.136363636364
	106510.0	21939.300000000003
	106976.0	24265.918181818182
	107212.0	22678.109090909093
	108898.0	23300.354545454546
	109036.0	25395.51818181818
	109374.0	23858.89090909091
	110706.0	22818.50909090909
	111386.0	23129.254545454547
	111422.0	25642.146753246754
	111576.0	24649.409090909092
	111786.0	25006.702597402596
	112860.0	21607.445454545457
	113292.0	25179.524675324676
	113958.0	22309.845454545455
	113968.0	21568.89090909091
	114530.0	25781.602597402598
	115406.0	24736.618181818183
	115530.0	22336.536363636365
	115552.0	23714.663636363635
	115598.0	22170.97272727273
	116058.0	22375.845454545455
	116764.0	23807.827272727274
	118072.0	22418.272727272728
	120526.0	22349.181818181816
	120550.0	25589.818181818184
	120716.0	23476.081818181818
	122860.0	24777.327272727274
	124004.0	22139.136363636364
	125262.0	21697.427272727273
	127936.0	25403.227272727272
	133358.0	24523.2
	133686.0	25308.681818181816
	147940.0	24532.54805194805
	149168.0	24251.763636363637


	57998.0	32805.318181818184
	58038.0	28486.363636363636
	62876.0	27489.424675324677
	63044.0	25685.027272727275
	64352.0	30166.627272727274
	64540.0	30676.627272727274
	65638.0	30461.68181818182
	66588.0	30576.390909090907
	68348.0	31647.064462809918
	70280.0	27957.609090909093
	70520.0	28184.49090909091
	70538.0	28696.96363636364
	70898.0	28039.49090909091
	71066.0	27318.768831168833
	72024.0	27936.927272727273
	72568.0	29379.696969696968
	72584.0	29325.178787878787
	72744.0	27081.446753246753
	73156.0	29176.109090909093
	73574.0	25611.236363636366
	73868.0	25024.636363636364
	74448.0	23945.745454545457
	74486.0	28928.2
	77172.0	25975.902597402597
	78012.0	27894.090909090908
	78272.0	26830.97272727273
	79148.0	28224.309090909093
	79222.0	32410.15454545455
	79340.0	26316.145454545454
	81056.0	26633.96363636364
	81146.0	26263.102597402598
	81496.0	28857.466666666667
	82696.0	23494.363636363636
	82876.0	26073.124675324678
	83902.0	28427.303030303032
	84210.0	29254.572727272727
	84408.0	22410.97272727273
	84630.0	29848.6
	84976.0	25929.68051948052
	86346.0	26783.51818181818
	87190.0	25407.48051948052
	87360.0	27249.360606060607
	87766.0	29074.19090909091
	87784.0	25604.414285714287
	87892.0	25315.536363636365
	88008.0	25622.836363636365
	88578.0	28347.86666666667
	88932.0	28033.06666666667
	89954.0	21572.29090909091
	92018.0	25574.224675324676
	92354.0	31809.218181818185
	94100.0	27646.1
	94296.0	27015.7
	94764.0	26199.027272727275
	94802.0	20810.98181818182
	95264.0	26179.28051948052
	96608.0	25472.770129870132
	97030.0	24728.15454545455
	97144.0	25148.414285714287
	100930.0	27123.745454545453
	101334.0	23440.645454545454
	101466.0	23766.236363636366
	101490.0	23684.97272727273
	105240.0	23788.618181818183
	105572.0	23173.090909090908
	105708.0	25296.227272727272
	106312.0	25767.08051948052
	106454.0	24435.714285714286
	106478.0	24483.136363636364
	106976.0	24265.918181818182
	107212.0	22678.109090909093
	108898.0	23300.354545454546
	109036.0	25395.51818181818
	109374.0	23858.89090909091
	110706.0	22818.50909090909
	111386.0	23129.254545454547
	111422.0	25642.146753246754
	111576.0	24649.409090909092
	111786.0	25006.702597402596
	113292.0	25179.524675324676
	113958.0	22309.845454545455
	114530.0	25781.602597402598
	115406.0	24736.618181818183
	115530.0	22336.536363636365
	115552.0	23714.663636363635
	115598.0	22170.97272727273
	116058.0	22375.845454545455
	116764.0	23807.827272727274
	118072.0	22418.272727272728
	120526.0	22349.181818181816
	120550.0	25589.818181818184
	120716.0	23476.081818181818
	122860.0	24777.327272727274
	124004.0	22139.136363636364
	125262.0	21697.427272727273
	127936.0	25403.227272727272
	133358.0	24523.2
	133686.0	25308.681818181816
	147940.0	24532.54805194805
	149168.0	24251.763636363637


	57268.0	27730.0
	58510.0	31615.138016528927
	58560.0	31484.538016528928
	58662.0	29883.203030303033
	58786.0	29163.27878787879
	58836.0	32749.263636363637
	60524.0	29753.678787878787
	61274.0	30800.145454545454
	62876.0	27489.424675324677
	63044.0	25685.027272727275
	63698.0	31547.32479338843
	64736.0	29604.59696969697
	67892.0	29428.99090909091
	69244.0	30541.338016528927
	69342.0	31513.638016528927
	70280.0	27957.609090909093
	70520.0	28184.49090909091
	71896.0	26070.28181818182
	73212.0	28605.109090909093
	73500.0	26676.88051948052
	73564.0	28631.309090909093
	73574.0	25611.236363636366
	73600.0	27126.824675324675
	73782.0	26402.524675324676
	73868.0	25024.636363636364
	74448.0	23945.745454545457
	74902.0	28231.90303030303
	75446.0	29101.2
	75830.0	26412.846753246755
	76990.0	27613.563636363637
	77748.0	26514.245454545453
	77908.0	26132.636363636364
	78862.0	29130.854545454546
	79886.0	26039.036363636365
	80592.0	26041.758441558442
	82526.0	25774.702597402596
	82696.0	23494.363636363636
	82862.0	26623.258441558442
	83542.0	27421.47878787879
	84408.0	22410.97272727273
	85638.0	25758.124675324678
	86230.0	25115.254545454547
	86564.0	25373.236363636366
	87268.0	27816.863636363636
	88500.0	25202.51818181818
	89954.0	21572.29090909091
	90272.0	23926.036363636365
	90558.0	28477.57878787879
	90984.0	24513.99090909091
	91198.0	24554.054545454546
	92716.0	24506.327272727274
	94334.0	26267.918181818182
	94802.0	20810.98181818182
	95996.0	27149.163636363635
	96162.0	26791.145454545454
	96200.0	26856.246753246753
	99000.0	25002.68051948052
	99358.0	26128.581818181818
	100684.0	25148.536363636365
	100704.0	25994.936363636363
	100992.0	23404.372727272726
	101106.0	24409.99090909091
	102136.0	27096.0
	105708.0	25296.227272727272
	106312.0	25767.08051948052
	106454.0	24435.714285714286
	106478.0	24483.136363636364
	106976.0	24265.918181818182
	107212.0	22678.109090909093
	107420.0	24299.39090909091
	107660.0	22433.9
	108898.0	23300.354545454546
	109036.0	25395.51818181818
	109350.0	24363.127272727274
	109374.0	23858.89090909091
	110706.0	22818.50909090909
	111386.0	23129.254545454547
	111422.0	25642.146753246754
	111576.0	24649.409090909092
	111786.0	25006.702597402596
	113292.0	25179.524675324676
	113958.0	22309.845454545455
	114530.0	25781.602597402598
	115406.0	24736.618181818183
	115530.0	22336.536363636365
	115552.0	23714.663636363635
	115598.0	22170.97272727273
	116058.0	22375.845454545455
	116764.0	23807.827272727274
	118072.0	22418.272727272728
	120526.0	22349.181818181816
	120550.0	25589.818181818184
	120716.0	23476.081818181818
	122860.0	24777.327272727274
	124004.0	22139.136363636364
	127936.0	25403.227272727272
	133358.0	24523.2
	133686.0	25308.681818181816
	147940.0	24532.54805194805
	149168.0	24251.763636363637


	57268.0	27730.0
	58230.0	27297.16883116883
	63044.0	25685.027272727275
	67524.0	29813.330578512396
	67932.0	26776.68051948052
	68436.0	26300.28181818182
	68464.0	29534.60303030303
	68724.0	28418.99090909091
	69134.0	26591.746753246753
	69782.0	27146.38051948052
	69942.0	25826.445454545457
	70200.0	25873.936363636363
	72002.0	26608.927272727273
	72460.0	25736.827272727274
	73212.0	28605.109090909093
	73292.0	26808.068831168832
	73574.0	25611.236363636366
	73702.0	25756.48181818182
	73724.0	25065.136363636364
	73868.0	25024.636363636364
	74448.0	23945.745454545457
	74612.0	25776.236363636366
	75250.0	28073.1
	76464.0	27196.79090909091
	76672.0	30660.845454545455
	78344.0	27273.20909090909
	79096.0	25640.98051948052
	80730.0	25623.418181818182
	80740.0	29714.527272727275
	81050.0	25443.958441558443
	81794.0	25591.458441558443
	82054.0	26440.16883116883
	82246.0	27512.28181818182
	82696.0	23494.363636363636
	83604.0	27368.354545454546
	84408.0	22410.97272727273
	84746.0	27458.584848484847
	84998.0	25685.3025974026
	85188.0	27100.581818181818
	85354.0	25106.245454545457
	86350.0	25708.08051948052
	86910.0	25039.536363636365
	87006.0	29115.754545454547
	89162.0	27531.109090909093
	89174.0	27513.47878787879
	89954.0	21572.29090909091
	90088.0	26300.527272727275
	90286.0	26360.436363636363
	90378.0	24003.245454545457
	90454.0	24699.636363636364
	90710.0	25109.927272727273
	93298.0	27766.945454545457
	93364.0	27310.063636363637
	94802.0	20810.98181818182
	95064.0	25223.327272727274
	95154.0	26168.300000000003
	97044.0	24882.714285714286
	97628.0	25837.224675324676
	97826.0	23698.318181818184
	99506.0	25432.109090909093
	100814.0	23474.336363636365
	101492.0	24414.46363636364
	101916.0	22457.054545454546
	102916.0	25336.636363636364
	104798.0	23978.300000000003
	106360.0	21823.718181818185
	106510.0	21939.300000000003
	108108.0	25101.263636363637
	109036.0	25395.51818181818
	109350.0	24363.127272727274
	109374.0	23858.89090909091
	110706.0	22818.50909090909
	111386.0	23129.254545454547
	111422.0	25642.146753246754
	111576.0	24649.409090909092
	111786.0	25006.702597402596
	112860.0	21607.445454545457
	113292.0	25179.524675324676
	113958.0	22309.845454545455
	113968.0	21568.89090909091
	114530.0	25781.602597402598
	115406.0	24736.618181818183
	115530.0	22336.536363636365
	115552.0	23714.663636363635
	115598.0	22170.97272727273
	116058.0	22375.845454545455
	116764.0	23807.827272727274
	118072.0	22418.272727272728
	120526.0	22349.181818181816
	120550.0	25589.818181818184
	120716.0	23476.081818181818
	122528.0	25696.85844155844
	122860.0	24777.327272727274
	124004.0	22139.136363636364
	125262.0	21697.427272727273
	127936.0	25403.227272727272
	133358.0	24523.2
	133686.0	25308.681818181816
	147940.0	24532.54805194805
	149168.0	24251.763636363637


	57268.0	27730.0
	58230.0	27297.16883116883
	61274.0	30800.145454545454
	61290.0	29233.77878787879
	62080.0	28723.484848484848
	63044.0	25685.027272727275
	64392.0	28595.272727272728
	72430.0	29452.878787878788
	73134.0	29205.88484848485
	73574.0	25611.236363636366
	73724.0	25065.136363636364
	73766.0	27720.89090909091
	73868.0	25024.636363636364
	74448.0	23945.745454545457
	79212.0	27867.572727272727
	82696.0	23494.363636363636
	83608.0	25705.954545454544
	84364.0	28524.245454545453
	84408.0	22410.97272727273
	87000.0	24077.945454545457
	87518.0	23837.363636363636
	87618.0	23715.16363636364
	88330.0	23675.89090909091
	89052.0	25474.28181818182
	89138.0	27254.49090909091
	89616.0	25015.58051948052
	89954.0	21572.29090909091
	89988.0	24993.654545454545
	89990.0	23335.354545454546
	90098.0	23544.763636363637
	91106.0	23929.5
	91854.0	23259.245454545457
	93032.0	26843.48181818182
	93550.0	25572.836363636365
	93864.0	25673.0025974026
	94264.0	25959.845454545455
	94802.0	20810.98181818182
	95136.0	26862.5
	95486.0	23409.227272727272
	96786.0	25487.55844155844
	97628.0	25837.224675324676
	97826.0	23698.318181818184
	98454.0	25501.363636363636
	98730.0	22970.863636363636
	99260.0	24024.345454545455
	99506.0	25432.109090909093
	100806.0	27992.484848484848
	100814.0	23474.336363636365
	101286.0	23322.5
	101492.0	24414.46363636364
	101916.0	22457.054545454546
	102656.0	24746.618181818183
	102916.0	25336.636363636364
	102954.0	23632.445454545457
	102956.0	20085.454545454544
	103864.0	22056.863636363636
	104266.0	24248.863636363636
	104798.0	23978.300000000003
	106360.0	21823.718181818185
	106436.0	21754.918181818182
	106510.0	21939.300000000003
	108108.0	25101.263636363637
	108378.0	22867.96363636364
	109036.0	25395.51818181818
	109350.0	24363.127272727274
	109374.0	23858.89090909091
	110706.0	22818.50909090909
	111084.0	21532.427272727273
	111386.0	23129.254545454547
	111422.0	25642.146753246754
	111576.0	24649.409090909092
	111786.0	25005.2
	111786.0	25006.702597402596
	112860.0	21607.445454545457
	113292.0	25179.524675324676
	113958.0	22309.845454545455
	113968.0	21568.89090909091
	114530.0	25781.602597402598
	115406.0	24736.618181818183
	115530.0	22336.536363636365
	115552.0	23714.663636363635
	115598.0	22170.97272727273
	116058.0	22375.845454545455
	116764.0	23807.827272727274
	118072.0	22418.272727272728
	120526.0	22349.181818181816
	120532.0	21069.954545454544
	120550.0	25589.818181818184
	120716.0	23476.081818181818
	122528.0	25696.85844155844
	122860.0	24777.327272727274
	123018.0	25350.536363636365
	124004.0	22139.136363636364
	125262.0	21697.427272727273
	127936.0	25403.227272727272
	128036.0	23659.836363636365
	133358.0	24523.2
	133686.0	25308.681818181816
	147940.0	24532.54805194805
	149168.0	24251.763636363637


	57268.0	27730.0
	58230.0	27297.16883116883
	58522.0	31729.138016528927
	63012.0	28760.77878787879
	63044.0	25685.027272727275
	63462.0	28773.763636363637
	70246.0	27651.70909090909
	70690.0	28275.346753246755
	72594.0	27007.602597402598
	73196.0	25060.027272727275
	73766.0	27720.89090909091
	73868.0	25024.636363636364
	74018.0	27105.563636363637
	74448.0	23945.745454545457
	75770.0	26022.0025974026
	76096.0	30758.34545454545
	76110.0	26061.0025974026
	76338.0	26944.50909090909
	77172.0	25975.902597402597
	78144.0	28142.7
	78690.0	28990.703030303033
	79738.0	27709.342424242423
	80676.0	25750.08051948052
	81044.0	25389.536363636365
	81846.0	28311.654545454545
	82572.0	24563.445454545457
	82696.0	23494.363636363636
	83042.0	26792.82727272727
	83530.0	25202.254545454547
	84408.0	22410.97272727273
	84696.0	24676.136363636364
	84746.0	27458.584848484847
	85082.0	26808.0
	86134.0	24625.227272727272
	86548.0	26075.79090909091
	86786.0	24232.627272727274
	87924.0	25659.81428571429
	88120.0	21030.19090909091
	89358.0	29260.50909090909
	90660.0	24512.654545454545
	90750.0	26418.545454545456
	91274.0	27197.081818181818
	92712.0	24374.936363636363
	93030.0	23051.254545454547
	93200.0	25324.424675324677
	93446.0	25088.436363636363
	94004.0	24480.545454545456
	94656.0	26325.5
	94802.0	20810.98181818182
	95092.0	27551.96060606061
	98006.0	22705.67272727273
	99918.0	27953.86666666667
	101126.0	22429.445454545457
	101666.0	21954.145454545454
	102954.0	23632.445454545457
	102956.0	20085.454545454544
	103864.0	22056.863636363636
	104178.0	21775.763636363637
	104266.0	24248.863636363636
	104798.0	23978.300000000003
	106360.0	21823.718181818185
	106510.0	21939.300000000003
	108108.0	25101.263636363637
	108378.0	22867.96363636364
	109036.0	25395.51818181818
	109350.0	24363.127272727274
	109374.0	23858.89090909091
	110706.0	22818.50909090909
	111084.0	21532.427272727273
	111386.0	23129.254545454547
	111422.0	25642.146753246754
	111576.0	24649.409090909092
	111786.0	25005.2
	111786.0	25006.702597402596
	112860.0	21607.445454545457
	113292.0	25179.524675324676
	113958.0	22309.845454545455
	113968.0	21568.89090909091
	114530.0	25781.602597402598
	115406.0	24736.618181818183
	115530.0	22336.536363636365
	115552.0	23714.663636363635
	115598.0	22170.97272727273
	116058.0	22375.845454545455
	116764.0	23807.827272727274
	118072.0	22418.272727272728
	120526.0	22349.181818181816
	120550.0	25589.818181818184
	120716.0	23476.081818181818
	122528.0	25696.85844155844
	122860.0	24777.327272727274
	123018.0	25350.536363636365
	124004.0	22139.136363636364
	125262.0	21697.427272727273
	127936.0	25403.227272727272
	128036.0	23659.836363636365
	133358.0	24523.2
	133686.0	25308.681818181816
	147940.0	24532.54805194805
	149168.0	24251.763636363637


	57268.0	27730.0
	58230.0	27297.16883116883
	63044.0	25685.027272727275
	64554.0	30786.336363636365
	67756.0	29906.00909090909
	69186.0	28795.809090909093
	69772.0	28961.703030303033
	71344.0	30411.736363636366
	72594.0	27007.602597402598
	73190.0	25228.38181818182
	73196.0	25060.027272727275
	73766.0	27720.89090909091
	73868.0	25024.636363636364
	74130.0	27563.854545454546
	74448.0	23945.745454545457
	74644.0	28860.49696969697
	75250.0	28073.1
	76048.0	28919.409090909092
	76836.0	26534.268831168833
	77522.0	28930.378787878788
	77812.0	30184.58181818182
	78130.0	27689.07272727273
	78748.0	27183.46363636364
	78806.0	26423.363636363636
	79940.0	25112.436363636363
	80248.0	30117.924793388433
	81058.0	27341.445454545457
	81058.0	30986.545454545456
	81282.0	26918.1
	82020.0	28888.045454545456
	82696.0	23494.363636363636
	84408.0	22410.97272727273
	84704.0	27049.846753246755
	84752.0	26920.300000000003
	85320.0	25779.324675324675
	85716.0	27417.772727272728
	85838.0	25704.68051948052
	86378.0	26106.968831168833
	86514.0	24592.263636363637
	86580.0	27430.82727272727
	86836.0	25601.5025974026
	86968.0	31082.977685950413
	88120.0	21030.19090909091
	88304.0	28817.97878787879
	89034.0	28873.19090909091
	89522.0	26116.424675324677
	90624.0	26736.902597402597
	91638.0	27560.563636363637
	94286.0	27025.31298701299
	94384.0	27332.590909090908
	94802.0	20810.98181818182
	96044.0	26280.2
	98156.0	24528.927272727273
	100658.0	26257.800000000003
	102046.0	26687.202597402596
	102248.0	29242.127272727274
	102956.0	20085.454545454544
	104266.0	24248.863636363636
	104588.0	24253.545454545456
	104798.0	23978.300000000003
	106360.0	21823.718181818185
	106510.0	21939.300000000003
	108108.0	25101.263636363637
	108378.0	22867.96363636364
	109036.0	25395.51818181818
	109230.0	26450.79090909091
	109350.0	24363.127272727274
	109374.0	23858.89090909091
	110706.0	22818.50909090909
	111386.0	23129.254545454547
	111422.0	25642.146753246754
	111576.0	24649.409090909092
	111786.0	25005.2
	111786.0	25006.702597402596
	112860.0	21607.445454545457
	113292.0	25179.524675324676
	113958.0	22309.845454545455
	113968.0	21568.89090909091
	114530.0	25781.602597402598
	115406.0	24736.618181818183
	115530.0	22336.536363636365
	115552.0	23714.663636363635
	115598.0	22170.97272727273
	116058.0	22375.845454545455
	116764.0	23807.827272727274
	118072.0	22418.272727272728
	120526.0	22349.181818181816
	120550.0	25589.818181818184
	120716.0	23476.081818181818
	122528.0	25696.85844155844
	122860.0	24777.327272727274
	123018.0	25350.536363636365
	124004.0	22139.136363636364
	125262.0	21697.427272727273
	127936.0	25403.227272727272
	128036.0	23659.836363636365
	133358.0	24523.2
	133686.0	25308.681818181816
	147940.0	24532.54805194805
	149168.0	24251.763636363637


