

	61274.0	30800.145454545454
	64736.0	29604.59696969697
	67062.0	28584.648484848483
	67466.0	28043.627272727274
	69318.0	30200.37272727273
	72892.0	27671.458441558443
	75142.0	30198.49090909091
	77364.0	30351.654545454545
	77448.0	28996.045454545456
	78014.0	30700.49090909091
	79134.0	27360.55844155844
	79578.0	29095.18484848485
	79772.0	30231.154545454545
	79816.0	28105.38181818182
	79900.0	28238.418181818182
	80776.0	29393.96363636364
	80920.0	29891.196969696968
	81218.0	29770.6
	81408.0	29558.054545454546
	82354.0	28256.00909090909
	82736.0	28219.5
	82988.0	28277.51818181818
	83578.0	30178.009090909094
	83880.0	27164.754545454547
	84122.0	23787.16363636364
	84268.0	27184.718181818185
	84618.0	28354.554545454546
	84712.0	25218.625974025974
	85286.0	30789.430578512398
	85322.0	29747.909090909092
	85540.0	28010.063636363637
	85856.0	29558.50909090909
	85858.0	29690.796969696974
	86016.0	26496.636363636364
	86424.0	30015.19090909091
	87074.0	28286.96363636364
	87154.0	29050.178787878787
	87266.0	26885.01818181818
	87650.0	26996.536363636365
	88086.0	27974.527272727275
	88468.0	29213.49696969697
	89026.0	28395.590909090908
	89054.0	28757.342424242423
	89398.0	28875.142424242425
	89448.0	28858.37272727273
	90962.0	28825.442424242425
	91536.0	28489.69090909091
	91536.0	28489.69090909091
	91666.0	28354.590909090908
	91824.0	28677.409090909092
	91856.0	28478.99090909091
	91856.0	28478.99090909091
	92100.0	28440.39090909091
	92162.0	28411.409090909092
	92232.0	23708.17272727273
	92280.0	25904.00909090909
	92420.0	28429.69090909091
	94886.0	27849.636363636364
	94886.0	27849.636363636364
	94994.0	26804.346753246755
	95484.0	28604.50909090909
	95844.0	27718.130303030302
	95858.0	27584.424675324677
	95880.0	27608.336363636365
	95928.0	26326.536363636365
	96346.0	27097.768831168833
	96520.0	26310.136363636364
	96936.0	27142.16883116883
	97140.0	28403.39090909091
	97146.0	26960.468831168833
	97356.0	25070.9
	97502.0	28561.563636363637
	97502.0	28561.563636363637
	97968.0	25942.872727272726
	98360.0	28173.630303030302
	98460.0	25432.325974025975
	98826.0	27301.924675324677
	99140.0	28637.88181818182
	99398.0	27583.01818181818
	99436.0	26208.309090909093
	99614.0	28474.536363636365
	100502.0	26634.49090909091
	100766.0	26454.17012987013
	101310.0	28660.48181818182
	101360.0	24671.309090909093
	101384.0	28840.154545454545
	101420.0	26510.127272727274
	101442.0	26516.770129870132
	103166.0	26174.254545454547
	103290.0	29329.754545454547
	103760.0	28590.766666666666
	104258.0	27259.336363636365
	105520.0	28869.148484848483
	106418.0	27171.54805194805
	107094.0	27413.354545454546
	107826.0	27964.136363636364
	110318.0	28002.236363636366
	112718.0	26483.272727272728
	113682.0	26975.4
	115268.0	28582.042424242427


	61274.0	30800.145454545454
	63408.0	27311.758441558442
	73946.0	26030.454545454544
	76706.0	25171.627272727274
	77152.0	32509.7
	77364.0	30351.654545454545
	77448.0	28996.045454545456
	78014.0	30700.49090909091
	79072.0	30715.136363636364
	79578.0	29095.18484848485
	79772.0	30231.154545454545
	79900.0	28238.418181818182
	80776.0	29393.96363636364
	80920.0	29891.196969696968
	81218.0	29770.6
	81408.0	29558.054545454546
	82072.0	28816.98181818182
	82354.0	28256.00909090909
	82736.0	28219.5
	82988.0	28277.51818181818
	83060.0	29449.378787878788
	83218.0	30226.354545454546
	83578.0	30178.009090909094
	83602.0	28237.803030303032
	83926.0	30075.800000000003
	84004.0	28639.77878787879
	84122.0	23787.16363636364
	84618.0	28354.554545454546
	85286.0	30789.430578512398
	85322.0	29747.909090909092
	85352.0	31986.15454545455
	85856.0	29558.50909090909
	85858.0	29690.796969696974
	86424.0	30015.19090909091
	87074.0	28286.96363636364
	87154.0	29050.178787878787
	88086.0	27974.527272727275
	88468.0	29213.49696969697
	89026.0	28395.590909090908
	89054.0	28757.342424242423
	89398.0	28875.142424242425
	89448.0	28858.37272727273
	90962.0	28825.442424242425
	91536.0	28489.69090909091
	91666.0	28354.590909090908
	91824.0	28677.409090909092
	91856.0	28478.99090909091
	92100.0	28440.39090909091
	92162.0	28411.409090909092
	92232.0	23708.17272727273
	92420.0	28429.69090909091
	92790.0	28355.027272727275
	94552.0	27469.263636363637
	94886.0	27849.636363636364
	95316.0	28838.766666666666
	95484.0	28604.50909090909
	95844.0	27718.130303030302
	95858.0	27584.424675324677
	95880.0	27608.336363636365
	96346.0	27097.768831168833
	96936.0	27142.16883116883
	97140.0	28403.39090909091
	97146.0	26960.468831168833
	97502.0	28561.563636363637
	97620.0	23679.354545454546
	97794.0	26936.563636363637
	97804.0	28586.07878787879
	98360.0	28173.630303030302
	98826.0	27301.924675324677
	99140.0	28637.88181818182
	99398.0	27583.01818181818
	99436.0	26208.309090909093
	99614.0	28474.536363636365
	99940.0	26290.31428571429
	100502.0	26634.49090909091
	100766.0	26454.17012987013
	101310.0	28660.48181818182
	101384.0	28840.154545454545
	101420.0	26510.127272727274
	101434.0	25749.55844155844
	101442.0	26516.770129870132
	101460.0	26586.772727272728
	103166.0	26174.254545454547
	103290.0	29329.754545454547
	103760.0	28590.766666666666
	104258.0	27259.336363636365
	105250.0	29407.427272727273
	105520.0	28869.148484848483
	106418.0	27171.54805194805
	107094.0	27413.354545454546
	107826.0	27964.136363636364
	109112.0	26911.514285714286
	110136.0	28185.663636363635
	110318.0	28002.236363636366
	112718.0	26483.272727272728
	113512.0	22188.245454545457
	113792.0	25574.654545454545
	123200.0	28071.181818181816
	125444.0	27230.6
	143496.0	21630.88181818182


	61274.0	30800.145454545454
	63408.0	27311.758441558442
	65780.0	25845.127272727274
	74792.0	29104.727272727272
	74842.0	28082.46363636364
	75142.0	30198.49090909091
	75362.0	28498.945454545457
	75562.0	29020.36666666667
	75628.0	31964.36446280992
	76312.0	28857.809090909093
	76402.0	28732.027272727275
	76556.0	25144.227272727272
	77152.0	32509.7
	77364.0	30351.654545454545
	77448.0	28996.045454545456
	77834.0	29612.772727272728
	78014.0	30700.49090909091
	78434.0	28523.984848484848
	79072.0	30715.136363636364
	79658.0	32312.4
	79816.0	28105.38181818182
	80036.0	25030.845454545455
	80398.0	27865.0025974026
	80442.0	28246.927272727273
	81088.0	29987.090909090908
	81186.0	30694.317355371903
	82188.0	27648.809090909093
	82928.0	29127.56666666667
	82980.0	28573.609090909093
	83092.0	23608.754545454547
	83136.0	28316.727272727272
	83658.0	28204.163636363635
	84080.0	30055.427272727273
	85218.0	29568.696969696968
	85540.0	28010.063636363637
	86818.0	28156.909090909092
	87486.0	28067.303030303032
	87764.0	29080.245454545453
	88240.0	27725.00909090909
	88280.0	28025.154545454545
	89094.0	27782.97272727273
	90716.0	27638.46060606061
	91618.0	27688.181818181816
	91622.0	27596.98181818182
	92928.0	26970.372727272726
	95928.0	26326.536363636365
	96346.0	27097.768831168833
	96496.0	26555.58051948052
	96520.0	26310.136363636364
	96734.0	26414.718181818185
	96936.0	27142.16883116883
	97140.0	28403.39090909091
	97146.0	26960.468831168833
	97502.0	28561.563636363637
	97794.0	26936.563636363637
	97804.0	28586.07878787879
	97872.0	23427.772727272728
	98022.0	26763.85844155844
	98360.0	28173.630303030302
	98826.0	27301.924675324677
	99140.0	28637.88181818182
	99398.0	27583.01818181818
	99436.0	26208.309090909093
	99614.0	28474.536363636365
	99940.0	26290.31428571429
	100502.0	26634.49090909091
	100766.0	26454.17012987013
	100996.0	27516.084848484847
	101062.0	25687.663636363635
	101310.0	28660.48181818182
	101384.0	28840.154545454545
	101400.0	25908.770129870132
	101420.0	26510.127272727274
	101434.0	25749.55844155844
	101442.0	26516.770129870132
	101460.0	26586.772727272728
	102154.0	26230.35844155844
	103166.0	26174.254545454547
	103290.0	29329.754545454547
	103760.0	28590.766666666666
	104258.0	27259.336363636365
	105006.0	25495.236363636366
	105250.0	29407.427272727273
	105520.0	28869.148484848483
	106418.0	27171.54805194805
	107094.0	27413.354545454546
	107190.0	26368.846753246755
	107826.0	27964.136363636364
	109112.0	26911.514285714286
	110136.0	28185.663636363635
	110318.0	28002.236363636366
	111356.0	22635.16363636364
	112718.0	26483.272727272728
	113512.0	22188.245454545457
	113668.0	27532.32727272727
	113792.0	25574.654545454545
	117814.0	26032.718181818185
	123200.0	28071.181818181816
	125444.0	27230.6
	143496.0	21630.88181818182


	61274.0	30800.145454545454
	61982.0	29551.878787878788
	63408.0	27311.758441558442
	65780.0	25845.127272727274
	69018.0	28715.409090909092
	69242.0	25688.736363636366
	69318.0	30200.37272727273
	69954.0	28942.19090909091
	69992.0	29470.49090909091
	70170.0	27808.79090909091
	71414.0	29296.484848484848
	72552.0	28885.67272727273
	73072.0	28457.727272727272
	73494.0	28693.79090909091
	74214.0	27651.32727272727
	74412.0	27682.760606060605
	74792.0	29104.727272727272
	74842.0	28082.46363636364
	75142.0	30198.49090909091
	75362.0	28498.945454545457
	75562.0	29020.36666666667
	75628.0	31964.36446280992
	76074.0	28315.445454545457
	76312.0	28857.809090909093
	76556.0	25144.227272727272
	77590.0	27994.363636363636
	78548.0	27341.946753246753
	79134.0	27360.55844155844
	79708.0	27329.98051948052
	80036.0	25030.845454545455
	80398.0	27865.0025974026
	81120.0	27599.527272727275
	82220.0	24738.845454545455
	82610.0	29668.07878787879
	83092.0	23608.754545454547
	83880.0	27164.754545454547
	84268.0	27184.718181818185
	84476.0	27471.346753246755
	84592.0	30471.890909090907
	86972.0	26780.88051948052
	87074.0	28286.96363636364
	87266.0	26885.01818181818
	87650.0	26996.536363636365
	87762.0	27163.609090909093
	88570.0	27691.363636363636
	89670.0	26968.246753246753
	90310.0	27624.2
	90368.0	27280.768831168833
	90650.0	27266.05844155844
	91918.0	23341.645454545454
	92024.0	27744.85844155844
	93226.0	25749.136363636364
	93892.0	27468.081818181818
	94274.0	26245.702597402596
	94994.0	26804.346753246755
	95108.0	26445.046753246752
	95432.0	25719.345454545455
	95438.0	26224.745454545457
	96172.0	27451.79090909091
	97042.0	25968.05844155844
	97968.0	25942.872727272726
	98460.0	25432.325974025975
	99332.0	25945.48051948052
	99760.0	28206.49090909091
	100288.0	26769.863636363636
	100410.0	26245.102597402598
	100454.0	25584.424675324677
	102154.0	26230.35844155844
	102482.0	26806.58051948052
	102674.0	25156.636363636364
	103146.0	25723.254545454547
	103166.0	26174.254545454547
	103290.0	29329.754545454547
	103760.0	28590.766666666666
	104030.0	25568.014285714286
	104072.0	25488.524675324676
	104258.0	27259.336363636365
	105006.0	25495.236363636366
	105250.0	29407.427272727273
	105520.0	28869.148484848483
	106418.0	27171.54805194805
	107094.0	27413.354545454546
	107190.0	26368.846753246755
	107200.0	26019.48051948052
	107720.0	24960.914285714287
	107826.0	27964.136363636364
	109112.0	26911.514285714286
	110136.0	28185.663636363635
	110284.0	22514.045454545456
	110318.0	28002.236363636366
	112718.0	26483.272727272728
	112806.0	26565.46363636364
	113512.0	22188.245454545457
	113668.0	27532.32727272727
	113792.0	25574.654545454545
	117814.0	26032.718181818185
	121452.0	22127.936363636363
	123200.0	28071.181818181816
	125444.0	27230.6
	143496.0	21630.88181818182


	57328.0	28607.46363636364
	61856.0	27780.146753246754
	63408.0	27311.758441558442
	65780.0	25845.127272727274
	65932.0	30646.09696969697
	67024.0	29610.378787878788
	68520.0	29093.17272727273
	69242.0	25688.736363636366
	69318.0	30200.37272727273
	69954.0	28942.19090909091
	69992.0	29470.49090909091
	71414.0	29296.484848484848
	72138.0	29267.88484848485
	72552.0	28885.67272727273
	72640.0	29891.59696969697
	72918.0	29072.263636363637
	73072.0	28457.727272727272
	73284.0	29121.89090909091
	73494.0	28693.79090909091
	74630.0	29769.90303030303
	75870.0	24687.636363636364
	78512.0	29420.60303030303
	79604.0	28152.268831168833
	79638.0	28327.32727272727
	80512.0	26698.5025974026
	80654.0	30041.99090909091
	81536.0	26590.263636363637
	81584.0	23817.754545454547
	82126.0	26999.318181818184
	83092.0	23608.754545454547
	84252.0	28011.263636363637
	84664.0	26394.572727272727
	84700.0	27695.32727272727
	84704.0	28789.59696969697
	84738.0	26835.79090909091
	84920.0	28751.20909090909
	85356.0	27240.768831168833
	85444.0	26557.654545454545
	85644.0	27105.218181818185
	85966.0	27455.96363636364
	86016.0	26496.636363636364
	86282.0	28035.78181818182
	86636.0	29852.49696969697
	87342.0	25908.092207792208
	87826.0	29029.07878787879
	88638.0	29032.678787878787
	89146.0	31171.809090909093
	89458.0	27750.681818181816
	89834.0	26881.68051948052
	89948.0	26244.936363636363
	91868.0	25306.354545454546
	91884.0	26707.046753246752
	91918.0	23341.645454545454
	91970.0	25277.072727272727
	92280.0	25904.00909090909
	92746.0	25353.55844155844
	92760.0	25091.336363636365
	93070.0	26561.902597402597
	93478.0	25049.270129870132
	95894.0	27450.86666666667
	97356.0	25070.9
	99532.0	25590.236363636366
	100644.0	25641.08051948052
	101354.0	27893.47272727273
	103146.0	25723.254545454547
	103166.0	26174.254545454547
	103290.0	29329.754545454547
	103760.0	28590.766666666666
	104030.0	25568.014285714286
	104072.0	25488.524675324676
	104258.0	27259.336363636365
	104712.0	24947.163636363635
	105006.0	25495.236363636366
	105250.0	29407.427272727273
	105520.0	28869.148484848483
	106418.0	27171.54805194805
	106862.0	24956.69220779221
	107094.0	27413.354545454546
	107190.0	26368.846753246755
	107200.0	26019.48051948052
	107720.0	24960.914285714287
	107826.0	27964.136363636364
	109112.0	26911.514285714286
	109174.0	27273.402597402597
	109476.0	24590.136363636364
	110136.0	28185.663636363635
	110284.0	22514.045454545456
	110318.0	28002.236363636366
	111056.0	24815.627272727274
	112718.0	26483.272727272728
	112806.0	26565.46363636364
	113512.0	22188.245454545457
	113668.0	27532.32727272727
	113792.0	25574.654545454545
	117814.0	26032.718181818185
	118554.0	26011.727272727272
	121452.0	22127.936363636363
	123200.0	28071.181818181816
	125444.0	27230.6
	143496.0	21630.88181818182


	57328.0	28607.46363636364
	61856.0	27780.146753246754
	63278.0	27429.78051948052
	63408.0	27311.758441558442
	64734.0	31194.638016528927
	65780.0	25845.127272727274
	67024.0	29610.378787878788
	67304.0	29357.163636363635
	67404.0	25108.354545454546
	67856.0	29074.27878787879
	68168.0	29191.47878787879
	68194.0	28992.872727272726
	68520.0	29093.17272727273
	69318.0	30200.37272727273
	69486.0	28135.646753246754
	69954.0	28942.19090909091
	69992.0	29470.49090909091
	70170.0	27808.79090909091
	70602.0	30265.090909090908
	71414.0	29296.484848484848
	71610.0	28858.645454545454
	72138.0	29267.88484848485
	72450.0	28085.945454545457
	72484.0	28066.309090909093
	72892.0	27671.458441558443
	72946.0	28055.3025974026
	73366.0	29373.378787878788
	73408.0	27455.158441558444
	73424.0	27362.5025974026
	73532.0	27390.427272727273
	73946.0	26030.454545454544
	73976.0	26353.354545454546
	74086.0	26610.98051948052
	74946.0	30875.19090909091
	75024.0	30028.76666666667
	75158.0	26749.58051948052
	75282.0	26449.0025974026
	75688.0	26449.402597402597
	75704.0	27638.468831168833
	75870.0	24687.636363636364
	76074.0	27524.127272727274
	77918.0	27284.78051948052
	78776.0	26552.47272727273
	79250.0	26152.658441558444
	79506.0	27070.346753246755
	79806.0	26642.081818181818
	79878.0	27426.68051948052
	79880.0	25984.736363636366
	81522.0	28403.309090909093
	81584.0	23817.754545454547
	81696.0	26117.124675324678
	81922.0	26526.646753246754
	83092.0	23608.754545454547
	83518.0	25515.845454545455
	83970.0	28219.345454545455
	84712.0	25218.625974025974
	86100.0	27502.96363636364
	86524.0	27664.82727272727
	86996.0	25511.045454545456
	87040.0	25447.045454545456
	88796.0	25815.218181818185
	90044.0	25353.336363636365
	91124.0	25241.727272727272
	91918.0	23341.645454545454
	101938.0	23188.363636363636
	102234.0	24883.436363636363
	105006.0	25495.236363636366
	105234.0	25203.663636363635
	105250.0	29407.427272727273
	105520.0	28869.148484848483
	106418.0	27171.54805194805
	106862.0	24956.69220779221
	107094.0	27413.354545454546
	107190.0	26368.846753246755
	107200.0	26019.48051948052
	107446.0	25406.3025974026
	107522.0	24870.414285714287
	107720.0	24960.914285714287
	107826.0	27964.136363636364
	108948.0	25440.758441558442
	109112.0	26911.514285714286
	109174.0	27273.402597402597
	110136.0	28185.663636363635
	110284.0	22514.045454545456
	110318.0	28002.236363636366
	111056.0	24815.627272727274
	112718.0	26483.272727272728
	112806.0	26565.46363636364
	113512.0	22188.245454545457
	113668.0	27532.32727272727
	113792.0	25574.654545454545
	116750.0	23819.418181818182
	117814.0	26032.718181818185
	117934.0	23679.01818181818
	118554.0	26011.727272727272
	121452.0	22127.936363636363
	123200.0	28071.181818181816
	125444.0	27230.6
	128814.0	21709.272727272728
	143496.0	21630.88181818182


	55172.0	28498.181818181816
	61856.0	27780.146753246754
	62216.0	30874.08181818182
	63278.0	27429.78051948052
	63408.0	27311.758441558442
	65780.0	25845.127272727274
	65842.0	30716.99696969697
	65864.0	29893.590909090908
	66662.0	29329.99696969697
	67062.0	28584.648484848483
	67120.0	28597.97878787879
	67178.0	28323.58051948052
	67404.0	25108.354545454546
	67466.0	28043.627272727274
	67856.0	29074.27878787879
	68168.0	29191.47878787879
	68194.0	28992.872727272726
	68520.0	29093.17272727273
	68634.0	28122.663636363635
	69318.0	30200.37272727273
	69358.0	28094.063636363637
	69412.0	28252.863636363636
	69486.0	28135.646753246754
	69736.0	27912.19090909091
	69852.0	28139.7
	69952.0	28652.18484848485
	69954.0	28942.19090909091
	70856.0	29981.090909090908
	72486.0	28818.67272727273
	72742.0	27063.945454545457
	72800.0	30966.590909090908
	72982.0	29074.063636363637
	75870.0	24687.636363636364
	77526.0	26500.602597402598
	78678.0	28997.927272727273
	78754.0	27617.0025974026
	79718.0	28689.745454545453
	80340.0	28644.590909090908
	81070.0	28178.466666666667
	81584.0	23817.754545454547
	83092.0	23608.754545454547
	83738.0	26713.48181818182
	84072.0	27704.245454545453
	84982.0	25340.224675324676
	85334.0	29770.354545454546
	87468.0	26121.581818181818
	87688.0	28822.060606060608
	88120.0	29059.18484848485
	88796.0	25815.218181818185
	89618.0	28440.89090909091
	90044.0	25353.336363636365
	90480.0	28004.258441558442
	90988.0	29047.88484848485
	91078.0	25365.154545454545
	91918.0	23341.645454545454
	96290.0	28961.18484848485
	97730.0	27817.063636363637
	101938.0	23188.363636363636
	102234.0	24883.436363636363
	105006.0	25495.236363636366
	105234.0	25203.663636363635
	105250.0	29407.427272727273
	105520.0	28869.148484848483
	106418.0	27171.54805194805
	106862.0	24956.69220779221
	107094.0	27413.354545454546
	107190.0	26368.846753246755
	107192.0	27463.645454545454
	107200.0	26019.48051948052
	107446.0	25406.3025974026
	107522.0	24870.414285714287
	107720.0	24960.914285714287
	107826.0	27964.136363636364
	108354.0	24330.36883116883
	108948.0	25440.758441558442
	109112.0	26911.514285714286
	109164.0	24613.158441558444
	109174.0	27273.402597402597
	109476.0	24590.136363636364
	110136.0	28185.663636363635
	110264.0	24198.836363636365
	110284.0	22514.045454545456
	110318.0	28002.236363636366
	111056.0	24815.627272727274
	112718.0	26483.272727272728
	112806.0	26565.46363636364
	113512.0	22188.245454545457
	113668.0	27532.32727272727
	113792.0	25574.654545454545
	116750.0	23819.418181818182
	117656.0	22110.054545454546
	117814.0	26032.718181818185
	117934.0	23679.01818181818
	118554.0	26011.727272727272
	119012.0	25461.88051948052
	123200.0	28071.181818181816
	125444.0	27230.6
	128814.0	21709.272727272728
	133540.0	23159.327272727274
	143496.0	21630.88181818182


	55172.0	28498.181818181816
	61856.0	27780.146753246754
	63278.0	27429.78051948052
	63408.0	27311.758441558442
	64146.0	27196.58051948052
	64736.0	29604.59696969697
	65664.0	26853.9
	65718.0	29240.127272727274
	65780.0	25845.127272727274
	66662.0	29329.99696969697
	67062.0	28584.648484848483
	67120.0	28597.97878787879
	67178.0	28323.58051948052
	67404.0	25108.354545454546
	67466.0	28043.627272727274
	67856.0	29074.27878787879
	68168.0	29191.47878787879
	68520.0	29093.17272727273
	69280.0	28114.563636363637
	71118.0	27018.5
	71634.0	27689.524675324676
	72430.0	26924.38051948052
	73460.0	28289.97878787879
	74890.0	28678.878787878788
	75662.0	30558.2
	75870.0	24687.636363636364
	76074.0	27524.127272727274
	76516.0	29853.203030303033
	77056.0	25270.127272727274
	77886.0	31040.79090909091
	78262.0	30395.536363636365
	79118.0	26877.8025974026
	80112.0	25306.954545454544
	80710.0	27398.18051948052
	81584.0	23817.754545454547
	82336.0	28197.49090909091
	83092.0	23608.754545454547
	83192.0	26577.88051948052
	84128.0	26138.524675324676
	84302.0	26875.98181818182
	87458.0	26422.58051948052
	89314.0	28340.50909090909
	90986.0	28116.445454545457
	91918.0	23341.645454545454
	92170.0	26839.109090909093
	93638.0	27655.2
	95018.0	28216.99696969697
	95928.0	21800.218181818185
	99306.0	28016.70909090909
	101582.0	29073.97878787879
	102008.0	27699.309090909093
	103508.0	24896.454545454544
	105520.0	28869.148484848483
	106418.0	27171.54805194805
	106862.0	24956.69220779221
	107094.0	27413.354545454546
	107190.0	26368.846753246755
	107192.0	27463.645454545454
	107200.0	26019.48051948052
	107446.0	25406.3025974026
	107522.0	24870.414285714287
	107720.0	24960.914285714287
	107732.0	24191.918181818182
	107826.0	27964.136363636364
	108354.0	24330.36883116883
	108500.0	23825.01818181818
	108948.0	25440.758441558442
	109112.0	26911.514285714286
	109164.0	24613.158441558444
	109174.0	27273.402597402597
	109476.0	24590.136363636364
	110136.0	28185.663636363635
	110264.0	24198.836363636365
	110318.0	28002.236363636366
	111056.0	24815.627272727274
	111388.0	23671.01818181818
	111592.0	23324.945454545457
	112718.0	26483.272727272728
	112806.0	26565.46363636364
	113316.0	23738.454545454544
	113582.0	23005.054545454546
	113668.0	27532.32727272727
	113792.0	25574.654545454545
	114970.0	25015.363636363636
	116534.0	23271.245454545457
	116750.0	23819.418181818182
	117814.0	26032.718181818185
	117934.0	23679.01818181818
	118554.0	26011.727272727272
	119012.0	25461.88051948052
	122022.0	22472.181818181816
	122474.0	22271.17272727273
	122748.0	22759.600000000002
	123200.0	28071.181818181816
	125444.0	27230.6
	125730.0	22305.49090909091
	127554.0	24677.718181818185
	128814.0	21709.272727272728
	133540.0	23159.327272727274
	143496.0	21630.88181818182


	55172.0	28498.181818181816
	61856.0	27780.146753246754
	62542.0	29143.47272727273
	63278.0	27429.78051948052
	63408.0	27311.758441558442
	64146.0	27196.58051948052
	64736.0	29604.59696969697
	65664.0	26853.9
	65780.0	25845.127272727274
	65842.0	30716.99696969697
	66958.0	27853.927272727273
	67062.0	28584.648484848483
	67120.0	28597.97878787879
	67178.0	28323.58051948052
	67404.0	25108.354545454546
	67466.0	28043.627272727274
	68520.0	29093.17272727273
	68546.0	28046.28181818182
	70076.0	27186.090909090908
	70106.0	27797.946753246753
	71414.0	29296.484848484848
	71812.0	28259.39090909091
	73108.0	23270.054545454546
	73372.0	26295.17272727273
	73624.0	29417.27878787879
	73938.0	29346.090909090908
	74402.0	28178.18484848485
	74464.0	29382.69090909091
	74704.0	27814.102597402598
	74732.0	29302.97272727273
	75882.0	29826.196969696968
	76074.0	27524.127272727274
	76234.0	26771.224675324676
	77956.0	27787.424675324677
	78374.0	28559.20909090909
	79380.0	27016.524675324676
	81252.0	28588.027272727275
	82450.0	26499.645454545454
	83162.0	26119.336363636365
	86162.0	28050.454545454544
	89148.0	26717.863636363636
	90434.0	24563.827272727274
	91124.0	25241.727272727272
	91220.0	25047.036363636365
	91278.0	27153.158441558444
	93286.0	29576.277685950416
	94320.0	27323.263636363637
	95928.0	21800.218181818185
	96478.0	28574.77878787879
	96514.0	24993.145454545454
	97676.0	28850.19090909091
	101360.0	24671.309090909093
	104696.0	28014.072727272727
	105520.0	28869.148484848483
	105796.0	24630.263636363637
	105846.0	23932.427272727273
	106418.0	27171.54805194805
	106862.0	24956.69220779221
	107094.0	27413.354545454546
	107174.0	28505.266666666666
	107190.0	26368.846753246755
	107192.0	27463.645454545454
	107200.0	26019.48051948052
	107446.0	25406.3025974026
	107522.0	24870.414285714287
	107720.0	24960.914285714287
	107732.0	24191.918181818182
	107826.0	27964.136363636364
	108354.0	24330.36883116883
	108500.0	23825.01818181818
	108948.0	25440.758441558442
	109112.0	26911.514285714286
	109164.0	24613.158441558444
	109174.0	27273.402597402597
	109238.0	26382.5025974026
	109476.0	24590.136363636364
	110136.0	28185.663636363635
	110264.0	24198.836363636365
	110318.0	28002.236363636366
	111056.0	24815.627272727274
	112718.0	26483.272727272728
	112806.0	26565.46363636364
	113316.0	23738.454545454544
	113668.0	27532.32727272727
	113792.0	25574.654545454545
	114970.0	25015.363636363636
	116534.0	23271.245454545457
	116750.0	23819.418181818182
	117814.0	26032.718181818185
	117934.0	23679.01818181818
	118554.0	26011.727272727272
	119012.0	25461.88051948052
	122748.0	22759.600000000002
	123200.0	28071.181818181816
	125444.0	27230.6
	125730.0	22305.49090909091
	127554.0	24677.718181818185
	128814.0	21709.272727272728
	133540.0	23159.327272727274
	143496.0	21630.88181818182


	55172.0	28498.181818181816
	60446.0	27703.845454545455
	63278.0	27429.78051948052
	63408.0	27311.758441558442
	64146.0	27196.58051948052
	64664.0	26707.1
	65780.0	25845.127272727274
	65842.0	30716.99696969697
	66958.0	27853.927272727273
	67062.0	28584.648484848483
	67404.0	25108.354545454546
	67926.0	24935.745454545457
	68616.0	28016.545454545456
	68724.0	27305.48051948052
	69812.0	27283.68051948052
	69922.0	29581.4
	73108.0	23270.054545454546
	74766.0	28678.82727272727
	78558.0	29405.38484848485
	78710.0	27896.178787878787
	79080.0	26363.702597402596
	79480.0	30165.436363636363
	81470.0	26754.47272727273
	85660.0	26492.545454545456
	86088.0	25042.236363636366
	88570.0	28228.39090909091
	88628.0	28220.360606060607
	89128.0	29542.204132231403
	89866.0	27183.627272727274
	90012.0	27661.427272727273
	90958.0	25910.045454545456
	91140.0	25804.35844155844
	92542.0	30535.28181818182
	92610.0	28253.663636363635
	93568.0	28839.77878787879
	95558.0	26317.268831168833
	95928.0	21800.218181818185
	96514.0	24993.145454545454
	97328.0	26705.846753246755
	97676.0	28850.19090909091
	100892.0	24606.445454545457
	100934.0	26790.646753246754
	101360.0	24671.309090909093
	104696.0	28014.072727272727
	105312.0	24609.51818181818
	105520.0	28869.148484848483
	105796.0	24630.263636363637
	106418.0	27171.54805194805
	106862.0	24956.69220779221
	107094.0	27413.354545454546
	107174.0	28505.266666666666
	107190.0	26368.846753246755
	107192.0	27463.645454545454
	107200.0	26019.48051948052
	107340.0	26790.545454545456
	107446.0	25406.3025974026
	107522.0	24870.414285714287
	107720.0	24960.914285714287
	107826.0	27964.136363636364
	107936.0	26170.5025974026
	108354.0	24330.36883116883
	108948.0	25440.758441558442
	109112.0	26911.514285714286
	109164.0	24613.158441558444
	109174.0	27273.402597402597
	109238.0	26382.5025974026
	109440.0	25904.96363636364
	109476.0	24590.136363636364
	110136.0	28185.663636363635
	110264.0	24198.836363636365
	110318.0	28002.236363636366
	111056.0	24815.627272727274
	111388.0	23671.01818181818
	111592.0	23324.945454545457
	112718.0	26483.272727272728
	112806.0	26565.46363636364
	113316.0	23738.454545454544
	113478.0	25438.88051948052
	113540.0	28894.718181818185
	113582.0	23005.054545454546
	113668.0	27532.32727272727
	113792.0	25574.654545454545
	114970.0	25015.363636363636
	115668.0	23514.336363636365
	116034.0	23613.745454545457
	116534.0	23271.245454545457
	116750.0	23819.418181818182
	117814.0	26032.718181818185
	117934.0	23679.01818181818
	118554.0	26011.727272727272
	118778.0	23712.654545454545
	119012.0	25461.88051948052
	123200.0	28071.181818181816
	123434.0	24287.99220779221
	125444.0	27230.6
	127554.0	24677.718181818185
	128814.0	21709.272727272728
	132764.0	21141.32727272727
	133540.0	23159.327272727274
	137002.0	23325.58051948052


	55172.0	28498.181818181816
	60138.0	31084.99090909091
	60446.0	27703.845454545455
	61012.0	29682.97272727273
	61274.0	30800.145454545454
	61906.0	30201.745454545453
	62276.0	29055.127272727274
	62774.0	28483.163636363635
	62866.0	28322.645454545454
	62878.0	27024.18051948052
	64664.0	26707.1
	65780.0	25845.127272727274
	66958.0	27853.927272727273
	67062.0	28584.648484848483
	67404.0	25108.354545454546
	67926.0	24935.745454545457
	68616.0	28016.545454545456
	70424.0	29784.945454545457
	71646.0	28064.263636363637
	72834.0	26803.424675324677
	73108.0	23270.054545454546
	73714.0	27174.624675324678
	74094.0	28951.77878787879
	76006.0	27119.98181818182
	76316.0	28384.409090909092
	78942.0	25403.745454545457
	81210.0	25739.845454545455
	81298.0	24885.436363636363
	81902.0	24970.927272727273
	82450.0	26499.645454545454
	83226.0	26973.181818181816
	83534.0	24716.236363636366
	86594.0	24145.945454545457
	87718.0	27699.402597402597
	87718.0	24268.327272727274
	87928.0	26353.158441558444
	90480.0	28004.258441558442
	92502.0	24193.554545454546
	92650.0	24667.336363636365
	93480.0	24214.936363636363
	95928.0	21800.218181818185
	99616.0	26694.646753246754
	101460.0	27603.68484848485
	102456.0	24168.863636363636
	103570.0	24721.227272727272
	104386.0	26710.124675324678
	104468.0	24156.927272727273
	104740.0	26280.300000000003
	104978.0	23764.536363636365
	105846.0	23932.427272727273
	106028.0	28312.178787878787
	106202.0	20663.98181818182
	107732.0	24191.918181818182
	108500.0	23825.01818181818
	108574.0	25520.824675324675
	108914.0	28469.4
	110136.0	28185.663636363635
	110264.0	24198.836363636365
	110284.0	22514.045454545456
	110318.0	28002.236363636366
	110324.0	23446.372727272726
	110890.0	23227.136363636364
	111056.0	24815.627272727274
	111356.0	22635.16363636364
	111388.0	23671.01818181818
	111592.0	23324.945454545457
	112718.0	26483.272727272728
	112806.0	26565.46363636364
	113316.0	23738.454545454544
	113478.0	25438.88051948052
	113540.0	28894.718181818185
	113582.0	23005.054545454546
	113668.0	27532.32727272727
	113792.0	25574.654545454545
	114970.0	25015.363636363636
	115668.0	23514.336363636365
	116034.0	23613.745454545457
	116534.0	23271.245454545457
	116750.0	23819.418181818182
	117814.0	26032.718181818185
	117934.0	23679.01818181818
	118554.0	26011.727272727272
	118778.0	23712.654545454545
	119012.0	25461.88051948052
	119300.0	22797.236363636366
	121314.0	22621.563636363637
	121452.0	22127.936363636363
	122022.0	22472.181818181816
	122474.0	22271.17272727273
	122748.0	22759.600000000002
	123200.0	28071.181818181816
	123434.0	24287.99220779221
	125444.0	27230.6
	125730.0	22305.49090909091
	127554.0	24677.718181818185
	132108.0	24488.01818181818
	133540.0	23159.327272727274
	135454.0	24670.027272727275
	137002.0	23325.58051948052
	143496.0	21630.88181818182


	55172.0	28498.181818181816
	60446.0	27703.845454545455
	61274.0	30800.145454545454
	61906.0	30201.745454545453
	62732.0	26963.38051948052
	63856.0	27340.38051948052
	64664.0	26707.1
	65100.0	28218.927272727273
	65780.0	25845.127272727274
	66680.0	27831.681818181816
	67404.0	25108.354545454546
	67926.0	24935.745454545457
	68092.0	27586.163636363635
	68386.0	24566.336363636365
	73108.0	23270.054545454546
	75812.0	27967.245454545453
	78746.0	30556.445454545457
	78770.0	25946.236363636366
	79288.0	26585.3025974026
	79874.0	22964.454545454544
	82450.0	26499.645454545454
	83432.0	28099.466666666667
	83616.0	28392.427272727273
	84266.0	29381.47272727273
	84394.0	27217.08051948052
	88422.0	22055.98181818182
	91080.0	25970.48051948052
	92728.0	26856.0025974026
	92996.0	27026.645454545454
	93608.0	24789.592207792208
	95928.0	21800.218181818185
	96334.0	23776.9
	97620.0	23679.354545454546
	97820.0	26814.772727272728
	99064.0	27950.863636363636
	99600.0	28145.86666666667
	100952.0	26931.946753246753
	100962.0	27280.666666666668
	101848.0	26416.00909090909
	102728.0	24871.718181818185
	103950.0	25291.102597402598
	104468.0	24156.927272727273
	104740.0	26280.300000000003
	104978.0	23764.536363636365
	105520.0	27070.845454545455
	105846.0	23932.427272727273
	106028.0	28312.178787878787
	106202.0	20663.98181818182
	106256.0	26704.063636363637
	106754.0	26827.763636363637
	107598.0	30511.004132231406
	107732.0	24191.918181818182
	108500.0	23825.01818181818
	108574.0	25520.824675324675
	108914.0	28469.4
	109556.0	25001.236363636366
	110022.0	26307.536363636365
	110136.0	28185.663636363635
	110264.0	24198.836363636365
	110318.0	28002.236363636366
	110890.0	23227.136363636364
	111056.0	24815.627272727274
	111388.0	23671.01818181818
	111592.0	23324.945454545457
	111686.0	24727.036363636365
	112718.0	26483.272727272728
	112806.0	26565.46363636364
	113126.0	26695.581818181818
	113316.0	23738.454545454544
	113478.0	25438.88051948052
	113540.0	28894.718181818185
	113582.0	23005.054545454546
	113668.0	27532.32727272727
	113792.0	25574.654545454545
	114970.0	25015.363636363636
	115652.0	24069.28051948052
	115668.0	23514.336363636365
	116034.0	23613.745454545457
	116534.0	23271.245454545457
	116750.0	23819.418181818182
	117042.0	23301.945454545457
	117814.0	26032.718181818185
	117934.0	23679.01818181818
	118554.0	26011.727272727272
	118778.0	23712.654545454545
	119012.0	25461.88051948052
	119300.0	22797.236363636366
	122748.0	22759.600000000002
	122748.0	23061.16363636364
	123200.0	28071.181818181816
	123434.0	24287.99220779221
	123656.0	22752.336363636365
	125444.0	27230.6
	125730.0	22305.49090909091
	127554.0	24677.718181818185
	132108.0	24488.01818181818
	133540.0	23159.327272727274
	135454.0	24670.027272727275
	137002.0	23325.58051948052
	138498.0	19293.51818181818


	55172.0	28498.181818181816
	60304.0	27158.1
	61972.0	28602.227272727272
	61982.0	29551.878787878788
	62142.0	28351.245454545453
	62176.0	28366.845454545455
	62570.0	30226.7
	62732.0	26963.38051948052
	62866.0	28322.645454545454
	63078.0	28301.363636363636
	63560.0	28232.263636363637
	64664.0	26707.1
	65780.0	25845.127272727274
	66326.0	28286.409090909092
	66680.0	27831.681818181816
	67404.0	25108.354545454546
	67656.0	28854.678787878787
	67926.0	24935.745454545457
	68092.0	27586.163636363635
	68386.0	24566.336363636365
	68688.0	28961.36666666667
	68816.0	27154.702597402596
	69038.0	28270.663636363635
	69280.0	28114.563636363637
	70764.0	23234.554545454546
	73134.0	27568.945454545457
	73680.0	27740.445454545457
	73918.0	26678.936363636363
	74924.0	27380.702597402596
	75158.0	25488.236363636366
	76346.0	27008.102597402598
	76358.0	26185.424675324677
	78478.0	28206.745454545453
	79112.0	26201.3025974026
	79190.0	26092.746753246753
	79864.0	25142.372727272726
	79874.0	22964.454545454544
	79910.0	29200.89090909091
	81512.0	25713.154545454545
	83656.0	24333.47012987013
	83926.0	23975.554545454546
	84540.0	25869.524675324676
	85370.0	26891.945454545457
	86712.0	26578.024675324676
	87204.0	28382.545454545456
	88422.0	22055.98181818182
	88680.0	28301.38484848485
	89690.0	25096.402597402597
	92272.0	26102.246753246753
	93064.0	28962.68484848485
	93638.0	27655.2
	95928.0	21800.218181818185
	96266.0	27751.96363636364
	100200.0	26145.1
	106202.0	20663.98181818182
	110318.0	28002.236363636366
	110480.0	26114.270129870132
	110890.0	23227.136363636364
	111056.0	24815.627272727274
	111388.0	23671.01818181818
	111592.0	23324.945454545457
	111686.0	24727.036363636365
	112718.0	26483.272727272728
	112806.0	26565.46363636364
	113126.0	26695.581818181818
	113316.0	23738.454545454544
	113478.0	25438.88051948052
	113540.0	28894.718181818185
	113582.0	23005.054545454546
	113668.0	27532.32727272727
	113792.0	25574.654545454545
	114080.0	24977.89090909091
	114970.0	25015.363636363636
	115652.0	24069.28051948052
	115668.0	23514.336363636365
	116034.0	23613.745454545457
	116534.0	23271.245454545457
	116750.0	23819.418181818182
	117042.0	23301.945454545457
	117814.0	26032.718181818185
	117934.0	23679.01818181818
	118554.0	26011.727272727272
	118778.0	23712.654545454545
	119012.0	25461.88051948052
	119300.0	22797.236363636366
	122748.0	23061.16363636364
	122748.0	22759.600000000002
	123200.0	28071.181818181816
	123434.0	24287.99220779221
	123656.0	22752.336363636365
	125444.0	27230.6
	125730.0	22305.49090909091
	127554.0	24677.718181818185
	129674.0	24085.19090909091
	132108.0	24488.01818181818
	132696.0	22513.4
	133540.0	23159.327272727274
	135454.0	24670.027272727275
	137002.0	23325.58051948052
	138498.0	19293.51818181818


	55172.0	28498.181818181816
	60304.0	27158.1
	62570.0	30226.7
	62732.0	26963.38051948052
	63746.0	26790.98051948052
	64664.0	26707.1
	65780.0	25845.127272727274
	66326.0	28286.409090909092
	67062.0	28584.648484848483
	67404.0	25108.354545454546
	67926.0	24935.745454545457
	68386.0	24566.336363636365
	70764.0	23234.554545454546
	71932.0	21367.163636363635
	78634.0	27500.045454545456
	79274.0	27777.045454545456
	79910.0	29200.89090909091
	85420.0	27112.763636363637
	85926.0	27319.948484848486
	86068.0	27545.045454545456
	88250.0	27732.345454545455
	90510.0	27179.836363636365
	90918.0	27474.245454545453
	95212.0	27360.072727272727
	95244.0	24898.29220779221
	95644.0	27574.027272727275
	99894.0	29814.236363636366
	100200.0	26145.1
	101584.0	25573.318181818184
	104336.0	24686.027272727275
	104442.0	25609.445454545457
	104462.0	27989.845454545455
	104520.0	25851.758441558442
	104616.0	26231.958441558443
	105630.0	26930.824675324675
	106202.0	20663.98181818182
	106728.0	24293.127272727274
	108112.0	24673.345454545455
	108454.0	27773.9
	110318.0	28002.236363636366
	110324.0	23446.372727272726
	110326.0	28734.47878787879
	110480.0	26114.270129870132
	110890.0	23227.136363636364
	110928.0	23653.727272727272
	111056.0	24815.627272727274
	111388.0	23671.01818181818
	111508.0	25471.936363636363
	111592.0	23324.945454545457
	111686.0	24727.036363636365
	111716.0	25429.345454545455
	112688.0	26296.563636363637
	112718.0	26483.272727272728
	112806.0	26565.46363636364
	113126.0	26695.581818181818
	113316.0	23738.454545454544
	113478.0	25438.88051948052
	113540.0	28894.718181818185
	113582.0	23005.054545454546
	113668.0	27532.32727272727
	113792.0	25574.654545454545
	113868.0	25581.136363636364
	114080.0	24977.89090909091
	114512.0	23121.872727272726
	114970.0	25015.363636363636
	115652.0	24069.28051948052
	115668.0	23514.336363636365
	116034.0	23613.745454545457
	116534.0	23271.245454545457
	116750.0	23819.418181818182
	117042.0	23301.945454545457
	117262.0	23407.554545454546
	117312.0	23968.136363636364
	117670.0	26730.336363636365
	117814.0	26032.718181818185
	117934.0	23679.01818181818
	118554.0	26011.727272727272
	118778.0	23712.654545454545
	119012.0	25461.88051948052
	119300.0	22797.236363636366
	120296.0	23297.345454545455
	122748.0	22759.600000000002
	122748.0	23061.16363636364
	123200.0	28071.181818181816
	123434.0	24287.99220779221
	123656.0	22752.336363636365
	125444.0	27230.6
	125730.0	22305.49090909091
	125804.0	23877.409090909092
	126782.0	26937.466666666667
	126848.0	26497.1
	127554.0	24677.718181818185
	129674.0	24085.19090909091
	132108.0	24488.01818181818
	132696.0	22513.4
	133540.0	23159.327272727274
	135454.0	24670.027272727275
	137002.0	23325.58051948052
	137788.0	24506.863636363636
	138498.0	19293.51818181818


	55172.0	28498.181818181816
	60304.0	27158.1
	61982.0	29551.878787878788
	62732.0	26963.38051948052
	63746.0	26790.98051948052
	63856.0	27340.38051948052
	64664.0	26707.1
	65780.0	25845.127272727274
	66276.0	27569.568831168832
	67404.0	25108.354545454546
	67926.0	24935.745454545457
	68386.0	24566.336363636365
	70764.0	23234.554545454546
	70992.0	27360.527272727275
	71932.0	21367.163636363635
	72668.0	29135.86666666667
	72820.0	27487.445454545457
	73148.0	27742.846753246755
	73330.0	27593.945454545457
	74054.0	27565.345454545455
	75192.0	27444.145454545454
	77906.0	26146.114285714288
	77928.0	27115.227272727272
	78570.0	28417.609090909093
	79178.0	25238.236363636366
	79190.0	28812.590909090908
	79250.0	28690.872727272726
	79998.0	26616.145454545454
	80340.0	27239.202597402596
	80474.0	27204.527272727275
	80622.0	26731.98051948052
	81266.0	27358.9
	81544.0	26600.98051948052
	82416.0	26064.054545454546
	82680.0	29413.88181818182
	82766.0	23993.218181818185
	83178.0	26382.846753246755
	83392.0	29945.445454545457
	83450.0	25822.436363636363
	85434.0	26006.536363636365
	86806.0	27128.081818181818
	86930.0	27797.82727272727
	87086.0	26757.046753246752
	87974.0	27901.627272727274
	88896.0	25288.87012987013
	89524.0	24807.627272727274
	89894.0	24554.736363636366
	89900.0	28146.68181818182
	90282.0	27510.79090909091
	90650.0	28012.39090909091
	92090.0	28069.181818181816
	92132.0	27776.127272727274
	92214.0	26137.36883116883
	92410.0	28290.39090909091
	92482.0	29179.49090909091
	93604.0	26713.027272727275
	94116.0	25155.524675324676
	94264.0	27429.39090909091
	97212.0	24725.363636363636
	97814.0	28407.536363636365
	99890.0	27687.97272727273
	100038.0	26081.446753246753
	101192.0	24536.445454545457
	101814.0	23790.272727272728
	102010.0	24135.51818181818
	102492.0	27986.89090909091
	103430.0	25074.554545454546
	106202.0	20663.98181818182
	106276.0	23359.545454545456
	115570.0	24378.97272727273
	116750.0	23819.418181818182
	117262.0	23407.554545454546
	117312.0	23968.136363636364
	117670.0	26730.336363636365
	117814.0	26032.718181818185
	117934.0	23679.01818181818
	118554.0	26011.727272727272
	118778.0	23712.654545454545
	119012.0	25461.88051948052
	119300.0	22797.236363636366
	120296.0	23297.345454545455
	122748.0	23061.16363636364
	122748.0	22759.600000000002
	123200.0	28071.181818181816
	123434.0	24287.99220779221
	123656.0	22752.336363636365
	125444.0	27230.6
	125730.0	22305.49090909091
	125804.0	23877.409090909092
	126782.0	26937.466666666667
	126848.0	26497.1
	127554.0	24677.718181818185
	129674.0	24085.19090909091
	132108.0	24488.01818181818
	132696.0	22513.4
	133540.0	23159.327272727274
	135454.0	24670.027272727275
	137002.0	23325.58051948052
	137788.0	24506.863636363636
	138498.0	19293.51818181818


	55172.0	28498.181818181816
	60304.0	27158.1
	61982.0	29551.878787878788
	62142.0	28351.245454545453
	62176.0	28366.845454545455
	62342.0	28260.245454545453
	62732.0	26963.38051948052
	63746.0	26790.98051948052
	64664.0	26707.1
	65780.0	25845.127272727274
	66276.0	27569.568831168832
	67404.0	25108.354545454546
	67790.0	27130.927272727273
	67926.0	24935.745454545457
	68386.0	24566.336363636365
	68520.0	29093.17272727273
	68882.0	24515.736363636366
	69570.0	28625.627272727274
	70764.0	23234.554545454546
	71034.0	26415.454545454544
	71932.0	21367.163636363635
	72316.0	26205.872727272726
	76520.0	25574.336363636365
	77464.0	24347.627272727274
	77902.0	29302.68484848485
	80118.0	30188.451239669423
	82948.0	24759.554545454546
	84502.0	28388.145454545454
	85842.0	23889.136363636364
	85958.0	27768.645454545454
	88116.0	23591.5
	88246.0	28809.245454545453
	90310.0	27624.2
	91236.0	26638.0025974026
	96238.0	27818.527272727275
	99504.0	24708.436363636363
	100650.0	26556.563636363637
	101814.0	23790.272727272728
	102010.0	24135.51818181818
	102492.0	27986.89090909091
	103324.0	25755.324675324675
	103430.0	25074.554545454546
	106202.0	20663.98181818182
	106276.0	23359.545454545456
	106646.0	26493.958441558443
	107610.0	22376.372727272726
	108454.0	27773.9
	109082.0	23966.97272727273
	109594.0	25066.848051948054
	109636.0	25030.127272727274
	110284.0	22514.045454545456
	110406.0	23122.78181818182
	111024.0	24263.772727272728
	111356.0	22635.16363636364
	115570.0	24378.97272727273
	116742.0	23226.763636363637
	116750.0	23819.418181818182
	117042.0	23301.945454545457
	117178.0	24300.327272727274
	117262.0	23407.554545454546
	117312.0	23968.136363636364
	117530.0	26494.681818181816
	117670.0	26730.336363636365
	117814.0	26032.718181818185
	117930.0	25781.102597402598
	117934.0	23679.01818181818
	118356.0	27382.660606060606
	118554.0	26011.727272727272
	118778.0	23712.654545454545
	119012.0	25461.88051948052
	119300.0	22797.236363636366
	120138.0	24404.9
	120296.0	23297.345454545455
	121314.0	22621.563636363637
	122022.0	22472.181818181816
	122410.0	27531.036363636365
	122474.0	22271.17272727273
	122748.0	23061.16363636364
	122748.0	22759.600000000002
	123200.0	28071.181818181816
	123434.0	24287.99220779221
	123656.0	22752.336363636365
	124536.0	24444.427272727273
	125444.0	27230.6
	125730.0	22305.49090909091
	125804.0	23877.409090909092
	126524.0	24583.136363636364
	126782.0	26937.466666666667
	126848.0	26497.1
	127554.0	24677.718181818185
	128728.0	19603.49090909091
	129674.0	24085.19090909091
	132036.0	21811.627272727274
	132108.0	24488.01818181818
	132696.0	22513.4
	133540.0	23159.327272727274
	135454.0	24670.027272727275
	137002.0	23325.58051948052
	137788.0	24506.863636363636
	138498.0	19293.51818181818


	55172.0	28498.181818181816
	60304.0	27158.1
	61976.0	27099.402597402597
	61982.0	29551.878787878788
	62176.0	28366.845454545455
	62342.0	28260.245454545453
	62732.0	26963.38051948052
	62980.0	26386.818181818184
	65780.0	25845.127272727274
	66382.0	30904.736363636366
	67280.0	28314.968831168833
	67404.0	25108.354545454546
	67790.0	27130.927272727273
	67926.0	24935.745454545457
	68092.0	27183.3025974026
	68386.0	24566.336363636365
	68882.0	24515.736363636366
	68976.0	28902.00909090909
	69730.0	27872.445454545457
	69986.0	26469.38051948052
	70764.0	23234.554545454546
	71308.0	25785.236363636366
	71932.0	21367.163636363635
	72080.0	25962.17012987013
	72618.0	25685.824675324675
	73024.0	29437.19090909091
	73292.0	25274.245454545457
	73372.0	27164.35844155844
	73692.0	25679.845454545455
	73946.0	26030.454545454544
	74396.0	28432.427272727273
	75960.0	27297.845454545455
	78486.0	26810.48051948052
	79142.0	26250.068831168832
	80368.0	28579.084848484847
	80548.0	27421.98051948052
	80782.0	30985.445454545457
	82642.0	25678.636363636364
	84364.0	26933.809090909093
	84876.0	27814.46363636364
	85114.0	26717.554545454546
	87140.0	24609.809090909093
	87738.0	28490.46060606061
	87848.0	27084.69090909091
	90068.0	26295.646753246754
	93314.0	29431.584848484847
	93494.0	24752.045454545456
	95434.0	26480.658441558444
	96122.0	25882.468831168833
	97116.0	25761.592207792208
	99536.0	25783.78051948052
	101384.0	24927.027272727275
	102330.0	25070.78181818182
	105256.0	23267.909090909092
	106086.0	26406.98051948052
	106202.0	20663.98181818182
	106394.0	23143.65454545455
	107732.0	23421.636363636364
	117312.0	23968.136363636364
	117530.0	26494.681818181816
	117670.0	26730.336363636365
	117814.0	26032.718181818185
	117930.0	25781.102597402598
	117934.0	23679.01818181818
	118356.0	27382.660606060606
	118554.0	26011.727272727272
	118778.0	23712.654545454545
	119012.0	25461.88051948052
	120138.0	24404.9
	120296.0	23297.345454545455
	121452.0	22127.936363636363
	122022.0	22472.181818181816
	122410.0	27531.036363636365
	122474.0	22271.17272727273
	122748.0	22759.600000000002
	122748.0	23061.16363636364
	123200.0	28071.181818181816
	123434.0	24287.99220779221
	123656.0	22752.336363636365
	124536.0	24444.427272727273
	125444.0	27230.6
	125730.0	22305.49090909091
	125804.0	23877.409090909092
	126524.0	24583.136363636364
	126782.0	26937.466666666667
	126848.0	26497.1
	127554.0	24677.718181818185
	128672.0	21773.88181818182
	128728.0	19603.49090909091
	128814.0	21709.272727272728
	129674.0	24085.19090909091
	132036.0	21811.627272727274
	132108.0	24488.01818181818
	132696.0	22513.4
	133540.0	23159.327272727274
	135454.0	24670.027272727275
	137002.0	23325.58051948052
	137788.0	24506.863636363636
	138498.0	19293.51818181818
	143496.0	21630.88181818182


	55172.0	28498.181818181816
	60304.0	27158.1
	61976.0	27099.402597402597
	61982.0	29551.878787878788
	62054.0	28951.27878787879
	62176.0	28366.845454545455
	62342.0	28260.245454545453
	62732.0	26963.38051948052
	62774.0	28483.163636363635
	62866.0	28322.645454545454
	62980.0	26386.818181818184
	63644.0	26320.01818181818
	65780.0	25845.127272727274
	66294.0	27307.681818181816
	67404.0	25108.354545454546
	67570.0	28428.97878787879
	67790.0	27130.927272727273
	67926.0	24935.745454545457
	68016.0	26972.924675324677
	68092.0	27183.3025974026
	68194.0	28992.872727272726
	68386.0	24566.336363636365
	68386.0	26677.58051948052
	68434.0	26627.68051948052
	68724.0	27305.48051948052
	68882.0	24515.736363636366
	69016.0	27063.702597402596
	70048.0	26769.88051948052
	70764.0	23234.554545454546
	71932.0	21367.163636363635
	72818.0	26126.78051948052
	72828.0	26202.17272727273
	73348.0	27668.045454545456
	73742.0	27618.224675324676
	74048.0	26222.854545454546
	75452.0	26711.78051948052
	77742.0	26138.036363636365
	78882.0	28124.96363636364
	79096.0	28925.084848484847
	79194.0	27280.645454545454
	80554.0	27099.063636363637
	81454.0	26205.345454545455
	83720.0	24230.392207792207
	84086.0	23568.354545454546
	85978.0	28664.378787878788
	87986.0	28912.4
	88434.0	24169.618181818183
	89684.0	27448.15844155844
	91198.0	28131.503030303033
	91578.0	27061.99090909091
	92140.0	23458.79090909091
	93882.0	23281.454545454544
	93954.0	26722.627272727274
	95490.0	23287.109090909093
	95516.0	26615.848484848484
	101166.0	26614.263636363637
	102168.0	23335.254545454547
	106202.0	20663.98181818182
	106408.0	23949.418181818182
	107732.0	23421.636363636364
	109702.0	25027.936363636363
	110900.0	23637.445454545457
	117312.0	23968.136363636364
	117530.0	26494.681818181816
	117670.0	26730.336363636365
	117814.0	26032.718181818185
	117930.0	25781.102597402598
	117934.0	23679.01818181818
	118356.0	27382.660606060606
	118554.0	26011.727272727272
	118778.0	23712.654545454545
	119012.0	25461.88051948052
	120138.0	24404.9
	120296.0	23297.345454545455
	122022.0	22472.181818181816
	122410.0	27531.036363636365
	122474.0	22271.17272727273
	122748.0	23061.16363636364
	122748.0	22759.600000000002
	123200.0	28071.181818181816
	123434.0	24287.99220779221
	123656.0	22752.336363636365
	124536.0	24444.427272727273
	125444.0	27230.6
	125730.0	22305.49090909091
	125804.0	23877.409090909092
	126524.0	24583.136363636364
	126782.0	26937.466666666667
	126848.0	26497.1
	127554.0	24677.718181818185
	128728.0	19603.49090909091
	129674.0	24085.19090909091
	132036.0	21811.627272727274
	132108.0	24488.01818181818
	132696.0	22513.4
	133540.0	23159.327272727274
	135454.0	24670.027272727275
	137002.0	23325.58051948052
	137788.0	24506.863636363636
	138498.0	19293.51818181818


	55172.0	28498.181818181816
	60304.0	27158.1
	61976.0	27099.402597402597
	61982.0	29551.878787878788
	62180.0	28961.47272727273
	62342.0	28260.245454545453
	62570.0	30268.9
	62732.0	26963.38051948052
	62980.0	26386.818181818184
	63644.0	26320.01818181818
	65780.0	25845.127272727274
	66294.0	27307.681818181816
	66490.0	28217.945454545457
	67404.0	25108.354545454546
	67570.0	28428.97878787879
	67926.0	24935.745454545457
	68386.0	24566.336363636365
	68786.0	26703.68051948052
	68882.0	24515.736363636366
	68924.0	27214.48051948052
	69016.0	27063.702597402596
	69830.0	30596.445454545457
	70764.0	23234.554545454546
	71932.0	21367.163636363635
	72128.0	27270.968831168833
	73742.0	27618.224675324676
	75540.0	26711.98051948052
	75780.0	26988.68051948052
	77006.0	27566.82727272727
	79194.0	27280.645454545454
	79820.0	25382.58051948052
	80188.0	24073.136363636364
	80268.0	26821.727272727272
	81168.0	29148.303030303032
	81468.0	27251.946753246753
	81886.0	23920.036363636365
	84242.0	27966.00909090909
	84640.0	28303.57878787879
	85698.0	29350.427272727273
	85956.0	27676.70909090909
	86714.0	27971.28484848485
	87480.0	25596.346753246755
	88102.0	26524.627272727274
	90060.0	27386.7
	90170.0	27189.70909090909
	90224.0	29790.99090909091
	90610.0	25695.263636363637
	91004.0	25949.102597402598
	94906.0	27332.07878787879
	94936.0	25867.758441558442
	95056.0	26552.658441558444
	95256.0	27291.645454545454
	98576.0	25638.914285714287
	102062.0	26638.38181818182
	102172.0	24341.145454545454
	106202.0	20663.98181818182
	106580.0	25511.927272727273
	109112.0	23733.9
	109702.0	25027.936363636363
	110900.0	23637.445454545457
	111448.0	28174.104132231405
	112848.0	24992.746753246753
	117312.0	23968.136363636364
	117530.0	26494.681818181816
	117670.0	26730.336363636365
	117814.0	26032.718181818185
	117930.0	25781.102597402598
	117934.0	23679.01818181818
	118356.0	27382.660606060606
	118554.0	26011.727272727272
	118778.0	23712.654545454545
	119012.0	25461.88051948052
	120138.0	24404.9
	120296.0	23297.345454545455
	122022.0	22472.181818181816
	122410.0	27531.036363636365
	122474.0	22271.17272727273
	122748.0	22759.600000000002
	122748.0	23061.16363636364
	123200.0	28071.181818181816
	123434.0	24287.99220779221
	123656.0	22752.336363636365
	124536.0	24444.427272727273
	125444.0	27230.6
	125730.0	22305.49090909091
	125804.0	23877.409090909092
	126524.0	24583.136363636364
	126782.0	26937.466666666667
	126848.0	26497.1
	127554.0	24677.718181818185
	128728.0	19603.49090909091
	129674.0	24085.19090909091
	132036.0	21811.627272727274
	132108.0	24488.01818181818
	132696.0	22513.4
	133540.0	23159.327272727274
	135454.0	24670.027272727275
	137002.0	23325.58051948052
	137788.0	24506.863636363636
	138498.0	19293.51818181818


	55172.0	28498.181818181816
	57328.0	28607.46363636364
	58312.0	28641.27878787879
	60138.0	31084.99090909091
	60304.0	27158.1
	60896.0	28792.945454545457
	61976.0	27099.402597402597
	61982.0	29551.878787878788
	62180.0	28961.47272727273
	62732.0	26963.38051948052
	62980.0	26386.818181818184
	63608.0	31455.304132231402
	63644.0	26320.01818181818
	65586.0	27016.7
	65780.0	25845.127272727274
	66544.0	27023.98181818182
	67404.0	25108.354545454546
	67570.0	28428.97878787879
	67926.0	24935.745454545457
	68386.0	24566.336363636365
	68882.0	24515.736363636366
	70052.0	28140.46363636364
	70764.0	23234.554545454546
	71932.0	21367.163636363635
	72236.0	27983.409090909092
	73134.0	27568.945454545457
	74638.0	26793.18051948052
	75780.0	26988.68051948052
	76452.0	26244.863636363636
	77612.0	25986.836363636365
	77688.0	30075.136363636364
	77956.0	26956.402597402597
	78088.0	24773.309090909093
	78224.0	30091.78181818182
	79486.0	26400.236363636366
	80188.0	24030.936363636363
	81202.0	23918.536363636365
	81202.0	23960.736363636366
	83346.0	26610.602597402598
	85348.0	25611.98051948052
	85698.0	29240.827272727274
	86014.0	27403.581818181818
	86312.0	28432.045454545456
	87904.0	28594.409090909092
	89308.0	24398.654545454545
	89824.0	27466.00909090909
	89894.0	26529.524675324676
	90188.0	23519.845454545455
	93280.0	24993.414285714287
	94630.0	24361.15844155844
	95814.0	26635.3025974026
	96010.0	26277.563636363637
	97018.0	25488.968831168833
	99452.0	26617.902597402597
	101216.0	25356.836363636365
	102172.0	24341.145454545454
	102668.0	24688.545454545456
	103714.0	24681.436363636363
	105468.0	24646.036363636365
	106202.0	20663.98181818182
	107684.0	26879.266666666666
	112848.0	24992.746753246753
	117312.0	23968.136363636364
	117530.0	26494.681818181816
	117670.0	26730.336363636365
	117814.0	26032.718181818185
	117930.0	25781.102597402598
	117934.0	23679.01818181818
	118356.0	27382.660606060606
	118554.0	26011.727272727272
	118778.0	23712.654545454545
	119012.0	25461.88051948052
	120138.0	24404.9
	120296.0	23297.345454545455
	122022.0	22472.181818181816
	122410.0	27531.036363636365
	122474.0	22271.17272727273
	122748.0	22759.600000000002
	122748.0	23061.16363636364
	123200.0	28071.181818181816
	123434.0	24287.99220779221
	123656.0	22752.336363636365
	124536.0	24444.427272727273
	125444.0	27230.6
	125730.0	22305.49090909091
	125804.0	23877.409090909092
	126524.0	24583.136363636364
	126782.0	26937.466666666667
	126848.0	26497.1
	127554.0	24677.718181818185
	128728.0	19603.49090909091
	129674.0	24085.19090909091
	132036.0	21811.627272727274
	132108.0	24488.01818181818
	132696.0	22513.4
	133540.0	23159.327272727274
	135454.0	24670.027272727275
	137002.0	23325.58051948052
	137788.0	24506.863636363636
	138498.0	19293.51818181818


