

	61274.0	30800.145454545454
	64736.0	29604.59696969697
	67062.0	28584.648484848483
	67466.0	28043.627272727274
	69318.0	30200.37272727273
	72892.0	27671.458441558443
	75142.0	30198.49090909091
	77364.0	30351.654545454545
	77448.0	28996.045454545456
	78014.0	30700.49090909091
	79134.0	27360.55844155844
	79578.0	29095.18484848485
	79772.0	30231.154545454545
	79998.0	30935.936363636363
	80776.0	29393.96363636364
	80920.0	29891.196969696968
	81218.0	29770.6
	81408.0	29558.054545454546
	82736.0	28219.5
	82988.0	28277.51818181818
	83578.0	30178.009090909094
	83880.0	27164.754545454547
	84122.0	23787.16363636364
	84618.0	28354.554545454546
	85286.0	30789.430578512398
	85322.0	29747.909090909092
	85540.0	28010.063636363637
	85856.0	29558.50909090909
	86016.0	26496.636363636364
	86964.0	29923.29090909091
	87074.0	28286.96363636364
	87266.0	26885.01818181818
	87650.0	26996.536363636365
	88086.0	27974.527272727275
	88758.0	28318.50909090909
	89054.0	28757.342424242423
	89386.0	26792.78051948052
	89398.0	28875.142424242425
	89448.0	28858.37272727273
	89832.0	28559.29090909091
	89942.0	29288.572727272727
	90914.0	28643.70909090909
	90962.0	28825.442424242425
	91194.0	28388.32727272727
	91454.0	28551.809090909093
	91536.0	28489.69090909091
	91548.0	28666.49090909091
	91666.0	28354.590909090908
	91758.0	28712.090909090908
	91836.0	28854.20909090909
	91856.0	28478.99090909091
	91870.0	30949.236363636366
	92120.0	28569.409090909092
	92232.0	23708.17272727273
	92280.0	25904.00909090909
	92364.0	26801.568831168832
	92420.0	28429.69090909091
	94886.0	27849.636363636364
	94886.0	27849.636363636364
	95484.0	28604.50909090909
	95786.0	25885.554545454546
	95844.0	27718.130303030302
	95858.0	27584.424675324677
	95880.0	27608.336363636365
	95928.0	26326.536363636365
	96346.0	27097.768831168833
	96396.0	26984.36883116883
	96520.0	26310.136363636364
	96936.0	27142.16883116883
	97066.0	27007.068831168832
	97502.0	28561.563636363637
	97502.0	28561.563636363637
	98254.0	27328.468831168833
	98360.0	28173.630303030302
	98460.0	25432.325974025975
	99118.0	27530.16883116883
	99140.0	28637.88181818182
	99398.0	27583.01818181818
	99436.0	26208.309090909093
	99614.0	28474.536363636365
	100234.0	27400.746753246753
	100502.0	26634.49090909091
	100538.0	26248.863636363636
	100766.0	26454.17012987013
	101384.0	28840.154545454545
	101420.0	26510.127272727274
	101422.0	26188.863636363636
	101442.0	26516.770129870132
	103166.0	26174.254545454547
	103290.0	29329.754545454547
	103760.0	28590.766666666666
	104258.0	27259.336363636365
	105520.0	28869.148484848483
	106418.0	27171.54805194805
	107094.0	27413.354545454546
	107826.0	27964.136363636364
	110318.0	28002.236363636366
	112718.0	26483.272727272728
	113682.0	26975.4
	115268.0	28582.042424242427


	61274.0	30800.145454545454
	64736.0	29604.59696969697
	65164.0	28128.89090909091
	65562.0	26323.036363636365
	69320.0	25547.236363636366
	77364.0	30351.654545454545
	77596.0	25321.227272727272
	80920.0	29891.196969696968
	81218.0	29770.6
	81408.0	29558.054545454546
	82926.0	30409.536363636365
	83086.0	28990.760606060605
	83566.0	28932.760606060605
	83578.0	30178.009090909094
	83948.0	29748.00909090909
	83984.0	28798.50909090909
	84122.0	23787.16363636364
	84618.0	28354.554545454546
	85286.0	30789.430578512398
	85322.0	29747.909090909092
	85856.0	29558.50909090909
	86544.0	28484.445454545457
	86964.0	29923.29090909091
	87074.0	28286.96363636364
	88086.0	27974.527272727275
	88758.0	28318.50909090909
	88820.0	28809.49696969697
	89006.0	27877.081818181818
	89054.0	28757.342424242423
	89398.0	28875.142424242425
	89448.0	28858.37272727273
	89832.0	28559.29090909091
	89942.0	29288.572727272727
	90116.0	26810.04805194805
	90308.0	27613.318181818184
	90886.0	28526.809090909093
	90914.0	28643.70909090909
	90962.0	28825.442424242425
	91194.0	28388.32727272727
	91454.0	28551.809090909093
	91536.0	28489.69090909091
	91548.0	28666.49090909091
	91666.0	28354.590909090908
	91758.0	28712.090909090908
	91836.0	28854.20909090909
	91856.0	28478.99090909091
	91870.0	30949.236363636366
	92010.0	27022.1
	92120.0	28569.409090909092
	92232.0	23708.17272727273
	92364.0	26801.568831168832
	92420.0	28429.69090909091
	94886.0	27849.636363636364
	95484.0	28604.50909090909
	95844.0	27718.130303030302
	95858.0	27584.424675324677
	95880.0	27608.336363636365
	96012.0	26663.827272727274
	96266.0	27010.860606060607
	96346.0	27097.768831168833
	96396.0	26984.36883116883
	96494.0	28618.47272727273
	96936.0	27142.16883116883
	97066.0	27007.068831168832
	97502.0	28561.563636363637
	98210.0	26818.436363636363
	98254.0	27328.468831168833
	98360.0	28173.630303030302
	99118.0	27530.16883116883
	99140.0	28637.88181818182
	99398.0	27583.01818181818
	99614.0	28474.536363636365
	100234.0	27400.746753246753
	100252.0	27318.309090909093
	100502.0	26634.49090909091
	100538.0	26248.863636363636
	100766.0	26454.17012987013
	101384.0	28840.154545454545
	101420.0	26510.127272727274
	101422.0	26188.863636363636
	101442.0	26516.770129870132
	101972.0	26657.65454545455
	102118.0	29343.818181818184
	103166.0	26174.254545454547
	103290.0	29329.754545454547
	103346.0	27269.654545454545
	103760.0	28590.766666666666
	104258.0	27259.336363636365
	105520.0	28869.148484848483
	105538.0	26136.163636363635
	106418.0	27171.54805194805
	107094.0	27413.354545454546
	107826.0	27964.136363636364
	110318.0	28002.236363636366
	111734.0	23376.854545454546
	112718.0	26483.272727272728
	113682.0	26975.4
	115268.0	28582.042424242427
	115706.0	28479.78181818182
	117290.0	26378.89090909091


	56032.0	29879.072727272727
	64438.0	26170.845454545455
	69320.0	25547.236363636366
	72518.0	28931.96363636364
	73008.0	30033.79090909091
	73338.0	30869.336363636365
	73446.0	29336.39090909091
	73888.0	29628.88484848485
	74956.0	30816.58181818182
	75142.0	30198.49090909091
	76874.0	30634.19090909091
	77036.0	28166.354545454546
	77306.0	28113.590909090908
	77364.0	30351.654545454545
	77446.0	25293.827272727274
	77448.0	28996.045454545456
	77806.0	28614.86666666667
	78188.0	28526.624675324674
	79170.0	26911.81428571429
	79204.0	28654.28484848485
	79306.0	27399.845454545455
	79900.0	28238.418181818182
	80776.0	29393.96363636364
	80920.0	29891.196969696968
	81218.0	29770.6
	81766.0	28355.090909090908
	82512.0	27519.54805194805
	82736.0	28219.5
	82882.0	30292.59696969697
	82882.0	26768.954545454544
	82910.0	28477.409090909092
	82988.0	28277.51818181818
	83512.0	26977.636363636364
	83792.0	27632.82727272727
	83880.0	27164.754545454547
	84122.0	23787.16363636364
	84268.0	27184.718181818185
	85508.0	27746.78181818182
	85540.0	28010.063636363637
	85564.0	27895.418181818182
	86016.0	26496.636363636364
	86222.0	26568.027272727275
	86430.0	26662.87012987013
	87266.0	26885.01818181818
	87650.0	26996.536363636365
	89066.0	26699.263636363637
	89386.0	26792.78051948052
	89828.0	27492.38181818182
	90444.0	28011.49090909091
	90698.0	23192.936363636363
	92252.0	27354.78181818182
	92252.0	27264.99090909091
	93414.0	28894.49090909091
	93766.0	26283.258441558442
	95928.0	26326.536363636365
	96520.0	26310.136363636364
	97528.0	25352.227272727272
	97586.0	29125.378787878788
	98360.0	28173.630303030302
	98460.0	25432.325974025975
	99118.0	27530.16883116883
	99140.0	28637.88181818182
	99398.0	27583.01818181818
	99436.0	26208.309090909093
	99614.0	28474.536363636365
	100048.0	26081.318181818184
	100234.0	27400.746753246753
	100252.0	27318.309090909093
	100502.0	26634.49090909091
	100538.0	26248.863636363636
	100766.0	26454.17012987013
	101384.0	28840.154545454545
	101420.0	26510.127272727274
	101422.0	26188.863636363636
	101442.0	26516.770129870132
	101972.0	26657.65454545455
	102118.0	29343.818181818184
	103166.0	26174.254545454547
	103290.0	29329.754545454547
	103346.0	27269.654545454545
	103760.0	28590.766666666666
	104258.0	27259.336363636365
	104902.0	25887.38051948052
	105520.0	28869.148484848483
	105538.0	26136.163636363635
	106034.0	25241.263636363637
	106046.0	25360.527272727275
	106418.0	27171.54805194805
	107094.0	27413.354545454546
	107826.0	27964.136363636364
	107876.0	24788.47272727273
	108542.0	26619.754545454547
	108918.0	27186.181818181816
	110318.0	28002.236363636366
	112718.0	26483.272727272728
	113682.0	26975.4
	115268.0	28582.042424242427
	115706.0	28479.78181818182
	117290.0	26378.89090909091
	117454.0	25452.97012987013


	56032.0	29879.072727272727
	62784.0	28913.063636363637
	64438.0	26170.845454545455
	69320.0	25547.236363636366
	70028.0	24384.227272727272
	73008.0	30033.79090909091
	73338.0	30869.336363636365
	78332.0	30021.49090909091
	78454.0	27463.20909090909
	79254.0	29852.484848484848
	79366.0	27817.590909090908
	79796.0	26809.19090909091
	80824.0	24369.054545454546
	83056.0	27294.89090909091
	84122.0	23787.16363636364
	85104.0	27433.254545454547
	87872.0	29226.336363636365
	88374.0	27849.696969696968
	88948.0	26068.58051948052
	89080.0	27033.402597402597
	89386.0	26792.78051948052
	89594.0	29367.27878787879
	89700.0	26837.345454545455
	89828.0	27492.38181818182
	90444.0	28011.49090909091
	90698.0	23192.936363636363
	91142.0	25707.145454545454
	91160.0	29783.08484848485
	91970.0	27011.402597402597
	92252.0	27264.99090909091
	92252.0	27354.78181818182
	92280.0	25904.00909090909
	93414.0	28894.49090909091
	93470.0	26013.736363636366
	93606.0	25940.88051948052
	93766.0	26283.258441558442
	94166.0	25280.354545454546
	94502.0	27383.046753246752
	95028.0	25113.392207792207
	95786.0	25885.554545454546
	95872.0	25139.836363636365
	95928.0	26326.536363636365
	96014.0	25781.754545454547
	96520.0	26310.136363636364
	97280.0	25908.214285714286
	97356.0	25070.9
	97528.0	25352.227272727272
	97586.0	29125.378787878788
	97980.0	22067.454545454544
	98196.0	26494.88181818182
	98360.0	28173.630303030302
	98460.0	25432.325974025975
	99100.0	27172.927272727273
	99118.0	27530.16883116883
	99140.0	28637.88181818182
	99398.0	27583.01818181818
	99436.0	26208.309090909093
	99614.0	28474.536363636365
	100048.0	26081.318181818184
	100062.0	25107.646753246754
	100234.0	27400.746753246753
	100252.0	27318.309090909093
	100502.0	26634.49090909091
	100538.0	26248.863636363636
	100766.0	26454.17012987013
	101360.0	24671.309090909093
	101384.0	28840.154545454545
	101420.0	26510.127272727274
	101422.0	26188.863636363636
	101442.0	26516.770129870132
	101972.0	26657.65454545455
	102028.0	27459.809090909093
	102118.0	29343.818181818184
	102408.0	27650.063636363637
	103166.0	26174.254545454547
	103290.0	29329.754545454547
	103346.0	27269.654545454545
	103760.0	28590.766666666666
	104258.0	27259.336363636365
	104902.0	25887.38051948052
	105520.0	28869.148484848483
	105538.0	26136.163636363635
	106034.0	25241.263636363637
	106046.0	25360.527272727275
	106418.0	27171.54805194805
	107094.0	27413.354545454546
	107826.0	27964.136363636364
	107876.0	24788.47272727273
	108542.0	26619.754545454547
	108918.0	27186.181818181816
	110318.0	28002.236363636366
	112196.0	24631.99090909091
	112718.0	26483.272727272728
	113682.0	26975.4
	115110.0	24944.81428571429
	115268.0	28582.042424242427
	115540.0	26478.268831168833
	115706.0	28479.78181818182
	117290.0	26378.89090909091
	117454.0	25452.97012987013


	56032.0	29879.072727272727
	62784.0	28913.063636363637
	64438.0	26170.845454545455
	69318.0	30200.37272727273
	69320.0	25547.236363636366
	69670.0	28658.50909090909
	70028.0	24384.227272727272
	70512.0	29267.59696969697
	70972.0	31198.764462809915
	72518.0	28931.96363636364
	72748.0	29558.309090909093
	73008.0	30033.79090909091
	73264.0	28011.609090909093
	73292.0	28496.845454545455
	73338.0	30869.336363636365
	73352.0	28181.79090909091
	73768.0	27633.5025974026
	73782.0	29696.090909090908
	74058.0	28412.163636363635
	74502.0	27545.35844155844
	75050.0	29051.245454545453
	75096.0	28128.527272727275
	75362.0	28042.29696969697
	75368.0	27106.063636363637
	75600.0	27011.08051948052
	75924.0	27848.39090909091
	76064.0	27456.01818181818
	76700.0	27013.446753246753
	76990.0	28135.8025974026
	77478.0	27292.46363636364
	77742.0	27283.345454545455
	78222.0	29371.49090909091
	78320.0	27042.88051948052
	78332.0	30021.49090909091
	78454.0	27463.20909090909
	78754.0	26628.514285714286
	79566.0	26433.602597402598
	79582.0	26650.727272727272
	80274.0	26361.345454545455
	80320.0	26455.97272727273
	80356.0	27770.924675324677
	80824.0	24369.054545454546
	81878.0	29916.345454545455
	83042.0	27939.227272727272
	83086.0	28990.760606060605
	84122.0	23787.16363636364
	85542.0	28024.768831168833
	85956.0	28181.79090909091
	88524.0	26428.724675324676
	88892.0	26815.263636363637
	88940.0	25933.97272727273
	88966.0	26864.402597402597
	89596.0	27094.8025974026
	89866.0	25977.514285714286
	90406.0	27233.3025974026
	90410.0	26026.3025974026
	90698.0	23192.936363636363
	91296.0	27557.163636363635
	91298.0	25198.754545454547
	91530.0	28788.67272727273
	94982.0	24873.554545454546
	95084.0	26808.78181818182
	95214.0	27849.89090909091
	97980.0	22067.454545454544
	97992.0	25795.648051948054
	98546.0	26955.772727272728
	99752.0	31923.20909090909
	101440.0	28392.67272727273
	101972.0	26657.65454545455
	102028.0	27459.809090909093
	102118.0	29343.818181818184
	102408.0	27650.063636363637
	103166.0	26174.254545454547
	103290.0	29329.754545454547
	103346.0	27269.654545454545
	103700.0	28396.77878787879
	103760.0	28590.766666666666
	103980.0	26707.958441558443
	104258.0	27259.336363636365
	104360.0	26009.55844155844
	104902.0	25887.38051948052
	105520.0	28869.148484848483
	105538.0	26136.163636363635
	106034.0	25241.263636363637
	106046.0	25360.527272727275
	106418.0	27171.54805194805
	107094.0	27413.354545454546
	107826.0	27964.136363636364
	107876.0	24788.47272727273
	108542.0	26619.754545454547
	108918.0	27186.181818181816
	110318.0	28002.236363636366
	112718.0	26483.272727272728
	113682.0	26975.4
	115110.0	24944.81428571429
	115268.0	28582.042424242427
	115540.0	26478.268831168833
	115706.0	28479.78181818182
	117290.0	26378.89090909091
	117454.0	25452.97012987013


	54024.0	27697.35844155844
	64438.0	26170.845454545455
	68338.0	30400.38181818182
	68988.0	28708.772727272728
	68996.0	27902.345454545455
	69070.0	28390.545454545456
	69320.0	25547.236363636366
	69558.0	28321.727272727272
	70002.0	27351.246753246753
	70028.0	24384.227272727272
	70432.0	28640.966666666667
	70478.0	27266.318181818184
	71896.0	27429.158441558444
	71974.0	27918.345454545455
	72246.0	27575.658441558444
	72782.0	27926.927272727273
	72892.0	27671.458441558443
	73382.0	27167.546753246752
	73404.0	27258.124675324678
	74038.0	29270.49696969697
	74510.0	27931.49090909091
	74740.0	21997.581818181818
	74994.0	27518.090909090908
	75178.0	27867.409090909092
	75572.0	27085.809090909093
	77190.0	26440.845454545455
	77196.0	29705.336363636365
	77982.0	27259.245454545453
	78428.0	26339.224675324676
	78610.0	26680.045454545456
	79746.0	28628.27878787879
	81278.0	28144.896969696973
	83462.0	26469.624675324678
	83538.0	26600.524675324676
	84590.0	27772.49090909091
	85364.0	29972.79090909091
	86144.0	28031.88181818182
	86282.0	28035.78181818182
	87016.0	27339.345454545455
	87304.0	25819.17272727273
	88966.0	26864.402597402597
	89696.0	25509.8025974026
	91132.0	26180.609090909093
	91268.0	25077.836363636365
	91298.0	25198.754545454547
	91456.0	26372.646753246754
	91530.0	28788.67272727273
	91730.0	24764.736363636366
	91972.0	28064.263636363637
	92100.0	28779.27878787879
	92136.0	25224.3025974026
	94982.0	24873.554545454546
	95084.0	26808.78181818182
	95214.0	27849.89090909091
	96560.0	24758.603896103898
	97214.0	24399.2
	97992.0	25795.648051948054
	98156.0	28073.945454545457
	98546.0	26955.772727272728
	99752.0	31923.20909090909
	99990.0	26150.82727272727
	100588.0	27012.19090909091
	101262.0	25825.258441558442
	101440.0	28392.67272727273
	101546.0	24372.354545454546
	101972.0	26657.65454545455
	102028.0	27459.809090909093
	102118.0	29343.818181818184
	102408.0	27650.063636363637
	103166.0	26174.254545454547
	103290.0	29329.754545454547
	103346.0	27269.654545454545
	103700.0	28396.77878787879
	103760.0	28590.766666666666
	103822.0	25239.202597402596
	103980.0	26707.958441558443
	104258.0	27259.336363636365
	104360.0	26009.55844155844
	104902.0	25887.38051948052
	105520.0	28869.148484848483
	105538.0	26136.163636363635
	106034.0	25241.263636363637
	106046.0	25360.527272727275
	106418.0	27171.54805194805
	107094.0	27413.354545454546
	107672.0	24354.96363636364
	107826.0	27964.136363636364
	107876.0	24788.47272727273
	108542.0	26619.754545454547
	108918.0	27186.181818181816
	110318.0	28002.236363636366
	112196.0	24631.99090909091
	112718.0	26483.272727272728
	113682.0	26975.4
	115110.0	24944.81428571429
	115268.0	28582.042424242427
	115540.0	26478.268831168833
	115706.0	28479.78181818182
	117290.0	26378.89090909091
	117454.0	25452.97012987013


	54024.0	27697.35844155844
	54036.0	26450.927272727273
	59624.0	26167.927272727273
	67062.0	28584.648484848483
	68420.0	28537.627272727274
	68464.0	28501.70909090909
	68686.0	27656.946753246753
	68988.0	28708.772727272728
	68996.0	27902.345454545455
	69268.0	27486.924675324677
	69276.0	27416.163636363635
	69320.0	25547.236363636366
	70028.0	24384.227272727272
	70966.0	30191.2
	71316.0	29825.763636363637
	71412.0	27240.681818181816
	73798.0	27054.402597402597
	74242.0	26623.372727272726
	74732.0	27125.0025974026
	74740.0	21997.581818181818
	74834.0	28473.79090909091
	75178.0	27867.409090909092
	75364.0	26824.0025974026
	75970.0	26604.272727272728
	77578.0	29094.38181818182
	77942.0	28677.445454545457
	78132.0	29018.309090909093
	78340.0	27708.772727272728
	78806.0	28121.136363636364
	78858.0	26660.024675324676
	79636.0	26867.045454545456
	79862.0	27884.763636363637
	80150.0	29155.327272727274
	81370.0	28035.590909090908
	82202.0	27673.36666666667
	82622.0	28732.666666666668
	84946.0	29929.5
	85020.0	27408.063636363637
	85040.0	31722.00909090909
	86278.0	28101.878787878788
	86814.0	27755.39090909091
	88960.0	28128.20909090909
	89360.0	29797.39090909091
	89622.0	26222.8025974026
	90250.0	25993.946753246753
	91420.0	27080.109090909093
	91738.0	25997.124675324678
	93788.0	26070.924675324677
	95124.0	25127.345454545455
	96188.0	27092.346753246755
	96196.0	26361.590909090908
	97992.0	25795.648051948054
	98156.0	28073.945454545457
	98546.0	26955.772727272728
	98800.0	24985.824675324675
	99752.0	31923.20909090909
	99802.0	28056.20909090909
	99990.0	26150.82727272727
	100588.0	27012.19090909091
	101262.0	25825.258441558442
	101440.0	28392.67272727273
	101972.0	26657.65454545455
	102028.0	27459.809090909093
	102118.0	29343.818181818184
	102408.0	27650.063636363637
	102584.0	27072.896969696973
	102930.0	25721.954545454544
	103166.0	26174.254545454547
	103290.0	29329.754545454547
	103346.0	27269.654545454545
	103700.0	28396.77878787879
	103760.0	28590.766666666666
	103822.0	25239.202597402596
	103980.0	26707.958441558443
	104258.0	27259.336363636365
	104320.0	28980.436363636363
	104360.0	26009.55844155844
	104664.0	27717.88181818182
	104902.0	25887.38051948052
	105520.0	28869.148484848483
	105538.0	26136.163636363635
	106034.0	25241.263636363637
	106046.0	25360.527272727275
	106418.0	27171.54805194805
	107094.0	27413.354545454546
	107442.0	25443.602597402598
	107826.0	27964.136363636364
	107876.0	24788.47272727273
	108542.0	26619.754545454547
	108918.0	27186.181818181816
	110318.0	28002.236363636366
	112196.0	24631.99090909091
	112718.0	26483.272727272728
	113682.0	26975.4
	115110.0	24944.81428571429
	115268.0	28582.042424242427
	115540.0	26478.268831168833
	115706.0	28479.78181818182
	117290.0	26378.89090909091
	117454.0	25452.97012987013


	54024.0	27697.35844155844
	54036.0	26450.927272727273
	59624.0	26167.927272727273
	64156.0	30508.58181818182
	65164.0	28128.89090909091
	65166.0	27614.345454545455
	65886.0	25688.727272727272
	65928.0	28622.090909090908
	66280.0	28208.00909090909
	66664.0	27882.309090909093
	67002.0	27082.081818181818
	67024.0	29610.378787878788
	67274.0	27999.863636363636
	67466.0	28043.627272727274
	68274.0	27531.546753246752
	68420.0	28537.627272727274
	68430.0	28215.32727272727
	68464.0	28501.70909090909
	68588.0	27146.681818181816
	69320.0	25547.236363636366
	70028.0	24384.227272727272
	71038.0	30610.99696969697
	72188.0	26840.946753246753
	72246.0	27575.658441558444
	73206.0	28259.627272727274
	73388.0	26830.124675324678
	73524.0	28607.19090909091
	73632.0	27073.127272727274
	73792.0	30686.545454545456
	74140.0	26734.78181818182
	74382.0	24370.663636363635
	74396.0	23558.454545454544
	74740.0	21997.581818181818
	74814.0	26523.67272727273
	75178.0	27867.409090909092
	76008.0	29820.19090909091
	76596.0	28391.48181818182
	77080.0	26274.402597402597
	77202.0	27846.927272727273
	77904.0	30724.29090909091
	78202.0	27179.646753246754
	79338.0	29572.19090909091
	81742.0	28664.00303030303
	83544.0	26982.17272727273
	83618.0	26008.7
	84336.0	27149.227272727272
	85642.0	27138.624675324678
	86074.0	29191.372727272726
	86546.0	26962.39090909091
	86680.0	28362.845454545455
	88338.0	25209.336363636365
	88802.0	27706.409090909092
	88838.0	24996.872727272726
	89280.0	24972.063636363637
	90102.0	27203.590909090908
	90318.0	28000.82727272727
	91348.0	25135.78051948052
	91348.0	25135.78051948052
	91694.0	24642.845454545455
	93612.0	25164.445454545457
	95916.0	24174.818181818184
	101546.0	24372.354545454546
	102584.0	27072.896969696973
	102792.0	24490.536363636365
	102930.0	25721.954545454544
	103166.0	26174.254545454547
	103290.0	29329.754545454547
	103346.0	27269.654545454545
	103700.0	28396.77878787879
	103760.0	28590.766666666666
	103822.0	25239.202597402596
	103980.0	26707.958441558443
	104258.0	27259.336363636365
	104320.0	28980.436363636363
	104360.0	26009.55844155844
	104664.0	27717.88181818182
	104902.0	25887.38051948052
	105520.0	28869.148484848483
	105538.0	26136.163636363635
	106034.0	25241.263636363637
	106046.0	25360.527272727275
	106418.0	27171.54805194805
	107094.0	27413.354545454546
	107442.0	25443.602597402598
	107672.0	24354.96363636364
	107826.0	27964.136363636364
	107876.0	24788.47272727273
	108542.0	26619.754545454547
	108918.0	27186.181818181816
	110318.0	28002.236363636366
	112196.0	24631.99090909091
	112718.0	26483.272727272728
	113682.0	26975.4
	115110.0	24944.81428571429
	115268.0	28582.042424242427
	115540.0	26478.268831168833
	115706.0	28479.78181818182
	116468.0	25440.46363636364
	117290.0	26378.89090909091
	117454.0	25452.97012987013


	54024.0	27697.35844155844
	54036.0	26450.927272727273
	59624.0	26167.927272727273
	63904.0	30046.536363636365
	64736.0	29604.59696969697
	65886.0	25688.727272727272
	65928.0	28622.090909090908
	66280.0	28208.00909090909
	67658.0	29452.18484848485
	68984.0	27678.927272727273
	69320.0	25547.236363636366
	69422.0	30906.927272727273
	69678.0	25266.627272727274
	70028.0	24384.227272727272
	71760.0	29936.696969696968
	71902.0	27455.068831168832
	73702.0	26550.924675324677
	74382.0	24370.663636363635
	74396.0	23558.454545454544
	74740.0	21997.581818181818
	74834.0	26048.636363636364
	75114.0	27650.70909090909
	75650.0	26737.427272727273
	75794.0	26264.88051948052
	75880.0	31319.251239669422
	76062.0	28885.99090909091
	76152.0	27892.227272727272
	79174.0	28338.345454545455
	79906.0	26842.024675324676
	80376.0	25773.67012987013
	81272.0	30300.49090909091
	81568.0	26955.109090909093
	82184.0	26163.024675324676
	82622.0	28732.666666666668
	84134.0	28463.245454545453
	84258.0	28341.32727272727
	84744.0	24315.827272727274
	85726.0	25913.145454545454
	86160.0	28117.809090909093
	86242.0	27995.263636363637
	86278.0	24739.363636363636
	86542.0	28337.57878787879
	86726.0	24611.318181818184
	87302.0	25679.546753246752
	87498.0	24868.727272727272
	88128.0	25011.827272727274
	89428.0	28108.263636363637
	90346.0	24435.445454545457
	91148.0	24652.78181818182
	91364.0	28893.072727272727
	93054.0	23955.918181818182
	94030.0	24530.154545454545
	95444.0	24119.236363636366
	97624.0	27304.79090909091
	97768.0	23653.227272727272
	100248.0	26538.354545454546
	101316.0	26711.3025974026
	101398.0	21868.16363636364
	102194.0	23525.28181818182
	102584.0	27072.896969696973
	102792.0	24490.536363636365
	102930.0	25721.954545454544
	103160.0	24796.69090909091
	103166.0	26174.254545454547
	103290.0	29329.754545454547
	103346.0	27269.654545454545
	103700.0	28396.77878787879
	103760.0	28590.766666666666
	103822.0	25239.202597402596
	103980.0	26707.958441558443
	104258.0	27259.336363636365
	104320.0	28980.436363636363
	104360.0	26009.55844155844
	104664.0	27717.88181818182
	104902.0	25887.38051948052
	105520.0	28869.148484848483
	105538.0	26136.163636363635
	106034.0	25241.263636363637
	106046.0	25360.527272727275
	106418.0	27171.54805194805
	106476.0	25974.68051948052
	107094.0	27413.354545454546
	107442.0	25443.602597402598
	107574.0	23775.845454545455
	107672.0	24354.96363636364
	107826.0	27964.136363636364
	107876.0	24788.47272727273
	108542.0	26619.754545454547
	108918.0	27186.181818181816
	110318.0	28002.236363636366
	112196.0	24631.99090909091
	112718.0	26483.272727272728
	113682.0	26975.4
	115110.0	24944.81428571429
	115268.0	28582.042424242427
	115540.0	26478.268831168833
	115706.0	28479.78181818182
	116468.0	25440.46363636364
	117290.0	26378.89090909091
	117454.0	25452.97012987013


	54024.0	27697.35844155844
	54036.0	26450.927272727273
	59624.0	26167.927272727273
	61566.0	30605.736363636366
	61624.0	29658.17272727273
	63904.0	30046.536363636365
	64304.0	26108.427272727273
	64358.0	27915.70909090909
	64864.0	27870.127272727274
	65886.0	25688.727272727272
	66208.0	29120.484848484848
	66664.0	27882.309090909093
	68984.0	27678.927272727273
	69320.0	25547.236363636366
	69678.0	25266.627272727274
	70028.0	24384.227272727272
	71046.0	26801.045454545456
	73266.0	26574.658441558444
	73398.0	26494.892207792207
	74382.0	24370.663636363635
	74396.0	23558.454545454544
	74740.0	21997.581818181818
	75460.0	28784.227272727272
	75814.0	28741.78484848485
	75846.0	27415.70909090909
	78520.0	27652.524675324676
	78576.0	29545.19090909091
	78848.0	28224.50909090909
	79368.0	27795.345454545455
	79446.0	26908.524675324676
	79658.0	21962.081818181818
	80016.0	26401.18051948052
	80758.0	28783.645454545454
	81318.0	27607.16883116883
	81672.0	28645.96363636364
	82076.0	28842.29090909091
	82244.0	28088.309090909093
	82750.0	27500.427272727273
	83116.0	27481.627272727274
	84712.0	25218.625974025974
	84876.0	27594.678787878787
	85536.0	27992.945454545457
	85992.0	28826.145454545454
	86732.0	25824.468831168833
	86750.0	28834.466666666667
	87366.0	26267.063636363637
	88270.0	27458.59696969697
	96852.0	25453.468831168833
	97768.0	23653.227272727272
	98430.0	25231.102597402598
	100248.0	26538.354545454546
	100416.0	25617.89090909091
	101316.0	26711.3025974026
	101398.0	21868.16363636364
	102194.0	23525.28181818182
	102584.0	27072.896969696973
	102792.0	24490.536363636365
	102930.0	25721.954545454544
	103160.0	24796.69090909091
	103166.0	26174.254545454547
	103290.0	29329.754545454547
	103346.0	27269.654545454545
	103700.0	28396.77878787879
	103760.0	28590.766666666666
	103822.0	25239.202597402596
	103980.0	26707.958441558443
	104258.0	27259.336363636365
	104320.0	28980.436363636363
	104360.0	26009.55844155844
	104664.0	27717.88181818182
	104902.0	25887.38051948052
	105388.0	23970.927272727273
	105520.0	28869.148484848483
	105538.0	26136.163636363635
	106034.0	25241.263636363637
	106046.0	25360.527272727275
	106418.0	27171.54805194805
	106476.0	25974.68051948052
	107094.0	27413.354545454546
	107442.0	25443.602597402598
	107574.0	23775.845454545455
	107672.0	24354.96363636364
	107826.0	27964.136363636364
	107876.0	24788.47272727273
	108542.0	26619.754545454547
	108918.0	27186.181818181816
	110318.0	28002.236363636366
	111734.0	23376.854545454546
	112196.0	24631.99090909091
	112718.0	26483.272727272728
	113518.0	23812.745454545457
	113682.0	26975.4
	114296.0	25641.336363636365
	115110.0	24944.81428571429
	115268.0	28582.042424242427
	115540.0	26478.268831168833
	115706.0	28479.78181818182
	116468.0	25440.46363636364
	117290.0	26378.89090909091
	117454.0	25452.97012987013


	54024.0	27697.35844155844
	54036.0	26450.927272727273
	59624.0	26167.927272727273
	61624.0	29658.17272727273
	64304.0	26108.427272727273
	65572.0	30656.090909090908
	65886.0	25688.727272727272
	66208.0	29120.484848484848
	66664.0	27882.309090909093
	66670.0	29399.68484848485
	66914.0	27848.909090909092
	67166.0	29190.590909090908
	67520.0	25637.927272727273
	68024.0	27233.48051948052
	68984.0	27678.927272727273
	69320.0	25547.236363636366
	69430.0	27924.309090909093
	69678.0	25266.627272727274
	70028.0	24384.227272727272
	70092.0	27497.924675324677
	70606.0	27753.5025974026
	71100.0	30132.79090909091
	71392.0	26429.99090909091
	71850.0	28466.090909090908
	73886.0	28304.845454545455
	74382.0	24370.663636363635
	74396.0	23558.454545454544
	74740.0	21997.581818181818
	75846.0	27415.70909090909
	76114.0	27506.768831168833
	76134.0	26427.663636363635
	76172.0	27539.746753246753
	76382.0	27870.809090909093
	77250.0	29129.966666666667
	77440.0	27380.36883116883
	78566.0	28088.045454545456
	78654.0	27536.20909090909
	78808.0	27434.38051948052
	79502.0	26923.809090909093
	79658.0	21962.081818181818
	79806.0	26323.98051948052
	80606.0	26465.58051948052
	80902.0	30981.164462809917
	81278.0	26914.78051948052
	81734.0	28358.0025974026
	81760.0	25534.746753246753
	82380.0	26481.624675324678
	82518.0	26016.224675324676
	83038.0	25904.3025974026
	83532.0	29233.896969696973
	83710.0	26507.86883116883
	86260.0	26788.146753246754
	86278.0	28014.127272727274
	88840.0	28053.9
	89318.0	25699.16883116883
	90246.0	25818.827272727274
	90316.0	27355.763636363637
	94028.0	26016.863636363636
	100068.0	25527.227272727272
	101398.0	21868.16363636364
	103166.0	26174.254545454547
	103248.0	27635.254545454547
	103290.0	29329.754545454547
	103346.0	27269.654545454545
	103700.0	28396.77878787879
	103760.0	28590.766666666666
	103822.0	25239.202597402596
	103980.0	26707.958441558443
	104258.0	27259.336363636365
	104320.0	28980.436363636363
	104360.0	26009.55844155844
	104664.0	27717.88181818182
	104902.0	25887.38051948052
	105520.0	28869.148484848483
	105538.0	26136.163636363635
	106034.0	25241.263636363637
	106046.0	25360.527272727275
	106418.0	27171.54805194805
	106476.0	25974.68051948052
	107094.0	27413.354545454546
	107442.0	25443.602597402598
	107672.0	24354.96363636364
	107826.0	27964.136363636364
	107876.0	24788.47272727273
	108542.0	26619.754545454547
	108918.0	27186.181818181816
	110318.0	28002.236363636366
	112196.0	24631.99090909091
	112718.0	26483.272727272728
	113518.0	23812.745454545457
	113682.0	26975.4
	114296.0	25641.336363636365
	115110.0	24944.81428571429
	115226.0	24993.458441558443
	115268.0	28582.042424242427
	115540.0	26478.268831168833
	115706.0	28479.78181818182
	116468.0	25440.46363636364
	117290.0	26378.89090909091
	117454.0	25452.97012987013


	54024.0	27697.35844155844
	54036.0	26450.927272727273
	59624.0	26167.927272727273
	64304.0	26108.427272727273
	65886.0	25688.727272727272
	67250.0	27164.624675324678
	67520.0	25637.927272727273
	68024.0	27233.48051948052
	68046.0	29055.78484848485
	69320.0	25547.236363636366
	69356.0	27657.78181818182
	69678.0	25266.627272727274
	70028.0	24384.227272727272
	70306.0	29434.703030303033
	70382.0	28545.590909090908
	70850.0	26336.3025974026
	72818.0	29358.17272727273
	72866.0	29224.40303030303
	73142.0	26183.024675324676
	74382.0	24370.663636363635
	74396.0	23558.454545454544
	74740.0	21997.581818181818
	75432.0	26113.046753246752
	76052.0	29002.20909090909
	76152.0	26526.78051948052
	77478.0	26200.246753246753
	78528.0	25903.563636363637
	78542.0	26230.046753246752
	78736.0	28483.38484848485
	79658.0	21962.081818181818
	80300.0	28539.67272727273
	81424.0	28255.70909090909
	82622.0	28732.666666666668
	83842.0	27269.78051948052
	84204.0	24400.763636363637
	85280.0	26207.202597402596
	85938.0	24084.827272727274
	86082.0	24056.454545454544
	87560.0	24002.854545454546
	88010.0	26185.5025974026
	90640.0	23663.17272727273
	90826.0	26308.446753246753
	91528.0	23214.527272727275
	92668.0	25081.748051948052
	93126.0	26421.824675324675
	94082.0	24543.927272727273
	94840.0	23836.045454545456
	97506.0	27249.045454545456
	97642.0	24090.318181818184
	98340.0	25115.163636363635
	99012.0	23694.845454545455
	99960.0	25211.245454545457
	101398.0	21868.16363636364
	103166.0	26174.254545454547
	103248.0	27635.254545454547
	103290.0	29329.754545454547
	103346.0	27269.654545454545
	103700.0	28396.77878787879
	103760.0	28590.766666666666
	103822.0	25239.202597402596
	103980.0	26707.958441558443
	104258.0	27259.336363636365
	104320.0	28980.436363636363
	104360.0	26009.55844155844
	104664.0	27717.88181818182
	104902.0	25887.38051948052
	105388.0	23970.927272727273
	105520.0	28869.148484848483
	105538.0	26136.163636363635
	106034.0	25241.263636363637
	106046.0	25360.527272727275
	106418.0	27171.54805194805
	106476.0	25974.68051948052
	107094.0	27413.354545454546
	107442.0	25443.602597402598
	107574.0	23775.845454545455
	107672.0	24354.96363636364
	107826.0	27964.136363636364
	107876.0	24788.47272727273
	108542.0	26619.754545454547
	108918.0	27186.181818181816
	108936.0	25043.163636363635
	110088.0	23189.763636363637
	110318.0	28002.236363636366
	111336.0	22889.118181818183
	111414.0	22845.336363636365
	111734.0	23376.854545454546
	112196.0	24631.99090909091
	112718.0	26483.272727272728
	113518.0	23812.745454545457
	113682.0	26975.4
	114296.0	25641.336363636365
	115110.0	24944.81428571429
	115226.0	24993.458441558443
	115268.0	28582.042424242427
	115540.0	26478.268831168833
	115706.0	28479.78181818182
	116468.0	25440.46363636364
	117290.0	26378.89090909091
	117454.0	25452.97012987013


	54024.0	27697.35844155844
	54036.0	26450.927272727273
	59624.0	26167.927272727273
	61524.0	29371.17272727273
	62936.0	29025.00909090909
	63444.0	27579.124675324678
	64304.0	26108.427272727273
	64430.0	27416.202597402596
	65886.0	25688.727272727272
	66030.0	30582.836363636365
	66060.0	31066.58181818182
	67520.0	25637.927272727273
	69278.0	29945.754545454543
	69320.0	25547.236363636366
	69678.0	25266.627272727274
	70028.0	24384.227272727272
	71138.0	23323.65454545455
	71444.0	30054.736363636366
	71610.0	29371.696969696968
	72616.0	26038.024675324676
	74588.0	27847.00909090909
	74740.0	21997.581818181818
	76756.0	29167.07878787879
	77254.0	26234.363636363636
	79324.0	24993.354545454546
	79374.0	25628.636363636364
	79658.0	21962.081818181818
	79854.0	28295.97878787879
	80022.0	28037.627272727274
	81196.0	26582.654545454545
	81438.0	25013.38051948052
	82176.0	29452.38484848485
	82190.0	24604.645454545454
	83066.0	28208.945454545457
	83158.0	24510.363636363636
	84244.0	24307.254545454547
	84696.0	26051.602597402598
	85958.0	28128.809090909093
	89282.0	27980.418181818182
	89466.0	28362.69090909091
	89738.0	23967.272727272728
	92284.0	25744.146753246754
	92450.0	26936.102597402598
	93560.0	27676.563636363637
	94850.0	24706.354545454546
	95106.0	22915.936363636363
	96934.0	28662.59696969697
	98340.0	25115.163636363635
	98936.0	24658.624675324678
	99012.0	23694.845454545455
	99960.0	25211.245454545457
	101398.0	21868.16363636364
	103166.0	26174.254545454547
	103248.0	27635.254545454547
	103290.0	29329.754545454547
	103346.0	27269.654545454545
	103526.0	22704.327272727274
	103700.0	28396.77878787879
	103760.0	28590.766666666666
	103822.0	25239.202597402596
	103980.0	26707.958441558443
	104258.0	27259.336363636365
	104320.0	28980.436363636363
	104360.0	26009.55844155844
	104664.0	27717.88181818182
	104902.0	25887.38051948052
	105388.0	23970.927272727273
	105520.0	28869.148484848483
	105538.0	26136.163636363635
	106034.0	25241.263636363637
	106046.0	25360.527272727275
	106418.0	27171.54805194805
	106476.0	25974.68051948052
	107094.0	27413.354545454546
	107442.0	25443.602597402598
	107574.0	23775.845454545455
	107672.0	24354.96363636364
	107826.0	27964.136363636364
	107876.0	24788.47272727273
	108542.0	26619.754545454547
	108918.0	27186.181818181816
	108936.0	25043.163636363635
	110088.0	23189.763636363637
	110318.0	28002.236363636366
	111336.0	22889.118181818183
	111414.0	22845.336363636365
	111734.0	23376.854545454546
	112196.0	24631.99090909091
	112718.0	26483.272727272728
	113518.0	23812.745454545457
	113682.0	26975.4
	114296.0	25641.336363636365
	115110.0	24944.81428571429
	115226.0	24993.458441558443
	115268.0	28582.042424242427
	115540.0	26478.268831168833
	115706.0	28479.78181818182
	116468.0	25440.46363636364
	117290.0	26378.89090909091
	117454.0	25452.97012987013


	54024.0	27697.35844155844
	54036.0	26450.927272727273
	59624.0	26167.927272727273
	61274.0	30800.145454545454
	64304.0	26108.427272727273
	65014.0	27027.158441558444
	65116.0	27442.88051948052
	65886.0	25688.727272727272
	67520.0	25637.927272727273
	67954.0	27013.445454545457
	68126.0	26205.8025974026
	68358.0	26219.227272727272
	69278.0	29945.754545454543
	69320.0	25547.236363636366
	69354.0	26305.958441558443
	69678.0	25266.627272727274
	69882.0	28726.57878787879
	70028.0	24384.227272727272
	70030.0	25907.745454545457
	71138.0	23323.65454545455
	73606.0	25888.624675324678
	74220.0	25854.702597402596
	74384.0	27616.124675324678
	74740.0	21997.581818181818
	75958.0	26022.758441558442
	76212.0	25876.124675324678
	76566.0	30638.29090909091
	76854.0	30252.396969696973
	78116.0	27535.745454545453
	79658.0	21962.081818181818
	80294.0	28062.07878787879
	80364.0	26540.046753246752
	80706.0	27877.28181818182
	82966.0	32544.765034965036
	83488.0	26552.546753246752
	84760.0	26481.646753246754
	85844.0	26557.645454545454
	88992.0	23911.554545454546
	92466.0	27889.927272727273
	92492.0	24954.96363636364
	93222.0	26319.702597402596
	96934.0	28662.59696969697
	97186.0	25832.01818181818
	98340.0	25115.163636363635
	98736.0	25954.08051948052
	98936.0	24658.624675324678
	99012.0	23694.845454545455
	99500.0	25329.58051948052
	99960.0	25211.245454545457
	101398.0	21868.16363636364
	103166.0	26174.254545454547
	103248.0	27635.254545454547
	103290.0	29329.754545454547
	103346.0	27269.654545454545
	103526.0	22704.327272727274
	103700.0	28396.77878787879
	103760.0	28590.766666666666
	103822.0	25239.202597402596
	103980.0	26707.958441558443
	104258.0	27259.336363636365
	104320.0	28980.436363636363
	104360.0	26009.55844155844
	104664.0	27717.88181818182
	104902.0	25887.38051948052
	105388.0	23970.927272727273
	105520.0	28869.148484848483
	105538.0	26136.163636363635
	106034.0	25241.263636363637
	106046.0	25360.527272727275
	106156.0	22528.96363636364
	106418.0	27171.54805194805
	106476.0	25974.68051948052
	107094.0	27413.354545454546
	107442.0	25443.602597402598
	107574.0	23775.845454545455
	107672.0	24354.96363636364
	107826.0	27964.136363636364
	107876.0	24788.47272727273
	108480.0	22435.15454545455
	108542.0	26619.754545454547
	108918.0	27186.181818181816
	108936.0	25043.163636363635
	110088.0	23189.763636363637
	110318.0	28002.236363636366
	111336.0	22889.118181818183
	111414.0	22845.336363636365
	111734.0	23376.854545454546
	112196.0	24631.99090909091
	112718.0	26483.272727272728
	113518.0	23812.745454545457
	113682.0	26975.4
	114296.0	25641.336363636365
	115110.0	24944.81428571429
	115226.0	24993.458441558443
	115268.0	28582.042424242427
	115540.0	26478.268831168833
	115706.0	28479.78181818182
	116468.0	25440.46363636364
	117290.0	26378.89090909091
	117454.0	25452.97012987013


	54024.0	27697.35844155844
	54036.0	26450.927272727273
	59624.0	26167.927272727273
	62554.0	29137.47272727273
	63776.0	28128.245454545453
	64304.0	26108.427272727273
	64756.0	30111.69090909091
	65886.0	25688.727272727272
	65898.0	28491.878787878788
	66060.0	31066.58181818182
	66494.0	25598.727272727272
	67520.0	28594.727272727272
	69278.0	29945.754545454543
	69320.0	25547.236363636366
	69678.0	25266.627272727274
	70028.0	24384.227272727272
	71126.0	27427.345454545455
	71138.0	23323.65454545455
	71258.0	29195.896969696973
	71958.0	32369.454545454544
	73868.0	27388.063636363637
	74476.0	27523.202597402596
	74740.0	21997.581818181818
	74890.0	28872.49090909091
	79658.0	21962.081818181818
	83010.0	28168.646753246754
	83532.0	29236.766666666666
	84910.0	25032.85844155844
	85378.0	28804.4
	85900.0	27088.163636363635
	86360.0	28289.99090909091
	86868.0	27953.945454545457
	87972.0	28988.196969696968
	89006.0	28911.181818181816
	89582.0	28553.166666666668
	89838.0	26142.17272727273
	89938.0	27960.32727272727
	90246.0	25818.827272727274
	91100.0	26485.88181818182
	91630.0	28506.77878787879
	92402.0	27119.38484848485
	93542.0	26648.98181818182
	97512.0	28740.5
	98736.0	25954.08051948052
	98936.0	24658.624675324678
	99110.0	26093.28051948052
	99160.0	26153.78051948052
	99500.0	25329.58051948052
	99960.0	25211.245454545457
	101398.0	21868.16363636364
	101604.0	25129.01818181818
	103166.0	26174.254545454547
	103248.0	27635.254545454547
	103290.0	29329.754545454547
	103346.0	27269.654545454545
	103700.0	28396.77878787879
	103760.0	28590.766666666666
	103822.0	25239.202597402596
	103980.0	26707.958441558443
	104258.0	27259.336363636365
	104320.0	28980.436363636363
	104360.0	26009.55844155844
	104664.0	27717.88181818182
	104902.0	25887.38051948052
	105388.0	23970.927272727273
	105466.0	25703.98051948052
	105520.0	28869.148484848483
	105538.0	26136.163636363635
	106034.0	25241.263636363637
	106046.0	25360.527272727275
	106418.0	27171.54805194805
	106476.0	25974.68051948052
	107094.0	27413.354545454546
	107442.0	25443.602597402598
	107574.0	23775.845454545455
	107672.0	24354.96363636364
	107826.0	27964.136363636364
	107876.0	24788.47272727273
	108542.0	26619.754545454547
	108918.0	27186.181818181816
	108936.0	25043.163636363635
	110088.0	23189.763636363637
	110318.0	28002.236363636366
	111336.0	22889.118181818183
	111414.0	22845.336363636365
	111734.0	23376.854545454546
	112196.0	24631.99090909091
	112718.0	26483.272727272728
	113518.0	23812.745454545457
	113682.0	26975.4
	114296.0	25641.336363636365
	115110.0	24944.81428571429
	115226.0	24993.458441558443
	115268.0	28582.042424242427
	115540.0	26478.268831168833
	115706.0	28479.78181818182
	116468.0	25440.46363636364
	117290.0	26378.89090909091
	117454.0	25452.97012987013
	123734.0	26875.46363636364


	54024.0	27697.35844155844
	54036.0	26450.927272727273
	59624.0	26167.927272727273
	61970.0	27273.158441558444
	62212.0	28634.927272727273
	63736.0	27775.145454545454
	64124.0	27126.35844155844
	64304.0	26108.427272727273
	65014.0	27027.158441558444
	65396.0	29965.090909090908
	65886.0	25688.727272727272
	66494.0	25598.727272727272
	66916.0	26430.624675324678
	67014.0	27962.545454545456
	67520.0	28594.727272727272
	69278.0	29945.754545454543
	69320.0	25547.236363636366
	69678.0	25266.627272727274
	70028.0	24384.227272727272
	70210.0	29238.18484848485
	70782.0	26764.068831168832
	71138.0	23323.65454545455
	73470.0	23128.763636363637
	73588.0	27482.745454545453
	74438.0	27687.584848484847
	74740.0	21997.581818181818
	75268.0	26160.18051948052
	76656.0	25337.68051948052
	77104.0	26342.454545454544
	77596.0	25321.227272727272
	77738.0	25266.96363636364
	77990.0	31734.65454545455
	78194.0	29807.317355371903
	79658.0	21962.081818181818
	80300.0	28539.67272727273
	80616.0	27092.86883116883
	81122.0	24644.563636363637
	81748.0	24356.718181818185
	81762.0	26158.763636363637
	83214.0	29018.160606060606
	83672.0	26409.968831168833
	83780.0	26099.96363636364
	84522.0	26971.945454545457
	85424.0	24386.01818181818
	85442.0	28284.466666666667
	86408.0	28585.47272727273
	87452.0	28816.572727272727
	88068.0	25493.224675324676
	90184.0	28423.345454545455
	92034.0	25803.85844155844
	92330.0	25182.054545454546
	93560.0	27676.563636363637
	97586.0	25853.163636363635
	97926.0	24811.258441558442
	99012.0	23694.845454545455
	99744.0	24055.827272727274
	101398.0	21868.16363636364
	103526.0	22704.327272727274
	104320.0	28980.436363636363
	104360.0	26009.55844155844
	104664.0	27717.88181818182
	104902.0	25887.38051948052
	105388.0	23970.927272727273
	105466.0	25703.98051948052
	105520.0	28869.148484848483
	105538.0	26136.163636363635
	106034.0	25241.263636363637
	106046.0	25360.527272727275
	106156.0	22528.96363636364
	106418.0	27171.54805194805
	106476.0	25974.68051948052
	107094.0	27413.354545454546
	107442.0	25443.602597402598
	107574.0	23775.845454545455
	107672.0	24354.96363636364
	107826.0	27964.136363636364
	107876.0	24788.47272727273
	108480.0	22435.15454545455
	108542.0	26619.754545454547
	108918.0	27186.181818181816
	108936.0	25043.163636363635
	110088.0	23189.763636363637
	110318.0	28002.236363636366
	111336.0	22889.118181818183
	111414.0	22845.336363636365
	111734.0	23376.854545454546
	112196.0	24631.99090909091
	112718.0	26483.272727272728
	113518.0	23812.745454545457
	113682.0	26975.4
	114296.0	25641.336363636365
	115110.0	24944.81428571429
	115226.0	24993.458441558443
	115268.0	28582.042424242427
	115540.0	26478.268831168833
	115706.0	28479.78181818182
	116468.0	25440.46363636364
	117290.0	26378.89090909091
	117454.0	25452.97012987013
	123734.0	26875.46363636364


	54024.0	27697.35844155844
	54036.0	26450.927272727273
	59084.0	30393.48181818182
	59624.0	26167.927272727273
	61212.0	26941.202597402596
	62630.0	30699.836363636365
	63730.0	26933.524675324676
	64304.0	26108.427272727273
	64514.0	26926.158441558444
	65562.0	26323.036363636365
	65588.0	26220.236363636366
	65750.0	26186.636363636364
	65886.0	25688.727272727272
	66494.0	25598.727272727272
	67014.0	27962.545454545456
	67920.0	26043.527272727275
	68290.0	30067.245454545453
	68432.0	25471.427272727273
	69464.0	25797.154545454545
	69678.0	25266.627272727274
	70028.0	24384.227272727272
	70400.0	25647.736363636366
	71138.0	23323.65454545455
	71308.0	25659.345454545455
	73470.0	23128.763636363637
	73856.0	27501.663636363635
	74740.0	21997.581818181818
	75268.0	26160.18051948052
	75308.0	29141.98181818182
	75448.0	26126.068831168832
	75770.0	26646.48051948052
	76054.0	24905.227272727272
	78804.0	24827.754545454547
	79658.0	21962.081818181818
	80264.0	23869.636363636364
	80910.0	27825.645454545454
	83512.0	23467.809090909093
	84164.0	22575.945454545457
	86408.0	28585.47272727273
	87452.0	28816.572727272727
	88068.0	25493.224675324676
	90184.0	28423.345454545455
	92034.0	25803.85844155844
	92330.0	25182.054545454546
	93048.0	22217.96363636364
	93560.0	27676.563636363637
	97586.0	25853.163636363635
	97876.0	24210.636363636364
	97926.0	24811.258441558442
	97974.0	25121.245454545457
	99012.0	23694.845454545455
	99744.0	24055.827272727274
	101398.0	21868.16363636364
	103526.0	22704.327272727274
	104320.0	28980.436363636363
	104360.0	26009.55844155844
	104664.0	27717.88181818182
	104830.0	25876.854545454546
	104902.0	25887.38051948052
	105064.0	23866.236363636366
	105388.0	23970.927272727273
	105466.0	25703.98051948052
	105520.0	28869.148484848483
	105538.0	26136.163636363635
	106034.0	25241.263636363637
	106046.0	25360.527272727275
	106156.0	22528.96363636364
	106418.0	27171.54805194805
	106476.0	25974.68051948052
	106804.0	21798.17272727273
	107094.0	27413.354545454546
	107442.0	25443.602597402598
	107574.0	23775.845454545455
	107672.0	24354.96363636364
	107826.0	27964.136363636364
	107876.0	24788.47272727273
	108480.0	22435.15454545455
	108542.0	26619.754545454547
	108918.0	27186.181818181816
	108936.0	25043.163636363635
	110088.0	23189.763636363637
	110318.0	28002.236363636366
	111336.0	22889.118181818183
	111414.0	22845.336363636365
	111734.0	23376.854545454546
	112196.0	24631.99090909091
	112670.0	26970.00909090909
	112718.0	26483.272727272728
	113518.0	23812.745454545457
	113682.0	26975.4
	114296.0	25641.336363636365
	115110.0	24944.81428571429
	115226.0	24993.458441558443
	115268.0	28582.042424242427
	115540.0	26478.268831168833
	115706.0	28479.78181818182
	116468.0	25440.46363636364
	117290.0	26378.89090909091
	117454.0	25452.97012987013
	123734.0	26875.46363636364


	54024.0	27697.35844155844
	54036.0	26450.927272727273
	59624.0	26167.927272727273
	64304.0	26108.427272727273
	65216.0	25947.027272727275
	65886.0	25688.727272727272
	66494.0	25598.727272727272
	67014.0	27962.545454545456
	68432.0	25471.427272727273
	69678.0	25266.627272727274
	70028.0	24384.227272727272
	70588.0	26834.96363636364
	70782.0	26764.068831168832
	70844.0	29092.29696969697
	71138.0	23323.65454545455
	72602.0	27780.345454545455
	73470.0	23128.763636363637
	74740.0	21997.581818181818
	75162.0	27289.363636363636
	75308.0	29141.98181818182
	75770.0	26646.48051948052
	77920.0	26571.624675324678
	78348.0	24685.136363636364
	78804.0	24827.754545454547
	79136.0	26364.5025974026
	79444.0	27238.78181818182
	79658.0	21962.081818181818
	79892.0	25284.336363636365
	80910.0	27825.645454545454
	82258.0	25957.424675324677
	82290.0	28966.984848484848
	84102.0	28638.584848484847
	85378.0	28804.4
	85782.0	28478.527272727275
	85844.0	26557.645454545454
	86090.0	26965.645454545454
	86210.0	26171.602597402598
	86408.0	28585.47272727273
	86746.0	26399.345454545455
	87328.0	26098.97272727273
	87452.0	28816.572727272727
	88068.0	25493.224675324676
	89192.0	26587.454545454544
	90184.0	28423.345454545455
	92034.0	25803.85844155844
	92330.0	25182.054545454546
	92634.0	27272.28051948052
	93560.0	27676.563636363637
	94240.0	26881.227272727272
	97586.0	25853.163636363635
	97926.0	24811.258441558442
	97974.0	25121.245454545457
	99744.0	24055.827272727274
	101398.0	21868.16363636364
	104320.0	28980.436363636363
	104360.0	26009.55844155844
	104664.0	27717.88181818182
	104830.0	25876.854545454546
	104902.0	25887.38051948052
	105064.0	23866.236363636366
	105388.0	23970.927272727273
	105466.0	25703.98051948052
	105520.0	28869.148484848483
	105538.0	26136.163636363635
	106034.0	25241.263636363637
	106046.0	25360.527272727275
	106156.0	22528.96363636364
	106418.0	27171.54805194805
	106476.0	25974.68051948052
	106804.0	21798.17272727273
	107094.0	27413.354545454546
	107442.0	25443.602597402598
	107574.0	23775.845454545455
	107672.0	24354.96363636364
	107826.0	27964.136363636364
	107876.0	24788.47272727273
	108480.0	22435.15454545455
	108542.0	26619.754545454547
	108918.0	27186.181818181816
	108936.0	25043.163636363635
	110088.0	23189.763636363637
	110318.0	28002.236363636366
	111336.0	22889.118181818183
	111414.0	22845.336363636365
	111734.0	23376.854545454546
	112196.0	24631.99090909091
	112670.0	26970.00909090909
	112718.0	26483.272727272728
	113518.0	23812.745454545457
	113682.0	26975.4
	114296.0	25641.336363636365
	115110.0	24944.81428571429
	115226.0	24993.458441558443
	115268.0	28582.042424242427
	115540.0	26478.268831168833
	115706.0	28479.78181818182
	116468.0	25440.46363636364
	117290.0	26378.89090909091
	117454.0	25452.97012987013
	123734.0	26875.46363636364


	54024.0	27697.35844155844
	54036.0	26450.927272727273
	59624.0	26167.927272727273
	64304.0	26108.427272727273
	65216.0	25947.027272727275
	65886.0	25688.727272727272
	66494.0	25598.727272727272
	68432.0	25471.427272727273
	69678.0	25266.627272727274
	70028.0	24384.227272727272
	70626.0	28617.99090909091
	70844.0	29092.29696969697
	71138.0	23323.65454545455
	71696.0	28713.090909090908
	72602.0	27780.345454545455
	72918.0	27217.645454545454
	73470.0	23128.763636363637
	74022.0	28650.78181818182
	74486.0	29612.572727272727
	74740.0	21997.581818181818
	75012.0	27311.363636363636
	75448.0	26126.068831168832
	76054.0	24905.227272727272
	76360.0	28571.696969696968
	76446.0	26010.17272727273
	77104.0	26342.454545454544
	79658.0	21962.081818181818
	80364.0	26540.046753246752
	80746.0	26743.263636363637
	80856.0	25791.88051948052
	81382.0	28293.29090909091
	82470.0	27428.98051948052
	82692.0	27231.968831168833
	83628.0	27564.97272727273
	84250.0	24641.318181818184
	85378.0	28804.4
	87650.0	27021.96363636364
	90184.0	28423.345454545455
	90348.0	24951.954545454544
	90500.0	26852.427272727273
	92034.0	25803.85844155844
	92330.0	25182.054545454546
	92420.0	27364.4
	92634.0	27272.28051948052
	93542.0	26648.98181818182
	93560.0	27676.563636363637
	94240.0	26881.227272727272
	94418.0	25377.17272727273
	95648.0	26950.772727272728
	97586.0	25853.163636363635
	97876.0	24210.636363636364
	97926.0	24811.258441558442
	97974.0	25121.245454545457
	99500.0	25329.58051948052
	99692.0	25760.88181818182
	99744.0	24055.827272727274
	101398.0	21868.16363636364
	104320.0	28980.436363636363
	104360.0	26009.55844155844
	104534.0	24542.727272727272
	104664.0	27717.88181818182
	104830.0	25876.854545454546
	104902.0	25887.38051948052
	105064.0	23866.236363636366
	105168.0	24522.563636363637
	105388.0	23970.927272727273
	105466.0	25703.98051948052
	105520.0	28869.148484848483
	105538.0	26136.163636363635
	106034.0	25241.263636363637
	106046.0	25360.527272727275
	106418.0	27171.54805194805
	106476.0	25974.68051948052
	106804.0	21798.17272727273
	107094.0	27413.354545454546
	107442.0	25443.602597402598
	107574.0	23775.845454545455
	107672.0	24354.96363636364
	107826.0	27964.136363636364
	107876.0	24788.47272727273
	108542.0	26619.754545454547
	108918.0	27186.181818181816
	108936.0	25043.163636363635
	110318.0	28002.236363636366
	111734.0	23376.854545454546
	112196.0	24631.99090909091
	112670.0	26970.00909090909
	112718.0	26483.272727272728
	113518.0	23812.745454545457
	113682.0	26975.4
	114296.0	25641.336363636365
	115110.0	24944.81428571429
	115226.0	24993.458441558443
	115268.0	28582.042424242427
	115540.0	26478.268831168833
	115706.0	28479.78181818182
	116468.0	25440.46363636364
	117290.0	26378.89090909091
	117454.0	25452.97012987013
	123734.0	26875.46363636364


	54024.0	27697.35844155844
	54036.0	26450.927272727273
	59624.0	26167.927272727273
	64304.0	26108.427272727273
	65216.0	25947.027272727275
	65886.0	25688.727272727272
	66494.0	25598.727272727272
	68432.0	25471.427272727273
	68458.0	29117.081818181818
	68904.0	27721.763636363637
	69678.0	25266.627272727274
	69740.0	26691.68051948052
	69904.0	26305.158441558444
	70028.0	24384.227272727272
	70178.0	26867.38051948052
	70434.0	28418.745454545453
	70454.0	26332.458441558443
	70626.0	28617.99090909091
	71138.0	23323.65454545455
	72602.0	27780.345454545455
	72918.0	27217.645454545454
	73360.0	26930.424675324677
	73470.0	23128.763636363637
	73896.0	26411.78051948052
	74532.0	24565.436363636363
	74740.0	21997.581818181818
	74954.0	24878.727272727272
	75132.0	26284.78051948052
	75268.0	26160.18051948052
	75872.0	27878.609090909093
	79658.0	21962.081818181818
	80074.0	24614.336363636365
	80326.0	24651.318181818184
	80712.0	28146.727272727272
	80856.0	25791.88051948052
	84472.0	26809.245454545453
	84520.0	26426.245454545453
	84522.0	26971.945454545457
	85378.0	28804.4
	85838.0	28834.303030303032
	86260.0	26788.146753246754
	86572.0	27562.163636363635
	87132.0	26639.309090909093
	90068.0	27134.563636363637
	91638.0	28236.00909090909
	93306.0	28852.28484848485
	95250.0	25941.28051948052
	98354.0	25770.96363636364
	99012.0	23694.845454545455
	101398.0	21868.16363636364
	102502.0	23674.045454545456
	103526.0	22704.327272727274
	104320.0	28980.436363636363
	104360.0	26009.55844155844
	104534.0	24542.727272727272
	104664.0	27717.88181818182
	104830.0	25876.854545454546
	104902.0	25887.38051948052
	105064.0	23866.236363636366
	105168.0	24522.563636363637
	105388.0	23970.927272727273
	105466.0	25703.98051948052
	105520.0	28869.148484848483
	105538.0	26136.163636363635
	106034.0	25241.263636363637
	106046.0	25360.527272727275
	106156.0	22528.96363636364
	106418.0	27171.54805194805
	106476.0	25974.68051948052
	106804.0	21798.17272727273
	107094.0	27413.354545454546
	107442.0	25443.602597402598
	107574.0	23775.845454545455
	107672.0	24354.96363636364
	107826.0	27964.136363636364
	107876.0	24788.47272727273
	108480.0	22435.15454545455
	108542.0	26619.754545454547
	108918.0	27186.181818181816
	108936.0	25043.163636363635
	110088.0	23189.763636363637
	110318.0	28002.236363636366
	111336.0	22889.118181818183
	111414.0	22845.336363636365
	111734.0	23376.854545454546
	112196.0	24631.99090909091
	112670.0	26970.00909090909
	112718.0	26483.272727272728
	113518.0	23812.745454545457
	113682.0	26975.4
	114296.0	25641.336363636365
	115110.0	24944.81428571429
	115226.0	24993.458441558443
	115268.0	28582.042424242427
	115540.0	26478.268831168833
	115706.0	28479.78181818182
	116468.0	25440.46363636364
	117290.0	26378.89090909091
	117454.0	25452.97012987013
	123734.0	26875.46363636364


