#
134918.0 340.0 105.0 0.0 7.0 1306.0 202.0 1149.0 0.7532467532467533
149889.0 105.0 147.0 0.0 9.0 975.0 136.0 1303.0 0.797979797979798
134918.0 340.0 105.0 0.0 7.0 1306.0 202.0 1149.0 0.7532467532467533
149889.0 105.0 147.0 0.0 9.0 975.0 136.0 1303.0 0.797979797979798
156507.0 338.0 150.0 0.0 7.0 1227.0 150.0 1284.0 0.7012987012987013
171140.0 113.0 147.0 0.0 12.0 907.0 150.0 1343.0 0.803030303030303
177541.0 158.0 162.0 0.0 15.0 977.0 91.0 1422.0 0.8363636363636364
157116.0 549.0 157.0 0.0 8.0 1852.0 165.0 910.0 0.7159090909090908
155544.0 199.0 157.0 0.0 7.0 1375.0 145.0 1040.0 0.6623376623376624
134918.0 340.0 105.0 0.0 7.0 1306.0 202.0 1149.0 0.7532467532467533
134918.0 340.0 105.0 0.0 7.0 1306.0 202.0 1149.0 0.7532467532467533
134918.0 340.0 105.0 0.0 7.0 1306.0 202.0 1149.0 0.7532467532467533
134918.0 340.0 105.0 0.0 7.0 1306.0 202.0 1149.0 0.7532467532467533
134918.0 340.0 105.0 0.0 7.0 1306.0 202.0 1149.0 0.7532467532467533
134918.0 340.0 105.0 0.0 7.0 1306.0 202.0 1149.0 0.7532467532467533
134918.0 340.0 105.0 0.0 7.0 1306.0 202.0 1149.0 0.7532467532467533
134918.0 340.0 105.0 0.0 7.0 1306.0 202.0 1149.0 0.7532467532467533
134918.0 340.0 105.0 0.0 7.0 1306.0 202.0 1149.0 0.7532467532467533
134918.0 340.0 105.0 0.0 7.0 1306.0 202.0 1149.0 0.7532467532467533
134918.0 340.0 105.0 0.0 7.0 1306.0 202.0 1149.0 0.7532467532467533
134918.0 340.0 105.0 0.0 7.0 1306.0 202.0 1149.0 0.7532467532467533
134918.0 340.0 105.0 0.0 7.0 1306.0 202.0 1149.0 0.7532467532467533
134918.0 340.0 105.0 0.0 7.0 1306.0 202.0 1149.0 0.7532467532467533
134918.0 340.0 105.0 0.0 7.0 1306.0 202.0 1149.0 0.7532467532467533
134918.0 340.0 105.0 0.0 7.0 1306.0 202.0 1149.0 0.7532467532467533
134918.0 340.0 105.0 0.0 7.0 1306.0 202.0 1149.0 0.7532467532467533
134918.0 340.0 105.0 0.0 7.0 1306.0 202.0 1149.0 0.7532467532467533
134918.0 340.0 105.0 0.0 7.0 1306.0 202.0 1149.0 0.7532467532467533
134918.0 340.0 105.0 0.0 7.0 1306.0 202.0 1149.0 0.7532467532467533
134918.0 340.0 105.0 0.0 7.0 1306.0 202.0 1149.0 0.7532467532467533
134918.0 340.0 105.0 0.0 7.0 1306.0 202.0 1149.0 0.7532467532467533
134918.0 340.0 105.0 0.0 7.0 1306.0 202.0 1149.0 0.7532467532467533
134918.0 340.0 105.0 0.0 7.0 1306.0 202.0 1149.0 0.7532467532467533
134918.0 340.0 105.0 0.0 7.0 1306.0 202.0 1149.0 0.7532467532467533
134918.0 340.0 105.0 0.0 7.0 1306.0 202.0 1149.0 0.7532467532467533
134918.0 340.0 105.0 0.0 7.0 1306.0 202.0 1149.0 0.7532467532467533
134918.0 340.0 105.0 0.0 7.0 1306.0 202.0 1149.0 0.7532467532467533
134918.0 340.0 105.0 0.0 7.0 1306.0 202.0 1149.0 0.7532467532467533
134918.0 340.0 105.0 0.0 7.0 1306.0 202.0 1149.0 0.7532467532467533
134918.0 340.0 105.0 0.0 7.0 1306.0 202.0 1149.0 0.7532467532467533
134918.0 340.0 105.0 0.0 7.0 1306.0 202.0 1149.0 0.7532467532467533
134918.0 340.0 105.0 0.0 7.0 1306.0 202.0 1149.0 0.7532467532467533
134918.0 340.0 105.0 0.0 7.0 1306.0 202.0 1149.0 0.7532467532467533
134918.0 340.0 105.0 0.0 7.0 1306.0 202.0 1149.0 0.7532467532467533
134918.0 340.0 105.0 0.0 7.0 1306.0 202.0 1149.0 0.7532467532467533
134918.0 340.0 105.0 0.0 7.0 1306.0 202.0 1149.0 0.7532467532467533
134918.0 340.0 105.0 0.0 7.0 1306.0 202.0 1149.0 0.7532467532467533
134918.0 340.0 105.0 0.0 7.0 1306.0 202.0 1149.0 0.7532467532467533
134918.0 340.0 105.0 0.0 7.0 1306.0 202.0 1149.0 0.7532467532467533
134918.0 340.0 105.0 0.0 7.0 1306.0 202.0 1149.0 0.7532467532467533
149889.0 105.0 147.0 0.0 9.0 975.0 136.0 1303.0 0.797979797979798
134918.0 340.0 105.0 0.0 7.0 1306.0 202.0 1149.0 0.7532467532467533
134918.0 340.0 105.0 0.0 7.0 1306.0 202.0 1149.0 0.7532467532467533
134918.0 340.0 105.0 0.0 7.0 1306.0 202.0 1149.0 0.7532467532467533
134918.0 340.0 105.0 0.0 7.0 1306.0 202.0 1149.0 0.7532467532467533
134918.0 340.0 105.0 0.0 7.0 1306.0 202.0 1149.0 0.7532467532467533
134918.0 340.0 105.0 0.0 7.0 1306.0 202.0 1149.0 0.7532467532467533
134918.0 340.0 105.0 0.0 7.0 1306.0 202.0 1149.0 0.7532467532467533
134918.0 340.0 105.0 0.0 7.0 1306.0 202.0 1149.0 0.7532467532467533
134918.0 340.0 105.0 0.0 7.0 1306.0 202.0 1149.0 0.7532467532467533
134918.0 340.0 105.0 0.0 7.0 1306.0 202.0 1149.0 0.7532467532467533
134918.0 340.0 105.0 0.0 7.0 1306.0 202.0 1149.0 0.7532467532467533
134918.0 340.0 105.0 0.0 7.0 1306.0 202.0 1149.0 0.7532467532467533
134918.0 340.0 105.0 0.0 7.0 1306.0 202.0 1149.0 0.7532467532467533
134918.0 340.0 105.0 0.0 7.0 1306.0 202.0 1149.0 0.7532467532467533
134918.0 340.0 105.0 0.0 7.0 1306.0 202.0 1149.0 0.7532467532467533
134918.0 340.0 105.0 0.0 7.0 1306.0 202.0 1149.0 0.7532467532467533
134918.0 340.0 105.0 0.0 7.0 1306.0 202.0 1149.0 0.7532467532467533
134918.0 340.0 105.0 0.0 7.0 1306.0 202.0 1149.0 0.7532467532467533
134918.0 340.0 105.0 0.0 7.0 1306.0 202.0 1149.0 0.7532467532467533
134918.0 340.0 105.0 0.0 7.0 1306.0 202.0 1149.0 0.7532467532467533
134918.0 340.0 105.0 0.0 7.0 1306.0 202.0 1149.0 0.7532467532467533
134918.0 340.0 105.0 0.0 7.0 1306.0 202.0 1149.0 0.7532467532467533
134918.0 340.0 105.0 0.0 7.0 1306.0 202.0 1149.0 0.7532467532467533
134918.0 340.0 105.0 0.0 7.0 1306.0 202.0 1149.0 0.7532467532467533
134918.0 340.0 105.0 0.0 7.0 1306.0 202.0 1149.0 0.7532467532467533
134918.0 340.0 105.0 0.0 7.0 1306.0 202.0 1149.0 0.7532467532467533
134918.0 340.0 105.0 0.0 7.0 1306.0 202.0 1149.0 0.7532467532467533
134918.0 340.0 105.0 0.0 7.0 1306.0 202.0 1149.0 0.7532467532467533
134918.0 340.0 105.0 0.0 7.0 1306.0 202.0 1149.0 0.7532467532467533
134918.0 340.0 105.0 0.0 7.0 1306.0 202.0 1149.0 0.7532467532467533
134918.0 340.0 105.0 0.0 7.0 1306.0 202.0 1149.0 0.7532467532467533
134918.0 340.0 105.0 0.0 7.0 1306.0 202.0 1149.0 0.7532467532467533
134918.0 340.0 105.0 0.0 7.0 1306.0 202.0 1149.0 0.7532467532467533
134918.0 340.0 105.0 0.0 7.0 1306.0 202.0 1149.0 0.7532467532467533
134918.0 340.0 105.0 0.0 7.0 1306.0 202.0 1149.0 0.7532467532467533
134918.0 340.0 105.0 0.0 7.0 1306.0 202.0 1149.0 0.7532467532467533
134918.0 340.0 105.0 0.0 7.0 1306.0 202.0 1149.0 0.7532467532467533
134918.0 340.0 105.0 0.0 7.0 1306.0 202.0 1149.0 0.7532467532467533
134918.0 340.0 105.0 0.0 7.0 1306.0 202.0 1149.0 0.7532467532467533
134918.0 340.0 105.0 0.0 7.0 1306.0 202.0 1149.0 0.7532467532467533
134918.0 340.0 105.0 0.0 7.0 1306.0 202.0 1149.0 0.7532467532467533
134918.0 340.0 105.0 0.0 7.0 1306.0 202.0 1149.0 0.7532467532467533
134918.0 340.0 105.0 0.0 7.0 1306.0 202.0 1149.0 0.7532467532467533
134918.0 340.0 105.0 0.0 7.0 1306.0 202.0 1149.0 0.7532467532467533
134918.0 340.0 105.0 0.0 7.0 1306.0 202.0 1149.0 0.7532467532467533
134918.0 340.0 105.0 0.0 7.0 1306.0 202.0 1149.0 0.7532467532467533
134918.0 340.0 105.0 0.0 7.0 1306.0 202.0 1149.0 0.7532467532467533
134918.0 340.0 105.0 0.0 7.0 1306.0 202.0 1149.0 0.7532467532467533
134918.0 340.0 105.0 0.0 7.0 1306.0 202.0 1149.0 0.7532467532467533
#
