#
36320.0 6354.181818181818 27662.9
69570.0 5896.363636363636 22517.1
79620.0 6175.636363636364 22142.6
36320.0 6354.181818181818 27662.9
36320.0 6354.181818181818 27662.9
36320.0 6354.181818181818 27662.9
34650.0 6817.090909090909 26878.4
36320.0 6354.181818181818 27662.9
36320.0 6354.181818181818 27662.9
36320.0 6354.181818181818 27662.9
36320.0 6354.181818181818 27662.9
36320.0 6354.181818181818 27662.9
36320.0 6354.181818181818 27662.9
36320.0 6354.181818181818 27662.9
36320.0 6354.181818181818 27662.9
36320.0 6354.181818181818 27662.9
36320.0 6354.181818181818 27662.9
36320.0 6354.181818181818 27662.9
36320.0 6354.181818181818 27662.9
34650.0 6817.090909090909 26878.4
36320.0 6354.181818181818 27662.9
36320.0 6354.181818181818 27662.9
36320.0 6354.181818181818 27662.9
36320.0 6354.181818181818 27662.9
36320.0 6354.181818181818 27662.9
36320.0 6354.181818181818 27662.9
36320.0 6354.181818181818 27662.9
36320.0 6354.181818181818 27662.9
36320.0 6354.181818181818 27662.9
36320.0 6354.181818181818 27662.9
49800.0 6551.878787878788 23323.9
36320.0 6354.181818181818 27662.9
36320.0 6354.181818181818 27662.9
49800.0 6551.878787878788 23323.9
36320.0 6354.181818181818 27662.9
36320.0 6354.181818181818 27662.9
36320.0 6354.181818181818 27662.9
36320.0 6354.181818181818 27662.9
34650.0 6817.090909090909 26878.4
34650.0 6817.090909090909 26878.4
69570.0 5896.363636363636 22517.1
36320.0 6354.181818181818 27662.9
36320.0 6354.181818181818 27662.9
36320.0 6354.181818181818 27662.9
36320.0 6354.181818181818 27662.9
36320.0 6354.181818181818 27662.9
36320.0 6354.181818181818 27662.9
36320.0 6354.181818181818 27662.9
36320.0 6354.181818181818 27662.9
36320.0 6354.181818181818 27662.9
36320.0 6354.181818181818 27662.9
36320.0 6354.181818181818 27662.9
34650.0 6817.090909090909 26878.4
36320.0 6354.181818181818 27662.9
36320.0 6354.181818181818 27662.9
36320.0 6354.181818181818 27662.9
36320.0 6354.181818181818 27662.9
36320.0 6354.181818181818 27662.9
36320.0 6354.181818181818 27662.9
36320.0 6354.181818181818 27662.9
79620.0 6175.636363636364 22142.6
36320.0 6354.181818181818 27662.9
36320.0 6354.181818181818 27662.9
36320.0 6354.181818181818 27662.9
36320.0 6354.181818181818 27662.9
36320.0 6354.181818181818 27662.9
36320.0 6354.181818181818 27662.9
36320.0 6354.181818181818 27662.9
36320.0 6354.181818181818 27662.9
36320.0 6354.181818181818 27662.9
36320.0 6354.181818181818 27662.9
36320.0 6354.181818181818 27662.9
36320.0 6354.181818181818 27662.9
36320.0 6354.181818181818 27662.9
36320.0 6354.181818181818 27662.9
36320.0 6354.181818181818 27662.9
69570.0 5896.363636363636 22517.1
36320.0 6354.181818181818 27662.9
36320.0 6354.181818181818 27662.9
36320.0 6354.181818181818 27662.9
36320.0 6354.181818181818 27662.9
36320.0 6354.181818181818 27662.9
49800.0 6551.878787878788 23323.9
36320.0 6354.181818181818 27662.9
36320.0 6354.181818181818 27662.9
36320.0 6354.181818181818 27662.9
43230.0 6653.454545454545 25461.4
34650.0 6817.090909090909 26878.4
36320.0 6354.181818181818 27662.9
36320.0 6354.181818181818 27662.9
34650.0 6817.090909090909 26878.4
69570.0 5896.363636363636 22517.1
36320.0 6354.181818181818 27662.9
36320.0 6354.181818181818 27662.9
49800.0 6551.878787878788 23323.9
69570.0 5896.363636363636 22517.1
69570.0 5896.363636363636 22517.1
69570.0 5896.363636363636 22517.1
36320.0 6354.181818181818 27662.9
36320.0 6354.181818181818 27662.9
#
