#
395838,643,172,19,3575,480,3382,0.39473684210526316	
399806,698,177,15,3562,483,3434,0.25	
465303,670,150,22,4093,526,2899,0.30681818181818177	
419973,649,162,18,3601,515,3346,0.26388888888888884	
412905,719,161,16,3883,473,3214,0.265625	
392558,739,157,15,3740,530,3248,0.2833333333333333	
384702,671,179,16,3662,524,3304,0.296875	
409803,569,174,19,3320,465,3579,0.3421052631578947	
415934,784,188,15,3830,606,3204,0.09999999999999998	
429680,642,186,18,3884,491,3058,0.2777777777777778	
429752,1048,158,14,4176,532,3176,0.1428571428571429	
425238,643,179,19,3706,509,3235,0.3157894736842105	
410702,729,176,16,4041,542,3000,0.296875	
376831,506,172,18,3083,475,3782,0.4027777777777778	
429575,554,170,19,3633,481,3200,0.3026315789473685	
429491,732,159,17,3827,507,3211,0.2647058823529411	
#
416358,580,185,21,3677,503,3231,0.34523809523809523	
378165,978,183,14,3600,516,3686,0.3035714285714286	
443308,955,183,18,4402,527,2942,0.18055555555555558	
399806,698,177,15,3562,483,3434,0.25	
404333,637,188,19,3650,448,3356,0.3421052631578947	
440393,546,174,21,3794,504,3032,0.33333333333333337	
400307,632,177,17,3493,564,3381,0.2941176470588235	
419973,649,162,18,3601,515,3346,0.26388888888888884	
412905,719,161,16,3883,473,3214,0.265625	
392558,739,157,15,3740,530,3248,0.2833333333333333	
384702,671,179,16,3662,524,3304,0.296875	
413981,655,171,18,3667,475,3306,0.3472222222222222	
415934,784,188,15,3830,606,3204,0.09999999999999998	
429680,642,186,18,3884,491,3058,0.2777777777777778	
429752,1048,158,14,4176,532,3176,0.1428571428571429	
425238,643,179,19,3706,509,3235,0.3157894736842105	
389216,764,187,15,3652,516,3373,0.2666666666666667	
410702,729,176,16,4041,542,3000,0.296875	
439912,1142,198,17,4485,517,3000,0.27941176470588236	
376831,506,172,18,3083,475,3782,0.4027777777777778	
#
406026,631,187,17,3759,532,3085,0.3088235294117647	
416494,489,166,20,3661,462,3154,0.35	
378165,978,183,14,3600,516,3686,0.3035714285714286	
399806,698,177,15,3562,483,3434,0.25	
379013,490,187,19,3248,482,3502,0.39473684210526316	
400307,632,177,17,3493,564,3381,0.2941176470588235	
392558,739,157,15,3740,530,3248,0.2833333333333333	
384702,671,179,16,3662,524,3304,0.296875	
405400,705,183,16,3893,502,3177,0.234375	
415934,784,188,15,3830,606,3204,0.09999999999999998	
429752,1048,158,14,4176,532,3176,0.1428571428571429	
389216,764,187,15,3652,516,3373,0.2666666666666667	
377082,680,155,17,3744,575,3177,0.3088235294117647	
410702,729,176,16,4041,542,3000,0.296875	
383056,627,180,17,3435,522,3462,0.20588235294117652	
#
406026,631,187,17,3759,532,3085,0.3088235294117647	
384288,649,145,15,3447,570,3443,0.18333333333333335	
416494,489,166,20,3661,462,3154,0.35	
410702,729,176,16,4041,542,3000,0.296875	
399806,698,177,15,3562,483,3434,0.25	
379013,490,187,19,3248,482,3502,0.39473684210526316	
392558,739,157,15,3740,530,3248,0.2833333333333333	
384702,671,179,16,3662,524,3304,0.296875	
393643,629,172,17,3449,529,3377,0.3088235294117647	
391663,930,125,14,3721,545,3498,0.25	
405400,705,183,16,3893,502,3177,0.234375	
390813,722,153,16,3689,520,3286,0.296875	
415934,784,188,15,3830,606,3204,0.09999999999999998	
378165,978,183,14,3600,516,3686,0.3035714285714286	
432860,679,162,18,3947,543,3033,0.26388888888888884	
429752,1048,158,14,4176,532,3176,0.1428571428571429	
389216,764,187,15,3652,516,3373,0.2666666666666667	
377082,680,155,17,3744,575,3177,0.3088235294117647	
399198,628,178,17,3451,614,3342,0.3529411764705882	
383056,627,180,17,3435,522,3462,0.20588235294117652	
413024,725,159,17,3901,519,3082,0.2941176470588235	
#
406026,631,187,17,3759,532,3085,0.3088235294117647	
384288,649,145,15,3447,570,3443,0.18333333333333335	
416494,489,166,20,3661,462,3154,0.35	
410702,729,176,16,4041,542,3000,0.296875	
399806,698,177,15,3562,483,3434,0.25	
379013,490,187,19,3248,482,3502,0.39473684210526316	
409944,922,180,16,4187,555,3063,0.203125	
392558,739,157,15,3740,530,3248,0.2833333333333333	
384702,671,179,16,3662,524,3304,0.296875	
393643,629,172,17,3449,529,3377,0.3088235294117647	
391663,930,125,14,3721,545,3498,0.25	
405400,705,183,16,3893,502,3177,0.234375	
390813,722,153,16,3689,520,3286,0.296875	
415934,784,188,15,3830,606,3204,0.09999999999999998	
407669,688,175,17,3857,482,3277,0.2647058823529411	
378165,978,183,14,3600,516,3686,0.3035714285714286	
389216,764,187,15,3652,516,3373,0.2666666666666667	
399198,628,178,17,3451,614,3342,0.3529411764705882	
413024,725,159,17,3901,519,3082,0.2941176470588235	
383056,627,180,17,3435,522,3462,0.20588235294117652	
#
406026,631,187,17,3759,532,3085,0.3088235294117647	
384288,649,145,15,3447,570,3443,0.18333333333333335	
416494,489,166,20,3661,462,3154,0.35	
410702,729,176,16,4041,542,3000,0.296875	
399806,698,177,15,3562,483,3434,0.25	
379013,490,187,19,3248,482,3502,0.39473684210526316	
415934,784,188,15,3830,606,3204,0.09999999999999998	
392558,739,157,15,3740,530,3248,0.2833333333333333	
384702,671,179,16,3662,524,3304,0.296875	
393643,629,172,17,3449,529,3377,0.3088235294117647	
391663,930,125,14,3721,545,3498,0.25	
411143,646,157,16,3853,627,3003,0.234375	
390813,722,153,16,3689,520,3286,0.296875	
430297,1143,153,15,4284,526,3179,0.21666666666666667	
378165,978,183,14,3600,516,3686,0.3035714285714286	
391010,914,177,15,3828,527,3429,0.23333333333333328	
389216,764,187,15,3652,516,3373,0.2666666666666667	
399198,628,178,17,3451,614,3342,0.3529411764705882	
383056,627,180,17,3435,522,3462,0.20588235294117652	
399038,687,165,16,3907,556,3047,0.234375	
#
406403,902,190,15,4065,520,3200,0.2666666666666667	
384288,649,145,15,3447,570,3443,0.18333333333333335	
410702,729,176,16,4041,542,3000,0.296875	
399806,698,177,15,3562,483,3434,0.25	
415934,784,188,15,3830,606,3204,0.09999999999999998	
392558,739,157,15,3740,530,3248,0.2833333333333333	
384702,671,179,16,3662,524,3304,0.296875	
391663,930,125,14,3721,545,3498,0.25	
394666,493,157,17,3545,549,3207,0.25	
411143,646,157,16,3853,627,3003,0.234375	
405935,688,175,15,3905,528,3066,0.2833333333333333	
378165,978,183,14,3600,516,3686,0.3035714285714286	
391010,914,177,15,3828,527,3429,0.23333333333333328	
389216,764,187,15,3652,516,3373,0.2666666666666667	
416838,641,169,17,3972,502,3002,0.19117647058823528	
432226,991,124,14,4079,480,3302,0.125	
399933,483,190,17,3526,590,3137,0.32352941176470584	
399038,687,165,16,3907,556,3047,0.234375	
#
384288,649,145,15,3447,570,3443,0.18333333333333335	
410702,729,176,16,4041,542,3000,0.296875	
399806,698,177,15,3562,483,3434,0.25	
415934,784,188,15,3830,606,3204,0.09999999999999998	
392558,739,157,15,3740,530,3248,0.2833333333333333	
384702,671,179,16,3662,524,3304,0.296875	
394666,493,157,17,3545,549,3207,0.25	
411143,646,157,16,3853,627,3003,0.234375	
394456,726,143,15,3524,617,3434,0.18333333333333335	
405935,688,175,15,3905,528,3066,0.2833333333333333	
432226,991,124,14,4079,480,3302,0.125	
403007,739,186,13,3800,477,3324,0.13461538461538458	
399933,483,190,17,3526,590,3137,0.32352941176470584	
399038,687,165,16,3907,556,3047,0.234375	
#
384288,649,145,15,3447,570,3443,0.18333333333333335	
410702,729,176,16,4041,542,3000,0.296875	
394666,493,157,17,3545,549,3207,0.25	
379013,490,187,19,3248,482,3502,0.39473684210526316	
415934,784,188,15,3830,606,3204,0.09999999999999998	
392558,739,157,15,3740,530,3248,0.2833333333333333	
384702,671,179,16,3662,524,3304,0.296875	
411143,646,157,16,3853,627,3003,0.234375	
405415,654,90,13,3562,544,3389,0.17307692307692313	
405935,688,175,15,3905,528,3066,0.2833333333333333	
412176,961,157,13,4079,528,3166,0.13461538461538458	
403007,739,186,13,3800,477,3324,0.13461538461538458	
421530,1006,163,15,4301,533,3050,0.21666666666666667	
399038,687,165,16,3907,556,3047,0.234375	
#
384288,649,145,15,3447,570,3443,0.18333333333333335	
407669,520,199,18,3342,529,3464,0.38888888888888884	
407238,600,150,17,3637,561,3241,0.2647058823529411	
404524,639,184,17,3503,508,3424,0.22058823529411764	
379013,490,187,19,3248,482,3502,0.39473684210526316	
415934,784,188,15,3830,606,3204,0.09999999999999998	
392558,739,157,15,3740,530,3248,0.2833333333333333	
384702,671,179,16,3662,524,3304,0.296875	
411143,646,157,16,3853,627,3003,0.234375	
405415,654,90,13,3562,544,3389,0.17307692307692313	
405935,688,175,15,3905,528,3066,0.2833333333333333	
402311,811,157,14,3924,497,3216,0.1964285714285714	
412176,961,157,13,4079,528,3166,0.13461538461538458	
397370,736,147,13,3718,591,3264,0.1923076923076923	
403007,739,186,13,3800,477,3324,0.13461538461538458	
421530,1006,163,15,4301,533,3050,0.21666666666666667	
410702,729,176,16,4041,542,3000,0.296875	
399038,687,165,16,3907,556,3047,0.234375	
#
384288,649,145,15,3447,570,3443,0.18333333333333335	
407669,520,199,18,3342,529,3464,0.38888888888888884	
407238,600,150,17,3637,561,3241,0.2647058823529411	
404524,639,184,17,3503,508,3424,0.22058823529411764	
379013,490,187,19,3248,482,3502,0.39473684210526316	
415934,784,188,15,3830,606,3204,0.09999999999999998	
392558,739,157,15,3740,530,3248,0.2833333333333333	
384702,671,179,16,3662,524,3304,0.296875	
411143,646,157,16,3853,627,3003,0.234375	
405415,654,90,13,3562,544,3389,0.17307692307692313	
405935,688,175,15,3905,528,3066,0.2833333333333333	
397370,736,147,13,3718,591,3264,0.1923076923076923	
402311,811,157,14,3924,497,3216,0.1964285714285714	
412176,961,157,13,4079,528,3166,0.13461538461538458	
425185,951,173,15,4198,615,3001,0.25	
403007,739,186,13,3800,477,3324,0.13461538461538458	
421530,1006,163,15,4301,533,3050,0.21666666666666667	
410702,729,176,16,4041,542,3000,0.296875	
399038,687,165,16,3907,556,3047,0.234375	
#
405415,654,90,13,3562,544,3389,0.17307692307692313	
384288,649,145,15,3447,570,3443,0.18333333333333335	
407669,520,199,18,3342,529,3464,0.38888888888888884	
407238,600,150,17,3637,561,3241,0.2647058823529411	
411143,646,157,16,3853,627,3003,0.234375	
379013,490,187,19,3248,482,3502,0.39473684210526316	
415934,784,188,15,3830,606,3204,0.09999999999999998	
384702,671,179,16,3662,524,3304,0.296875	
405935,688,175,15,3905,528,3066,0.2833333333333333	
397370,736,147,13,3718,591,3264,0.1923076923076923	
402311,811,157,14,3924,497,3216,0.1964285714285714	
412176,961,157,13,4079,528,3166,0.13461538461538458	
403007,739,186,13,3800,477,3324,0.13461538461538458	
421530,1006,163,15,4301,533,3050,0.21666666666666667	
410702,729,176,16,4041,542,3000,0.296875	
392558,739,157,15,3740,530,3248,0.2833333333333333	
399038,687,165,16,3907,556,3047,0.234375	
408356,630,179,16,3759,511,3177,0.21875	
#
405415,654,90,13,3562,544,3389,0.17307692307692313	
384288,649,145,15,3447,570,3443,0.18333333333333335	
407669,520,199,18,3342,529,3464,0.38888888888888884	
407238,600,150,17,3637,561,3241,0.2647058823529411	
411143,646,157,16,3853,627,3003,0.234375	
410611,486,180,19,3452,418,3373,0.35526315789473684	
415934,784,188,15,3830,606,3204,0.09999999999999998	
407097,675,157,15,3584,494,3344,0.16666666666666663	
384702,671,179,16,3662,524,3304,0.296875	
405935,688,175,15,3905,528,3066,0.2833333333333333	
397370,736,147,13,3718,591,3264,0.1923076923076923	
402311,811,157,14,3924,497,3216,0.1964285714285714	
412176,961,157,13,4079,528,3166,0.13461538461538458	
403007,739,186,13,3800,477,3324,0.13461538461538458	
421530,1006,163,15,4301,533,3050,0.21666666666666667	
410702,729,176,16,4041,542,3000,0.296875	
392558,739,157,15,3740,530,3248,0.2833333333333333	
399038,687,165,16,3907,556,3047,0.234375	
408356,630,179,16,3759,511,3177,0.21875	
#
405415,654,90,13,3562,544,3389,0.17307692307692313	
384288,649,145,15,3447,570,3443,0.18333333333333335	
407669,520,199,18,3342,529,3464,0.38888888888888884	
407238,600,150,17,3637,561,3241,0.2647058823529411	
411143,646,157,16,3853,627,3003,0.234375	
410611,486,180,19,3452,418,3373,0.35526315789473684	
415934,784,188,15,3830,606,3204,0.09999999999999998	
407097,675,157,15,3584,494,3344,0.16666666666666663	
384702,671,179,16,3662,524,3304,0.296875	
392558,739,157,15,3740,530,3248,0.2833333333333333	
400109,665,185,16,3786,495,3184,0.296875	
405935,688,175,15,3905,528,3066,0.2833333333333333	
397370,736,147,13,3718,591,3264,0.1923076923076923	
402311,811,157,14,3924,497,3216,0.1964285714285714	
412176,961,157,13,4079,528,3166,0.13461538461538458	
403007,739,186,13,3800,477,3324,0.13461538461538458	
421530,1006,163,15,4301,533,3050,0.21666666666666667	
410702,729,176,16,4041,542,3000,0.296875	
399038,687,165,16,3907,556,3047,0.234375	
408356,630,179,16,3759,511,3177,0.21875	
#
405415,654,90,13,3562,544,3389,0.17307692307692313	
384288,649,145,15,3447,570,3443,0.18333333333333335	
407669,520,199,18,3342,529,3464,0.38888888888888884	
407238,600,150,17,3637,561,3241,0.2647058823529411	
411143,646,157,16,3853,627,3003,0.234375	
418987,530,166,17,3689,543,3090,0.23529411764705888	
415934,784,188,15,3830,606,3204,0.09999999999999998	
412176,961,157,13,4079,528,3166,0.13461538461538458	
392558,739,157,15,3740,530,3248,0.2833333333333333	
400109,665,185,16,3786,495,3184,0.296875	
405935,688,175,15,3905,528,3066,0.2833333333333333	
397370,736,147,13,3718,591,3264,0.1923076923076923	
402311,811,157,14,3924,497,3216,0.1964285714285714	
404572,666,161,16,3749,497,3274,0.234375	
403007,739,186,13,3800,477,3324,0.13461538461538458	
421530,1006,163,15,4301,533,3050,0.21666666666666667	
396181,653,187,15,3627,546,3302,0.25	
410702,729,176,16,4041,542,3000,0.296875	
416457,874,169,14,4134,508,3073,0.2142857142857143	
408356,630,179,16,3759,511,3177,0.21875	
#
405415,654,90,13,3562,544,3389,0.17307692307692313	
384288,649,145,15,3447,570,3443,0.18333333333333335	
415379,491,177,19,3827,507,3012,0.2763157894736842	
407238,600,150,17,3637,561,3241,0.2647058823529411	
414210,733,176,16,4057,491,3012,0.1875	
411143,646,157,16,3853,627,3003,0.234375	
430067,670,154,16,4042,525,2908,0.21875	
418987,530,166,17,3689,543,3090,0.23529411764705888	
415934,784,188,15,3830,606,3204,0.09999999999999998	
412176,961,157,13,4079,528,3166,0.13461538461538458	
392558,739,157,15,3740,530,3248,0.2833333333333333	
407166,623,167,16,3714,584,3070,0.21875	
405935,688,175,15,3905,528,3066,0.2833333333333333	
397370,736,147,13,3718,591,3264,0.1923076923076923	
397933,655,182,16,3683,527,3256,0.21875	
397813,657,170,13,3742,534,3263,0.25	
402311,811,157,14,3924,497,3216,0.1964285714285714	
403007,739,186,13,3800,477,3324,0.13461538461538458	
396181,653,187,15,3627,546,3302,0.25	
401675,670,184,15,3839,586,3111,0.2833333333333333	
410702,729,176,16,4041,542,3000,0.296875	
416457,874,169,14,4134,508,3073,0.2142857142857143	
#
405415,654,90,13,3562,544,3389,0.17307692307692313	
384288,649,145,15,3447,570,3443,0.18333333333333335	
415379,491,177,19,3827,507,3012,0.2763157894736842	
407238,600,150,17,3637,561,3241,0.2647058823529411	
407166,623,167,16,3714,584,3070,0.21875	
430067,670,154,16,4042,525,2908,0.21875	
418987,530,166,17,3689,543,3090,0.23529411764705888	
392558,739,157,15,3740,530,3248,0.2833333333333333	
415934,784,188,15,3830,606,3204,0.09999999999999998	
412176,961,157,13,4079,528,3166,0.13461538461538458	
416457,874,169,14,4134,508,3073,0.2142857142857143	
405935,688,175,15,3905,528,3066,0.2833333333333333	
403030,655,180,16,3981,528,2997,0.21875	
397370,736,147,13,3718,591,3264,0.1923076923076923	
397933,655,182,16,3683,527,3256,0.21875	
397813,657,170,13,3742,534,3263,0.25	
402311,811,157,14,3924,497,3216,0.1964285714285714	
403007,739,186,13,3800,477,3324,0.13461538461538458	
396181,653,187,15,3627,546,3302,0.25	
401675,670,184,15,3839,586,3111,0.2833333333333333	
#
405415,654,90,13,3562,544,3389,0.17307692307692313	
415379,491,177,19,3827,507,3012,0.2763157894736842	
407238,600,150,17,3637,561,3241,0.2647058823529411	
397933,655,182,16,3683,527,3256,0.21875	
407166,623,167,16,3714,584,3070,0.21875	
430067,670,154,16,4042,525,2908,0.21875	
397815,541,163,16,3369,578,3339,0.28125	
392558,739,157,15,3740,530,3248,0.2833333333333333	
415934,784,188,15,3830,606,3204,0.09999999999999998	
412176,961,157,13,4079,528,3166,0.13461538461538458	
416457,874,169,14,4134,508,3073,0.2142857142857143	
405935,688,175,15,3905,528,3066,0.2833333333333333	
403030,655,180,16,3981,528,2997,0.21875	
397370,736,147,13,3718,591,3264,0.1923076923076923	
396782,704,168,15,3765,561,3213,0.30000000000000004	
397813,657,170,13,3742,534,3263,0.25	
402311,811,157,14,3924,497,3216,0.1964285714285714	
403007,739,186,13,3800,477,3324,0.13461538461538458	
396181,653,187,15,3627,546,3302,0.25	
384288,649,145,15,3447,570,3443,0.18333333333333335	
401675,670,184,15,3839,586,3111,0.2833333333333333	
#
405415,654,90,13,3562,544,3389,0.17307692307692313	
394659,339,176,19,3123,581,3402,0.3421052631578947	
383788,469,178,17,3253,465,3487,0.2941176470588235	
397933,655,182,16,3683,527,3256,0.21875	
407166,623,167,16,3714,584,3070,0.21875	
430067,670,154,16,4042,525,2908,0.21875	
397815,541,163,16,3369,578,3339,0.28125	
392558,739,157,15,3740,530,3248,0.2833333333333333	
416457,874,169,14,4134,508,3073,0.2142857142857143	
412176,961,157,13,4079,528,3166,0.13461538461538458	
405935,688,175,15,3905,528,3066,0.2833333333333333	
386730,668,174,15,3710,498,3278,0.18333333333333335	
403030,655,180,16,3981,528,2997,0.21875	
415934,784,188,15,3830,606,3204,0.09999999999999998	
397370,736,147,13,3718,591,3264,0.1923076923076923	
396782,704,168,15,3765,561,3213,0.30000000000000004	
402311,811,157,14,3924,497,3216,0.1964285714285714	
403007,739,186,13,3800,477,3324,0.13461538461538458	
396181,653,187,15,3627,546,3302,0.25	
384288,649,145,15,3447,570,3443,0.18333333333333335	
401675,670,184,15,3839,586,3111,0.2833333333333333	
391634,844,160,14,3985,551,3186,0.2321428571428571	
#
405415,654,90,13,3562,544,3389,0.17307692307692313	
394659,339,176,19,3123,581,3402,0.3421052631578947	
383788,469,178,17,3253,465,3487,0.2941176470588235	
397933,655,182,16,3683,527,3256,0.21875	
430067,670,154,16,4042,525,2908,0.21875	
407166,623,167,16,3714,584,3070,0.21875	
407245,621,176,18,3669,468,3383,0.3194444444444444	
392558,739,157,15,3740,530,3248,0.2833333333333333	
416457,874,169,14,4134,508,3073,0.2142857142857143	
412176,961,157,13,4079,528,3166,0.13461538461538458	
395545,669,170,13,3383,602,3384,0.28846153846153844	
405935,688,175,15,3905,528,3066,0.2833333333333333	
386730,668,174,15,3710,498,3278,0.18333333333333335	
403030,655,180,16,3981,528,2997,0.21875	
415934,784,188,15,3830,606,3204,0.09999999999999998	
397370,736,147,13,3718,591,3264,0.1923076923076923	
420745,669,190,15,3918,562,2976,0.30000000000000004	
396782,704,168,15,3765,561,3213,0.30000000000000004	
402311,811,157,14,3924,497,3216,0.1964285714285714	
403007,739,186,13,3800,477,3324,0.13461538461538458	
396181,653,187,15,3627,546,3302,0.25	
384288,649,145,15,3447,570,3443,0.18333333333333335	
401675,670,184,15,3839,586,3111,0.2833333333333333	
391634,844,160,14,3985,551,3186,0.2321428571428571	
#
405415,654,90,13,3562,544,3389,0.17307692307692313	
394659,339,176,19,3123,581,3402,0.3421052631578947	
383788,469,178,17,3253,465,3487,0.2941176470588235	
397370,736,147,13,3718,591,3264,0.1923076923076923	
397933,655,182,16,3683,527,3256,0.21875	
430067,670,154,16,4042,525,2908,0.21875	
407166,623,167,16,3714,584,3070,0.21875	
407245,621,176,18,3669,468,3383,0.3194444444444444	
392558,739,157,15,3740,530,3248,0.2833333333333333	
416457,874,169,14,4134,508,3073,0.2142857142857143	
412176,961,157,13,4079,528,3166,0.13461538461538458	
395545,669,170,13,3383,602,3384,0.28846153846153844	
405935,688,175,15,3905,528,3066,0.2833333333333333	
386730,668,174,15,3710,498,3278,0.18333333333333335	
403030,655,180,16,3981,528,2997,0.21875	
415934,784,188,15,3830,606,3204,0.09999999999999998	
420745,669,190,15,3918,562,2976,0.30000000000000004	
396782,704,168,15,3765,561,3213,0.30000000000000004	
402311,811,157,14,3924,497,3216,0.1964285714285714	
403007,739,186,13,3800,477,3324,0.13461538461538458	
396181,653,187,15,3627,546,3302,0.25	
384288,649,145,15,3447,570,3443,0.18333333333333335	
401675,670,184,15,3839,586,3111,0.2833333333333333	
391634,844,160,14,3985,551,3186,0.2321428571428571	
#
405415,654,90,13,3562,544,3389,0.17307692307692313	
394659,339,176,19,3123,581,3402,0.3421052631578947	
383788,469,178,17,3253,465,3487,0.2941176470588235	
397370,736,147,13,3718,591,3264,0.1923076923076923	
397933,655,182,16,3683,527,3256,0.21875	
430067,670,154,16,4042,525,2908,0.21875	
403545,503,192,16,3602,557,3173,0.28125	
402544,632,161,16,3918,549,3036,0.296875	
414790,586,181,17,3769,449,3165,0.2647058823529411	
392558,739,157,15,3740,530,3248,0.2833333333333333	
416457,874,169,14,4134,508,3073,0.2142857142857143	
412176,961,157,13,4079,528,3166,0.13461538461538458	
407166,623,167,16,3714,584,3070,0.21875	
395545,669,170,13,3383,602,3384,0.28846153846153844	
405935,688,175,15,3905,528,3066,0.2833333333333333	
386730,668,174,15,3710,498,3278,0.18333333333333335	
403030,655,180,16,3981,528,2997,0.21875	
415934,784,188,15,3830,606,3204,0.09999999999999998	
396782,704,168,15,3765,561,3213,0.30000000000000004	
402311,811,157,14,3924,497,3216,0.1964285714285714	
403007,739,186,13,3800,477,3324,0.13461538461538458	
396181,653,187,15,3627,546,3302,0.25	
384288,649,145,15,3447,570,3443,0.18333333333333335	
401675,670,184,15,3839,586,3111,0.2833333333333333	
391634,844,160,14,3985,551,3186,0.2321428571428571	
#
405415,654,90,13,3562,544,3389,0.17307692307692313	
412176,961,157,13,4079,528,3166,0.13461538461538458	
394659,339,176,19,3123,581,3402,0.3421052631578947	
383788,469,178,17,3253,465,3487,0.2941176470588235	
397370,736,147,13,3718,591,3264,0.1923076923076923	
397933,655,182,16,3683,527,3256,0.21875	
430067,670,154,16,4042,525,2908,0.21875	
403545,503,192,16,3602,557,3173,0.28125	
402544,632,161,16,3918,549,3036,0.296875	
414790,586,181,17,3769,449,3165,0.2647058823529411	
392558,739,157,15,3740,530,3248,0.2833333333333333	
416457,874,169,14,4134,508,3073,0.2142857142857143	
407166,623,167,16,3714,584,3070,0.21875	
395545,669,170,13,3383,602,3384,0.28846153846153844	
405935,688,175,15,3905,528,3066,0.2833333333333333	
386730,668,174,15,3710,498,3278,0.18333333333333335	
403030,655,180,16,3981,528,2997,0.21875	
415934,784,188,15,3830,606,3204,0.09999999999999998	
396782,704,168,15,3765,561,3213,0.30000000000000004	
403007,739,186,13,3800,477,3324,0.13461538461538458	
396181,653,187,15,3627,546,3302,0.25	
384288,649,145,15,3447,570,3443,0.18333333333333335	
401675,670,184,15,3839,586,3111,0.2833333333333333	
391634,844,160,14,3985,551,3186,0.2321428571428571	
#
405415,654,90,13,3562,544,3389,0.17307692307692313	
412176,961,157,13,4079,528,3166,0.13461538461538458	
394659,339,176,19,3123,581,3402,0.3421052631578947	
383788,469,178,17,3253,465,3487,0.2941176470588235	
397370,736,147,13,3718,591,3264,0.1923076923076923	
392558,739,157,15,3740,530,3248,0.2833333333333333	
430067,670,154,16,4042,525,2908,0.21875	
403545,503,192,16,3602,557,3173,0.28125	
402544,632,161,16,3918,549,3036,0.296875	
414790,586,181,17,3769,449,3165,0.2647058823529411	
416457,874,169,14,4134,508,3073,0.2142857142857143	
407166,623,167,16,3714,584,3070,0.21875	
395545,669,170,13,3383,602,3384,0.28846153846153844	
405935,688,175,15,3905,528,3066,0.2833333333333333	
386730,668,174,15,3710,498,3278,0.18333333333333335	
403030,655,180,16,3981,528,2997,0.21875	
415934,784,188,15,3830,606,3204,0.09999999999999998	
397933,655,182,16,3683,527,3256,0.21875	
396782,704,168,15,3765,561,3213,0.30000000000000004	
403007,739,186,13,3800,477,3324,0.13461538461538458	
396181,653,187,15,3627,546,3302,0.25	
384288,649,145,15,3447,570,3443,0.18333333333333335	
401675,670,184,15,3839,586,3111,0.2833333333333333	
391634,844,160,14,3985,551,3186,0.2321428571428571	
#
405415,654,90,13,3562,544,3389,0.17307692307692313	
412176,961,157,13,4079,528,3166,0.13461538461538458	
394659,339,176,19,3123,581,3402,0.3421052631578947	
383788,469,178,17,3253,465,3487,0.2941176470588235	
397370,736,147,13,3718,591,3264,0.1923076923076923	
392558,739,157,15,3740,530,3248,0.2833333333333333	
407166,623,167,16,3714,584,3070,0.21875	
403545,503,192,16,3602,557,3173,0.28125	
402544,632,161,16,3918,549,3036,0.296875	
414790,586,181,17,3769,449,3165,0.2647058823529411	
410293,417,173,18,3479,525,3165,0.33333333333333337	
390003,847,164,14,4039,594,3053,0.25	
395545,669,170,13,3383,602,3384,0.28846153846153844	
386730,668,174,15,3710,498,3278,0.18333333333333335	
403030,655,180,16,3981,528,2997,0.21875	
415934,784,188,15,3830,606,3204,0.09999999999999998	
397933,655,182,16,3683,527,3256,0.21875	
396782,704,168,15,3765,561,3213,0.30000000000000004	
403007,739,186,13,3800,477,3324,0.13461538461538458	
396181,653,187,15,3627,546,3302,0.25	
384288,649,145,15,3447,570,3443,0.18333333333333335	
401675,670,184,15,3839,586,3111,0.2833333333333333	
391634,844,160,14,3985,551,3186,0.2321428571428571	
#
405415,654,90,13,3562,544,3389,0.17307692307692313	
412176,961,157,13,4079,528,3166,0.13461538461538458	
394659,339,176,19,3123,581,3402,0.3421052631578947	
383788,469,178,17,3253,465,3487,0.2941176470588235	
397370,736,147,13,3718,591,3264,0.1923076923076923	
392558,739,157,15,3740,530,3248,0.2833333333333333	
407166,623,167,16,3714,584,3070,0.21875	
403545,503,192,16,3602,557,3173,0.28125	
402544,632,161,16,3918,549,3036,0.296875	
414790,586,181,17,3769,449,3165,0.2647058823529411	
410293,417,173,18,3479,525,3165,0.33333333333333337	
390003,847,164,14,4039,594,3053,0.25	
395545,669,170,13,3383,602,3384,0.28846153846153844	
386730,668,174,15,3710,498,3278,0.18333333333333335	
415934,784,188,15,3830,606,3204,0.09999999999999998	
392846,739,192,15,3740,567,3239,0.30000000000000004	
397933,655,182,16,3683,527,3256,0.21875	
396782,704,168,15,3765,561,3213,0.30000000000000004	
403007,739,186,13,3800,477,3324,0.13461538461538458	
396181,653,187,15,3627,546,3302,0.25	
384288,649,145,15,3447,570,3443,0.18333333333333335	
401675,670,184,15,3839,586,3111,0.2833333333333333	
391634,844,160,14,3985,551,3186,0.2321428571428571	
#
405415,654,90,13,3562,544,3389,0.17307692307692313	
412176,961,157,13,4079,528,3166,0.13461538461538458	
394659,339,176,19,3123,581,3402,0.3421052631578947	
383788,469,178,17,3253,465,3487,0.2941176470588235	
397370,736,147,13,3718,591,3264,0.1923076923076923	
392558,739,157,15,3740,530,3248,0.2833333333333333	
407166,623,167,16,3714,584,3070,0.21875	
403545,503,192,16,3602,557,3173,0.28125	
414790,586,181,17,3769,449,3165,0.2647058823529411	
410293,417,173,18,3479,525,3165,0.33333333333333337	
390003,847,164,14,4039,594,3053,0.25	
395545,669,170,13,3383,602,3384,0.28846153846153844	
386730,668,174,15,3710,498,3278,0.18333333333333335	
415934,784,188,15,3830,606,3204,0.09999999999999998	
392846,739,192,15,3740,567,3239,0.30000000000000004	
397933,655,182,16,3683,527,3256,0.21875	
396782,704,168,15,3765,561,3213,0.30000000000000004	
403007,739,186,13,3800,477,3324,0.13461538461538458	
406932,812,136,15,4142,508,3055,0.1333333333333333	
396181,653,187,15,3627,546,3302,0.25	
384288,649,145,15,3447,570,3443,0.18333333333333335	
401675,670,184,15,3839,586,3111,0.2833333333333333	
391634,844,160,14,3985,551,3186,0.2321428571428571	
#
405415,654,90,13,3562,544,3389,0.17307692307692313	
394659,339,176,19,3123,581,3402,0.3421052631578947	
383788,469,178,17,3253,465,3487,0.2941176470588235	
397370,736,147,13,3718,591,3264,0.1923076923076923	
392558,739,157,15,3740,530,3248,0.2833333333333333	
407166,623,167,16,3714,584,3070,0.21875	
403545,503,192,16,3602,557,3173,0.28125	
414790,586,181,17,3769,449,3165,0.2647058823529411	
410293,417,173,18,3479,525,3165,0.33333333333333337	
390003,847,164,14,4039,594,3053,0.25	
395545,669,170,13,3383,602,3384,0.28846153846153844	
386730,668,174,15,3710,498,3278,0.18333333333333335	
415934,784,188,15,3830,606,3204,0.09999999999999998	
392846,739,192,15,3740,567,3239,0.30000000000000004	
397933,655,182,16,3683,527,3256,0.21875	
396782,704,168,15,3765,561,3213,0.30000000000000004	
412176,961,157,13,4079,528,3166,0.13461538461538458	
403007,739,186,13,3800,477,3324,0.13461538461538458	
406932,812,136,15,4142,508,3055,0.1333333333333333	
396181,653,187,15,3627,546,3302,0.25	
401675,670,184,15,3839,586,3111,0.2833333333333333	
391634,844,160,14,3985,551,3186,0.2321428571428571	
#
405415,654,90,13,3562,544,3389,0.17307692307692313	
394659,339,176,19,3123,581,3402,0.3421052631578947	
383788,469,178,17,3253,465,3487,0.2941176470588235	
397370,736,147,13,3718,591,3264,0.1923076923076923	
407166,623,167,16,3714,584,3070,0.21875	
403545,503,192,16,3602,557,3173,0.28125	
400266,575,176,17,3831,535,3052,0.27941176470588236	
410293,417,173,18,3479,525,3165,0.33333333333333337	
390003,847,164,14,4039,594,3053,0.25	
395545,669,170,13,3383,602,3384,0.28846153846153844	
395545,669,170,13,3383,602,3384,0.28846153846153844	
431263,758,98,14,3873,644,3056,0.1607142857142857	
393834,664,167,14,3768,530,3174,0.2321428571428571	
412176,961,157,13,4079,528,3166,0.13461538461538458	
403007,739,186,13,3800,477,3324,0.13461538461538458	
406932,812,136,15,4142,508,3055,0.1333333333333333	
396181,653,187,15,3627,546,3302,0.25	
401675,670,184,15,3839,586,3111,0.2833333333333333	
391634,844,160,14,3985,551,3186,0.2321428571428571	
#
405415,654,90,13,3562,544,3389,0.17307692307692313	
394659,339,176,19,3123,581,3402,0.3421052631578947	
383788,469,178,17,3253,465,3487,0.2941176470588235	
397370,736,147,13,3718,591,3264,0.1923076923076923	
407166,623,167,16,3714,584,3070,0.21875	
403545,503,192,16,3602,557,3173,0.28125	
400266,575,176,17,3831,535,3052,0.27941176470588236	
410293,417,173,18,3479,525,3165,0.33333333333333337	
390003,847,164,14,4039,594,3053,0.25	
395545,669,170,13,3383,602,3384,0.28846153846153844	
395545,669,170,13,3383,602,3384,0.28846153846153844	
393834,664,167,14,3768,530,3174,0.2321428571428571	
412176,961,157,13,4079,528,3166,0.13461538461538458	
403007,739,186,13,3800,477,3324,0.13461538461538458	
406932,812,136,15,4142,508,3055,0.1333333333333333	
396181,653,187,15,3627,546,3302,0.25	
401675,670,184,15,3839,586,3111,0.2833333333333333	
#
405415,654,90,13,3562,544,3389,0.17307692307692313	
394659,339,176,19,3123,581,3402,0.3421052631578947	
383788,469,178,17,3253,465,3487,0.2941176470588235	
397370,736,147,13,3718,591,3264,0.1923076923076923	
407166,623,167,16,3714,584,3070,0.21875	
416591,651,135,14,3863,479,3107,0.1428571428571429	
403545,503,192,16,3602,557,3173,0.28125	
414790,586,181,17,3769,449,3165,0.2647058823529411	
410293,417,173,18,3479,525,3165,0.33333333333333337	
416457,874,169,14,4134,508,3073,0.2142857142857143	
395545,669,170,13,3383,602,3384,0.28846153846153844	
395545,669,170,13,3383,602,3384,0.28846153846153844	
393834,664,167,14,3768,530,3174,0.2321428571428571	
412176,961,157,13,4079,528,3166,0.13461538461538458	
403007,739,186,13,3800,477,3324,0.13461538461538458	
406932,812,136,15,4142,508,3055,0.1333333333333333	
396181,653,187,15,3627,546,3302,0.25	
#
405415,654,90,13,3562,544,3389,0.17307692307692313	
394659,339,176,19,3123,581,3402,0.3421052631578947	
383788,469,178,17,3253,465,3487,0.2941176470588235	
397370,736,147,13,3718,591,3264,0.1923076923076923	
403545,503,192,16,3602,557,3173,0.28125	
407166,623,167,16,3714,584,3070,0.21875	
416591,651,135,14,3863,479,3107,0.1428571428571429	
396702,574,159,15,3796,550,3106,0.21666666666666667	
410293,417,173,18,3479,525,3165,0.33333333333333337	
416457,874,169,14,4134,508,3073,0.2142857142857143	
395545,669,170,13,3383,602,3384,0.28846153846153844	
390602,529,151,16,3434,496,3382,0.25	
388950,629,168,15,3743,469,3275,0.25	
393834,664,167,14,3768,530,3174,0.2321428571428571	
412176,961,157,13,4079,528,3166,0.13461538461538458	
403007,739,186,13,3800,477,3324,0.13461538461538458	
406932,812,136,15,4142,508,3055,0.1333333333333333	
#
405415,654,90,13,3562,544,3389,0.17307692307692313	
410293,417,173,18,3479,525,3165,0.33333333333333337	
383788,469,178,17,3253,465,3487,0.2941176470588235	
397370,736,147,13,3718,591,3264,0.1923076923076923	
403545,503,192,16,3602,557,3173,0.28125	
407166,623,167,16,3714,584,3070,0.21875	
416591,651,135,14,3863,479,3107,0.1428571428571429	
396702,574,159,15,3796,550,3106,0.21666666666666667	
416457,874,169,14,4134,508,3073,0.2142857142857143	
395545,669,170,13,3383,602,3384,0.28846153846153844	
390602,529,151,16,3434,496,3382,0.25	
388950,629,168,15,3743,469,3275,0.25	
393834,664,167,14,3768,530,3174,0.2321428571428571	
412176,961,157,13,4079,528,3166,0.13461538461538458	
403007,739,186,13,3800,477,3324,0.13461538461538458	
406932,812,136,15,4142,508,3055,0.1333333333333333	
#
405415,654,90,13,3562,544,3389,0.17307692307692313	
410293,417,173,18,3479,525,3165,0.33333333333333337	
383788,469,178,17,3253,465,3487,0.2941176470588235	
397370,736,147,13,3718,591,3264,0.1923076923076923	
403545,503,192,16,3602,557,3173,0.28125	
407166,623,167,16,3714,584,3070,0.21875	
396702,574,159,15,3796,550,3106,0.21666666666666667	
391634,844,160,14,3985,551,3186,0.2321428571428571	
416457,874,169,14,4134,508,3073,0.2142857142857143	
395545,669,170,13,3383,602,3384,0.28846153846153844	
390602,529,151,16,3434,496,3382,0.25	
388950,629,168,15,3743,469,3275,0.25	
401050,646,160,14,3896,544,3076,0.1785714285714286	
393834,664,167,14,3768,530,3174,0.2321428571428571	
412176,961,157,13,4079,528,3166,0.13461538461538458	
403007,739,186,13,3800,477,3324,0.13461538461538458	
#
405415,654,90,13,3562,544,3389,0.17307692307692313	
410293,417,173,18,3479,525,3165,0.33333333333333337	
383788,469,178,17,3253,465,3487,0.2941176470588235	
397370,736,147,13,3718,591,3264,0.1923076923076923	
401050,646,160,14,3896,544,3076,0.1785714285714286	
407166,623,167,16,3714,584,3070,0.21875	
403545,503,192,16,3602,557,3173,0.28125	
396702,574,159,15,3796,550,3106,0.21666666666666667	
391634,844,160,14,3985,551,3186,0.2321428571428571	
416457,874,169,14,4134,508,3073,0.2142857142857143	
395545,669,170,13,3383,602,3384,0.28846153846153844	
390602,529,151,16,3434,496,3382,0.25	
408444,634,178,15,3954,514,3029,0.18333333333333335	
414627,611,137,16,3801,533,3052,0.25	
388950,629,168,15,3743,469,3275,0.25	
393834,664,167,14,3768,530,3174,0.2321428571428571	
412176,961,157,13,4079,528,3166,0.13461538461538458	
401480,688,175,15,3985,514,3052,0.25	
403007,739,186,13,3800,477,3324,0.13461538461538458	
#
405415,654,90,13,3562,544,3389,0.17307692307692313	
410293,417,173,18,3479,525,3165,0.33333333333333337	
383788,469,178,17,3253,465,3487,0.2941176470588235	
397370,736,147,13,3718,591,3264,0.1923076923076923	
401050,646,160,14,3896,544,3076,0.1785714285714286	
396702,574,159,15,3796,550,3106,0.21666666666666667	
416457,874,169,14,4134,508,3073,0.2142857142857143	
395545,669,170,13,3383,602,3384,0.28846153846153844	
390602,529,151,16,3434,496,3382,0.25	
408444,634,178,15,3954,514,3029,0.18333333333333335	
414627,611,137,16,3801,533,3052,0.25	
388950,629,168,15,3743,469,3275,0.25	
393834,664,167,14,3768,530,3174,0.2321428571428571	
412176,961,157,13,4079,528,3166,0.13461538461538458	
391634,844,160,14,3985,551,3186,0.2321428571428571	
401480,688,175,15,3985,514,3052,0.25	
403007,739,186,13,3800,477,3324,0.13461538461538458	
#
405415,654,90,13,3562,544,3389,0.17307692307692313	
410293,417,173,18,3479,525,3165,0.33333333333333337	
383788,469,178,17,3253,465,3487,0.2941176470588235	
397370,736,147,13,3718,591,3264,0.1923076923076923	
401050,646,160,14,3896,544,3076,0.1785714285714286	
403007,739,186,13,3800,477,3324,0.13461538461538458	
396702,574,159,15,3796,550,3106,0.21666666666666667	
416457,874,169,14,4134,508,3073,0.2142857142857143	
395545,669,170,13,3383,602,3384,0.28846153846153844	
390602,529,151,16,3434,496,3382,0.25	
408444,634,178,15,3954,514,3029,0.18333333333333335	
414627,611,137,16,3801,533,3052,0.25	
388950,629,168,15,3743,469,3275,0.25	
398667,618,161,16,3872,450,3073,0.296875	
393834,664,167,14,3768,530,3174,0.2321428571428571	
412176,961,157,13,4079,528,3166,0.13461538461538458	
391634,844,160,14,3985,551,3186,0.2321428571428571	
401480,688,175,15,3985,514,3052,0.25	
#
405415,654,90,13,3562,544,3389,0.17307692307692313	
410293,417,173,18,3479,525,3165,0.33333333333333337	
383788,469,178,17,3253,465,3487,0.2941176470588235	
397370,736,147,13,3718,591,3264,0.1923076923076923	
401050,646,160,14,3896,544,3076,0.1785714285714286	
396702,574,159,15,3796,550,3106,0.21666666666666667	
416457,874,169,14,4134,508,3073,0.2142857142857143	
395545,669,170,13,3383,602,3384,0.28846153846153844	
390602,529,151,16,3434,496,3382,0.25	
408444,634,178,15,3954,514,3029,0.18333333333333335	
414627,611,137,16,3801,533,3052,0.25	
388950,629,168,15,3743,469,3275,0.25	
398667,618,161,16,3872,450,3073,0.296875	
393834,664,167,14,3768,530,3174,0.2321428571428571	
412176,961,157,13,4079,528,3166,0.13461538461538458	
391634,844,160,14,3985,551,3186,0.2321428571428571	
403007,739,186,13,3800,477,3324,0.13461538461538458	
#
405415,654,90,13,3562,544,3389,0.17307692307692313	
410293,417,173,18,3479,525,3165,0.33333333333333337	
383788,469,178,17,3253,465,3487,0.2941176470588235	
401050,646,160,14,3896,544,3076,0.1785714285714286	
396702,574,159,15,3796,550,3106,0.21666666666666667	
416457,874,169,14,4134,508,3073,0.2142857142857143	
397370,736,147,13,3718,591,3264,0.1923076923076923	
395545,669,170,13,3383,602,3384,0.28846153846153844	
390602,529,151,16,3434,496,3382,0.25	
408444,634,178,15,3954,514,3029,0.18333333333333335	
414627,611,137,16,3801,533,3052,0.25	
398667,618,161,16,3872,450,3073,0.296875	
393834,664,167,14,3768,530,3174,0.2321428571428571	
412176,961,157,13,4079,528,3166,0.13461538461538458	
391634,844,160,14,3985,551,3186,0.2321428571428571	
403007,739,186,13,3800,477,3324,0.13461538461538458	
395973,639,171,15,3691,454,3281,0.18333333333333335	
#
405415,654,90,13,3562,544,3389,0.17307692307692313	
410293,417,173,18,3479,525,3165,0.33333333333333337	
383788,469,178,17,3253,465,3487,0.2941176470588235	
401050,646,160,14,3896,544,3076,0.1785714285714286	
396702,574,159,15,3796,550,3106,0.21666666666666667	
416457,874,169,14,4134,508,3073,0.2142857142857143	
395545,669,170,13,3383,602,3384,0.28846153846153844	
397370,736,147,13,3718,591,3264,0.1923076923076923	
390602,529,151,16,3434,496,3382,0.25	
408444,634,178,15,3954,514,3029,0.18333333333333335	
414627,611,137,16,3801,533,3052,0.25	
398667,618,161,16,3872,450,3073,0.296875	
393834,664,167,14,3768,530,3174,0.2321428571428571	
412176,961,157,13,4079,528,3166,0.13461538461538458	
391634,844,160,14,3985,551,3186,0.2321428571428571	
403007,739,186,13,3800,477,3324,0.13461538461538458	
395973,639,171,15,3691,454,3281,0.18333333333333335	
#
405415,654,90,13,3562,544,3389,0.17307692307692313	
410293,417,173,18,3479,525,3165,0.33333333333333337	
383788,469,178,17,3253,465,3487,0.2941176470588235	
401050,646,160,14,3896,544,3076,0.1785714285714286	
396702,574,159,15,3796,550,3106,0.21666666666666667	
416457,874,169,14,4134,508,3073,0.2142857142857143	
395545,669,170,13,3383,602,3384,0.28846153846153844	
397370,736,147,13,3718,591,3264,0.1923076923076923	
390602,529,151,16,3434,496,3382,0.25	
379114,582,157,15,3762,536,3134,0.16666666666666663	
408444,634,178,15,3954,514,3029,0.18333333333333335	
414627,611,137,16,3801,533,3052,0.25	
398667,618,161,16,3872,450,3073,0.296875	
393834,664,167,14,3768,530,3174,0.2321428571428571	
391634,844,160,14,3985,551,3186,0.2321428571428571	
403007,739,186,13,3800,477,3324,0.13461538461538458	
#
405415,654,90,13,3562,544,3389,0.17307692307692313	
410293,417,173,18,3479,525,3165,0.33333333333333337	
383788,469,178,17,3253,465,3487,0.2941176470588235	
401050,646,160,14,3896,544,3076,0.1785714285714286	
397370,736,147,13,3718,591,3264,0.1923076923076923	
396702,574,159,15,3796,550,3106,0.21666666666666667	
416457,874,169,14,4134,508,3073,0.2142857142857143	
395545,669,170,13,3383,602,3384,0.28846153846153844	
390602,529,151,16,3434,496,3382,0.25	
379114,582,157,15,3762,536,3134,0.16666666666666663	
408444,634,178,15,3954,514,3029,0.18333333333333335	
414627,611,137,16,3801,533,3052,0.25	
398667,618,161,16,3872,450,3073,0.296875	
393834,664,167,14,3768,530,3174,0.2321428571428571	
391634,844,160,14,3985,551,3186,0.2321428571428571	
403007,739,186,13,3800,477,3324,0.13461538461538458	
#
405415,654,90,13,3562,544,3389,0.17307692307692313	
410293,417,173,18,3479,525,3165,0.33333333333333337	
383788,469,178,17,3253,465,3487,0.2941176470588235	
401050,646,160,14,3896,544,3076,0.1785714285714286	
397370,736,147,13,3718,591,3264,0.1923076923076923	
396702,574,159,15,3796,550,3106,0.21666666666666667	
391634,844,160,14,3985,551,3186,0.2321428571428571	
395545,669,170,13,3383,602,3384,0.28846153846153844	
379114,582,157,15,3762,536,3134,0.16666666666666663	
408444,634,178,15,3954,514,3029,0.18333333333333335	
414627,611,137,16,3801,533,3052,0.25	
390602,529,151,16,3434,496,3382,0.25	
398667,618,161,16,3872,450,3073,0.296875	
416457,874,169,14,4134,508,3073,0.2142857142857143	
393834,664,167,14,3768,530,3174,0.2321428571428571	
403007,739,186,13,3800,477,3324,0.13461538461538458	
387322,567,163,16,3573,503,3307,0.28125	
#
405415,654,90,13,3562,544,3389,0.17307692307692313	
410293,417,173,18,3479,525,3165,0.33333333333333337	
419648,504,201,16,3549,408,3362,0.25	
401050,646,160,14,3896,544,3076,0.1785714285714286	
397370,736,147,13,3718,591,3264,0.1923076923076923	
396702,574,159,15,3796,550,3106,0.21666666666666667	
391634,844,160,14,3985,551,3186,0.2321428571428571	
395545,669,170,13,3383,602,3384,0.28846153846153844	
379114,582,157,15,3762,536,3134,0.16666666666666663	
408444,634,178,15,3954,514,3029,0.18333333333333335	
414627,611,137,16,3801,533,3052,0.25	
390602,529,151,16,3434,496,3382,0.25	
398667,618,161,16,3872,450,3073,0.296875	
416457,874,169,14,4134,508,3073,0.2142857142857143	
393834,664,167,14,3768,530,3174,0.2321428571428571	
403007,739,186,13,3800,477,3324,0.13461538461538458	
387322,567,163,16,3573,503,3307,0.28125	
#
405415,654,90,13,3562,544,3389,0.17307692307692313	
410293,417,173,18,3479,525,3165,0.33333333333333337	
419648,504,201,16,3549,408,3362,0.25	
401050,646,160,14,3896,544,3076,0.1785714285714286	
397370,736,147,13,3718,591,3264,0.1923076923076923	
396702,574,159,15,3796,550,3106,0.21666666666666667	
399337,557,168,17,3542,535,3306,0.2941176470588235	
391634,844,160,14,3985,551,3186,0.2321428571428571	
395545,669,170,13,3383,602,3384,0.28846153846153844	
379114,582,157,15,3762,536,3134,0.16666666666666663	
408444,634,178,15,3954,514,3029,0.18333333333333335	
414627,611,137,16,3801,533,3052,0.25	
390602,529,151,16,3434,496,3382,0.25	
398667,618,161,16,3872,450,3073,0.296875	
393834,664,167,14,3768,530,3174,0.2321428571428571	
403007,739,186,13,3800,477,3324,0.13461538461538458	
#
405415,654,90,13,3562,544,3389,0.17307692307692313	
410293,417,173,18,3479,525,3165,0.33333333333333337	
419648,504,201,16,3549,408,3362,0.25	
401050,646,160,14,3896,544,3076,0.1785714285714286	
397370,736,147,13,3718,591,3264,0.1923076923076923	
396702,574,159,15,3796,550,3106,0.21666666666666667	
399337,557,168,17,3542,535,3306,0.2941176470588235	
391634,844,160,14,3985,551,3186,0.2321428571428571	
395545,669,170,13,3383,602,3384,0.28846153846153844	
379114,582,157,15,3762,536,3134,0.16666666666666663	
408444,634,178,15,3954,514,3029,0.18333333333333335	
414627,611,137,16,3801,533,3052,0.25	
390602,529,151,16,3434,496,3382,0.25	
398667,618,161,16,3872,450,3073,0.296875	
393834,664,167,14,3768,530,3174,0.2321428571428571	
403007,739,186,13,3800,477,3324,0.13461538461538458	
386210,533,169,16,3332,524,3456,0.28125	
#
405415,654,90,13,3562,544,3389,0.17307692307692313	
410293,417,173,18,3479,525,3165,0.33333333333333337	
419648,504,201,16,3549,408,3362,0.25	
401050,646,160,14,3896,544,3076,0.1785714285714286	
397370,736,147,13,3718,591,3264,0.1923076923076923	
399337,557,168,17,3542,535,3306,0.2941176470588235	
395545,669,170,13,3383,602,3384,0.28846153846153844	
396702,574,159,15,3796,550,3106,0.21666666666666667	
379114,582,157,15,3762,536,3134,0.16666666666666663	
414627,611,137,16,3801,533,3052,0.25	
390602,529,151,16,3434,496,3382,0.25	
416499,844,144,13,3967,610,3121,0.13461538461538458	
398667,618,161,16,3872,450,3073,0.296875	
393834,664,167,14,3768,530,3174,0.2321428571428571	
403007,739,186,13,3800,477,3324,0.13461538461538458	
386210,533,169,16,3332,524,3456,0.28125	
#
410293,417,173,18,3479,525,3165,0.33333333333333337	
414627,611,137,16,3801,533,3052,0.25	
425893,623,161,15,3974,569,2950,0.2833333333333333	
385914,494,124,12,3720,571,3052,0.14583333333333337	
#
410293,417,173,18,3479,525,3165,0.33333333333333337	
414627,611,137,16,3801,533,3052,0.25	
425893,623,161,15,3974,569,2950,0.2833333333333333	
385914,494,124,12,3720,571,3052,0.14583333333333337	
#
410293,417,173,18,3479,525,3165,0.33333333333333337	
414627,611,137,16,3801,533,3052,0.25	
385914,494,124,12,3720,571,3052,0.14583333333333337	
#
410293,417,173,18,3479,525,3165,0.33333333333333337	
385914,494,124,12,3720,571,3052,0.14583333333333337	
#
410293,417,173,18,3479,525,3165,0.33333333333333337	
385914,494,124,12,3720,571,3052,0.14583333333333337	
#
410293,417,173,18,3479,525,3165,0.33333333333333337	
409492,472,156,16,3330,458,3412,0.296875	
385914,494,124,12,3720,571,3052,0.14583333333333337	
#
410293,417,173,18,3479,525,3165,0.33333333333333337	
409492,472,156,16,3330,458,3412,0.296875	
385914,494,124,12,3720,571,3052,0.14583333333333337	
#
410293,417,173,18,3479,525,3165,0.33333333333333337	
409492,472,156,16,3330,458,3412,0.296875	
385914,494,124,12,3720,571,3052,0.14583333333333337	
#
410293,417,173,18,3479,525,3165,0.33333333333333337	
409492,472,156,16,3330,458,3412,0.296875	
385914,494,124,12,3720,571,3052,0.14583333333333337	
#
410293,417,173,18,3479,525,3165,0.33333333333333337	
409492,472,156,16,3330,458,3412,0.296875	
385914,494,124,12,3720,571,3052,0.14583333333333337	
#
410293,417,173,18,3479,525,3165,0.33333333333333337	
409492,472,156,16,3330,458,3412,0.296875	
385914,494,124,12,3720,571,3052,0.14583333333333337	
#
410293,417,173,18,3479,525,3165,0.33333333333333337	
409492,472,156,16,3330,458,3412,0.296875	
385914,494,124,12,3720,571,3052,0.14583333333333337	
#
410293,417,173,18,3479,525,3165,0.33333333333333337	
409492,472,156,16,3330,458,3412,0.296875	
385914,494,124,12,3720,571,3052,0.14583333333333337	
#
410293,417,173,18,3479,525,3165,0.33333333333333337	
409492,472,156,16,3330,458,3412,0.296875	
385914,494,124,12,3720,571,3052,0.14583333333333337	
#
410293,417,173,18,3479,525,3165,0.33333333333333337	
409492,472,156,16,3330,458,3412,0.296875	
385914,494,124,12,3720,571,3052,0.14583333333333337	
#
410293,417,173,18,3479,525,3165,0.33333333333333337	
409492,472,156,16,3330,458,3412,0.296875	
385914,494,124,12,3720,571,3052,0.14583333333333337	
#
409492,472,156,16,3330,458,3412,0.296875	
410293,417,173,18,3479,525,3165,0.33333333333333337	
385914,494,124,12,3720,571,3052,0.14583333333333337	
#
409492,472,156,16,3330,458,3412,0.296875	
410293,417,173,18,3479,525,3165,0.33333333333333337	
385914,494,124,12,3720,571,3052,0.14583333333333337	
#
409492,472,156,16,3330,458,3412,0.296875	
410293,417,173,18,3479,525,3165,0.33333333333333337	
385914,494,124,12,3720,571,3052,0.14583333333333337	
#
409492,472,156,16,3330,458,3412,0.296875	
410293,417,173,18,3479,525,3165,0.33333333333333337	
385914,494,124,12,3720,571,3052,0.14583333333333337	
#
409492,472,156,16,3330,458,3412,0.296875	
410293,417,173,18,3479,525,3165,0.33333333333333337	
385914,494,124,12,3720,571,3052,0.14583333333333337	
#
409492,472,156,16,3330,458,3412,0.296875	
410293,417,173,18,3479,525,3165,0.33333333333333337	
385914,494,124,12,3720,571,3052,0.14583333333333337	
#
409492,472,156,16,3330,458,3412,0.296875	
410293,417,173,18,3479,525,3165,0.33333333333333337	
385914,494,124,12,3720,571,3052,0.14583333333333337	
#
409492,472,156,16,3330,458,3412,0.296875	
410293,417,173,18,3479,525,3165,0.33333333333333337	
398388,691,156,15,3953,577,3025,0.30000000000000004	
385914,494,124,12,3720,571,3052,0.14583333333333337	
#
409492,472,156,16,3330,458,3412,0.296875	
410293,417,173,18,3479,525,3165,0.33333333333333337	
398388,691,156,15,3953,577,3025,0.30000000000000004	
385914,494,124,12,3720,571,3052,0.14583333333333337	
#
409492,472,156,16,3330,458,3412,0.296875	
410293,417,173,18,3479,525,3165,0.33333333333333337	
398388,691,156,15,3953,577,3025,0.30000000000000004	
385914,494,124,12,3720,571,3052,0.14583333333333337	
#
409492,472,156,16,3330,458,3412,0.296875	
410293,417,173,18,3479,525,3165,0.33333333333333337	
398388,691,156,15,3953,577,3025,0.30000000000000004	
385914,494,124,12,3720,571,3052,0.14583333333333337	
#
409492,472,156,16,3330,458,3412,0.296875	
398388,691,156,15,3953,577,3025,0.30000000000000004	
385914,494,124,12,3720,571,3052,0.14583333333333337	
#
409492,472,156,16,3330,458,3412,0.296875	
398388,691,156,15,3953,577,3025,0.30000000000000004	
385914,494,124,12,3720,571,3052,0.14583333333333337	
#
409492,472,156,16,3330,458,3412,0.296875	
398388,691,156,15,3953,577,3025,0.30000000000000004	
385914,494,124,12,3720,571,3052,0.14583333333333337	
#
409492,472,156,16,3330,458,3412,0.296875	
398388,691,156,15,3953,577,3025,0.30000000000000004	
385914,494,124,12,3720,571,3052,0.14583333333333337	
#
409492,472,156,16,3330,458,3412,0.296875	
398388,691,156,15,3953,577,3025,0.30000000000000004	
385914,494,124,12,3720,571,3052,0.14583333333333337	
#
409492,472,156,16,3330,458,3412,0.296875	
398388,691,156,15,3953,577,3025,0.30000000000000004	
385914,494,124,12,3720,571,3052,0.14583333333333337	
#
409492,472,156,16,3330,458,3412,0.296875	
397662,778,177,13,4118,556,2952,0.25	
385914,494,124,12,3720,571,3052,0.14583333333333337	
#
409492,472,156,16,3330,458,3412,0.296875	
397662,778,177,13,4118,556,2952,0.25	
385914,494,124,12,3720,571,3052,0.14583333333333337	
#
409492,472,156,16,3330,458,3412,0.296875	
397662,778,177,13,4118,556,2952,0.25	
385914,494,124,12,3720,571,3052,0.14583333333333337	
#
409492,472,156,16,3330,458,3412,0.296875	
397662,778,177,13,4118,556,2952,0.25	
385914,494,124,12,3720,571,3052,0.14583333333333337	
385914,494,124,12,3720,571,3052,0.14583333333333337	
#
409492,472,156,16,3330,458,3412,0.296875	
397662,778,177,13,4118,556,2952,0.25	
385914,494,124,12,3720,571,3052,0.14583333333333337	
385914,494,124,12,3720,571,3052,0.14583333333333337	
#
409492,472,156,16,3330,458,3412,0.296875	
397662,778,177,13,4118,556,2952,0.25	
385914,494,124,12,3720,571,3052,0.14583333333333337	
385914,494,124,12,3720,571,3052,0.14583333333333337	
#
409492,472,156,16,3330,458,3412,0.296875	
397662,778,177,13,4118,556,2952,0.25	
385914,494,124,12,3720,571,3052,0.14583333333333337	
385914,494,124,12,3720,571,3052,0.14583333333333337	
#
409492,472,156,16,3330,458,3412,0.296875	
397662,778,177,13,4118,556,2952,0.25	
385914,494,124,12,3720,571,3052,0.14583333333333337	
385914,494,124,12,3720,571,3052,0.14583333333333337	
#
385914,494,124,12,3720,571,3052,0.14583333333333337	
397662,778,177,13,4118,556,2952,0.25	
#
385914,494,124,12,3720,571,3052,0.14583333333333337	
397662,778,177,13,4118,556,2952,0.25	
#
385914,494,124,12,3720,571,3052,0.14583333333333337	
397662,778,177,13,4118,556,2952,0.25	
#
385914,494,124,12,3720,571,3052,0.14583333333333337	
397662,778,177,13,4118,556,2952,0.25	
#
385914,494,124,12,3720,571,3052,0.14583333333333337	
397662,778,177,13,4118,556,2952,0.25	
#
385914,494,124,12,3720,571,3052,0.14583333333333337	
397662,778,177,13,4118,556,2952,0.25	
#
385914,494,124,12,3720,571,3052,0.14583333333333337	
397662,778,177,13,4118,556,2952,0.25	
#
385914,494,124,12,3720,571,3052,0.14583333333333337	
397662,778,177,13,4118,556,2952,0.25	
#
385914,494,124,12,3720,571,3052,0.14583333333333337	
397662,778,177,13,4118,556,2952,0.25	
#
394256,419,182,15,3511,558,3149,0.25	
385914,494,124,12,3720,571,3052,0.14583333333333337	
397662,778,177,13,4118,556,2952,0.25	
#
394256,419,182,15,3511,558,3149,0.25	
385914,494,124,12,3720,571,3052,0.14583333333333337	
397662,778,177,13,4118,556,2952,0.25	
#
394256,419,182,15,3511,558,3149,0.25	
385914,494,124,12,3720,571,3052,0.14583333333333337	
397662,778,177,13,4118,556,2952,0.25	
#
394256,419,182,15,3511,558,3149,0.25	
385914,494,124,12,3720,571,3052,0.14583333333333337	
397662,778,177,13,4118,556,2952,0.25	
#
394256,419,182,15,3511,558,3149,0.25	
385914,494,124,12,3720,571,3052,0.14583333333333337	
397662,778,177,13,4118,556,2952,0.25	
#
394256,419,182,15,3511,558,3149,0.25	
385914,494,124,12,3720,571,3052,0.14583333333333337	
397662,778,177,13,4118,556,2952,0.25	
#
394256,419,182,15,3511,558,3149,0.25	
385914,494,124,12,3720,571,3052,0.14583333333333337	
397662,778,177,13,4118,556,2952,0.25	
#
394256,419,182,15,3511,558,3149,0.25	
385914,494,124,12,3720,571,3052,0.14583333333333337	
397662,778,177,13,4118,556,2952,0.25	
#
394256,419,182,15,3511,558,3149,0.25	
385914,494,124,12,3720,571,3052,0.14583333333333337	
397662,778,177,13,4118,556,2952,0.25	
#
394256,419,182,15,3511,558,3149,0.25	
385914,494,124,12,3720,571,3052,0.14583333333333337	
397662,778,177,13,4118,556,2952,0.25	
#
394256,419,182,15,3511,558,3149,0.25	
385914,494,124,12,3720,571,3052,0.14583333333333337	
385914,494,124,12,3720,571,3052,0.14583333333333337	
397662,778,177,13,4118,556,2952,0.25	
#
394256,419,182,15,3511,558,3149,0.25	
385914,494,124,12,3720,571,3052,0.14583333333333337	
385914,494,124,12,3720,571,3052,0.14583333333333337	
397662,778,177,13,4118,556,2952,0.25	
#
394256,419,182,15,3511,558,3149,0.25	
385914,494,124,12,3720,571,3052,0.14583333333333337	
385914,494,124,12,3720,571,3052,0.14583333333333337	
397662,778,177,13,4118,556,2952,0.25	
#
394256,419,182,15,3511,558,3149,0.25	
385914,494,124,12,3720,571,3052,0.14583333333333337	
385914,494,124,12,3720,571,3052,0.14583333333333337	
397662,778,177,13,4118,556,2952,0.25	
#
394256,419,182,15,3511,558,3149,0.25	
385914,494,124,12,3720,571,3052,0.14583333333333337	
385914,494,124,12,3720,571,3052,0.14583333333333337	
397662,778,177,13,4118,556,2952,0.25	
#
394256,419,182,15,3511,558,3149,0.25	
385914,494,124,12,3720,571,3052,0.14583333333333337	
385914,494,124,12,3720,571,3052,0.14583333333333337	
397662,778,177,13,4118,556,2952,0.25	
#
394256,419,182,15,3511,558,3149,0.25	
385914,494,124,12,3720,571,3052,0.14583333333333337	
385914,494,124,12,3720,571,3052,0.14583333333333337	
397662,778,177,13,4118,556,2952,0.25	
#
394256,419,182,15,3511,558,3149,0.25	
385914,494,124,12,3720,571,3052,0.14583333333333337	
385914,494,124,12,3720,571,3052,0.14583333333333337	
#
394256,419,182,15,3511,558,3149,0.25	
385914,494,124,12,3720,571,3052,0.14583333333333337	
385914,494,124,12,3720,571,3052,0.14583333333333337	
#
394256,419,182,15,3511,558,3149,0.25	
385914,494,124,12,3720,571,3052,0.14583333333333337	
385914,494,124,12,3720,571,3052,0.14583333333333337	
#
394256,419,182,15,3511,558,3149,0.25	
385914,494,124,12,3720,571,3052,0.14583333333333337	
385914,494,124,12,3720,571,3052,0.14583333333333337	
#
394256,419,182,15,3511,558,3149,0.25	
385914,494,124,12,3720,571,3052,0.14583333333333337	
385914,494,124,12,3720,571,3052,0.14583333333333337	
#
394256,419,182,15,3511,558,3149,0.25	
385914,494,124,12,3720,571,3052,0.14583333333333337	
385914,494,124,12,3720,571,3052,0.14583333333333337	
#
394256,419,182,15,3511,558,3149,0.25	
385914,494,124,12,3720,571,3052,0.14583333333333337	
385914,494,124,12,3720,571,3052,0.14583333333333337	
#
376629,857,154,12,3448,536,3659,0.22916666666666663	
394256,419,182,15,3511,558,3149,0.25	
385914,494,124,12,3720,571,3052,0.14583333333333337	
385914,494,124,12,3720,571,3052,0.14583333333333337	
#
376629,857,154,12,3448,536,3659,0.22916666666666663	
394256,419,182,15,3511,558,3149,0.25	
385914,494,124,12,3720,571,3052,0.14583333333333337	
385914,494,124,12,3720,571,3052,0.14583333333333337	
#
376629,857,154,12,3448,536,3659,0.22916666666666663	
394256,419,182,15,3511,558,3149,0.25	
385914,494,124,12,3720,571,3052,0.14583333333333337	
385914,494,124,12,3720,571,3052,0.14583333333333337	
#
376629,857,154,12,3448,536,3659,0.22916666666666663	
394256,419,182,15,3511,558,3149,0.25	
385914,494,124,12,3720,571,3052,0.14583333333333337	
385914,494,124,12,3720,571,3052,0.14583333333333337	
#
376629,857,154,12,3448,536,3659,0.22916666666666663	
394256,419,182,15,3511,558,3149,0.25	
385914,494,124,12,3720,571,3052,0.14583333333333337	
385914,494,124,12,3720,571,3052,0.14583333333333337	
#
376629,857,154,12,3448,536,3659,0.22916666666666663	
394256,419,182,15,3511,558,3149,0.25	
385914,494,124,12,3720,571,3052,0.14583333333333337	
385914,494,124,12,3720,571,3052,0.14583333333333337	
#
376629,857,154,12,3448,536,3659,0.22916666666666663	
394256,419,182,15,3511,558,3149,0.25	
385914,494,124,12,3720,571,3052,0.14583333333333337	
385914,494,124,12,3720,571,3052,0.14583333333333337	
#
376629,857,154,12,3448,536,3659,0.22916666666666663	
385914,494,124,12,3720,571,3052,0.14583333333333337	
385914,494,124,12,3720,571,3052,0.14583333333333337	
401323,413,120,14,3610,517,3070,0.1785714285714286	
#
376629,857,154,12,3448,536,3659,0.22916666666666663	
385914,494,124,12,3720,571,3052,0.14583333333333337	
385914,494,124,12,3720,571,3052,0.14583333333333337	
401323,413,120,14,3610,517,3070,0.1785714285714286	
#
376629,857,154,12,3448,536,3659,0.22916666666666663	
385914,494,124,12,3720,571,3052,0.14583333333333337	
385914,494,124,12,3720,571,3052,0.14583333333333337	
401323,413,120,14,3610,517,3070,0.1785714285714286	
#
376629,857,154,12,3448,536,3659,0.22916666666666663	
385914,494,124,12,3720,571,3052,0.14583333333333337	
385914,494,124,12,3720,571,3052,0.14583333333333337	
401323,413,120,14,3610,517,3070,0.1785714285714286	
#
376629,857,154,12,3448,536,3659,0.22916666666666663	
385914,494,124,12,3720,571,3052,0.14583333333333337	
385914,494,124,12,3720,571,3052,0.14583333333333337	
401323,413,120,14,3610,517,3070,0.1785714285714286	
#
376629,857,154,12,3448,536,3659,0.22916666666666663	
385914,494,124,12,3720,571,3052,0.14583333333333337	
385914,494,124,12,3720,571,3052,0.14583333333333337	
401323,413,120,14,3610,517,3070,0.1785714285714286	
#
376629,857,154,12,3448,536,3659,0.22916666666666663	
385914,494,124,12,3720,571,3052,0.14583333333333337	
385914,494,124,12,3720,571,3052,0.14583333333333337	
401323,413,120,14,3610,517,3070,0.1785714285714286	
#
376629,857,154,12,3448,536,3659,0.22916666666666663	
385914,494,124,12,3720,571,3052,0.14583333333333337	
385914,494,124,12,3720,571,3052,0.14583333333333337	
401323,413,120,14,3610,517,3070,0.1785714285714286	
#
376629,857,154,12,3448,536,3659,0.22916666666666663	
385914,494,124,12,3720,571,3052,0.14583333333333337	
385914,494,124,12,3720,571,3052,0.14583333333333337	
401323,413,120,14,3610,517,3070,0.1785714285714286	
#
376629,857,154,12,3448,536,3659,0.22916666666666663	
385914,494,124,12,3720,571,3052,0.14583333333333337	
385914,494,124,12,3720,571,3052,0.14583333333333337	
401323,413,120,14,3610,517,3070,0.1785714285714286	
#
376629,857,154,12,3448,536,3659,0.22916666666666663	
385914,494,124,12,3720,571,3052,0.14583333333333337	
385914,494,124,12,3720,571,3052,0.14583333333333337	
401323,413,120,14,3610,517,3070,0.1785714285714286	
#
376629,857,154,12,3448,536,3659,0.22916666666666663	
385914,494,124,12,3720,571,3052,0.14583333333333337	
385914,494,124,12,3720,571,3052,0.14583333333333337	
401323,413,120,14,3610,517,3070,0.1785714285714286	
#
376629,857,154,12,3448,536,3659,0.22916666666666663	
385914,494,124,12,3720,571,3052,0.14583333333333337	
385914,494,124,12,3720,571,3052,0.14583333333333337	
401323,413,120,14,3610,517,3070,0.1785714285714286	
#
376629,857,154,12,3448,536,3659,0.22916666666666663	
385914,494,124,12,3720,571,3052,0.14583333333333337	
385914,494,124,12,3720,571,3052,0.14583333333333337	
401323,413,120,14,3610,517,3070,0.1785714285714286	
#
376629,857,154,12,3448,536,3659,0.22916666666666663	
385914,494,124,12,3720,571,3052,0.14583333333333337	
385914,494,124,12,3720,571,3052,0.14583333333333337	
#
376629,857,154,12,3448,536,3659,0.22916666666666663	
385914,494,124,12,3720,571,3052,0.14583333333333337	
385914,494,124,12,3720,571,3052,0.14583333333333337	
#
376629,857,154,12,3448,536,3659,0.22916666666666663	
385914,494,124,12,3720,571,3052,0.14583333333333337	
385914,494,124,12,3720,571,3052,0.14583333333333337	
#
376629,857,154,12,3448,536,3659,0.22916666666666663	
385914,494,124,12,3720,571,3052,0.14583333333333337	
385914,494,124,12,3720,571,3052,0.14583333333333337	
#
376629,857,154,12,3448,536,3659,0.22916666666666663	
385914,494,124,12,3720,571,3052,0.14583333333333337	
385914,494,124,12,3720,571,3052,0.14583333333333337	
#
376629,857,154,12,3448,536,3659,0.22916666666666663	
385914,494,124,12,3720,571,3052,0.14583333333333337	
385914,494,124,12,3720,571,3052,0.14583333333333337	
409151,559,152,14,3853,482,3020,0.1428571428571429	
#
376629,857,154,12,3448,536,3659,0.22916666666666663	
385914,494,124,12,3720,571,3052,0.14583333333333337	
385914,494,124,12,3720,571,3052,0.14583333333333337	
409151,559,152,14,3853,482,3020,0.1428571428571429	
#
376629,857,154,12,3448,536,3659,0.22916666666666663	
385914,494,124,12,3720,571,3052,0.14583333333333337	
385914,494,124,12,3720,571,3052,0.14583333333333337	
409151,559,152,14,3853,482,3020,0.1428571428571429	
#
376629,857,154,12,3448,536,3659,0.22916666666666663	
385914,494,124,12,3720,571,3052,0.14583333333333337	
385914,494,124,12,3720,571,3052,0.14583333333333337	
409151,559,152,14,3853,482,3020,0.1428571428571429	
#
376629,857,154,12,3448,536,3659,0.22916666666666663	
385914,494,124,12,3720,571,3052,0.14583333333333337	
385914,494,124,12,3720,571,3052,0.14583333333333337	
409151,559,152,14,3853,482,3020,0.1428571428571429	
#
376629,857,154,12,3448,536,3659,0.22916666666666663	
385914,494,124,12,3720,571,3052,0.14583333333333337	
385914,494,124,12,3720,571,3052,0.14583333333333337	
409151,559,152,14,3853,482,3020,0.1428571428571429	
#
376629,857,154,12,3448,536,3659,0.22916666666666663	
385914,494,124,12,3720,571,3052,0.14583333333333337	
385914,494,124,12,3720,571,3052,0.14583333333333337	
409151,559,152,14,3853,482,3020,0.1428571428571429	
#
376629,857,154,12,3448,536,3659,0.22916666666666663	
385914,494,124,12,3720,571,3052,0.14583333333333337	
385914,494,124,12,3720,571,3052,0.14583333333333337	
409151,559,152,14,3853,482,3020,0.1428571428571429	
#
376629,857,154,12,3448,536,3659,0.22916666666666663	
385914,494,124,12,3720,571,3052,0.14583333333333337	
385914,494,124,12,3720,571,3052,0.14583333333333337	
409151,559,152,14,3853,482,3020,0.1428571428571429	
#
385914,494,124,12,3720,571,3052,0.14583333333333337	
385914,494,124,12,3720,571,3052,0.14583333333333337	
376629,857,154,12,3448,536,3659,0.22916666666666663	
409151,559,152,14,3853,482,3020,0.1428571428571429	
#
385914,494,124,12,3720,571,3052,0.14583333333333337	
385914,494,124,12,3720,571,3052,0.14583333333333337	
409151,559,152,14,3853,482,3020,0.1428571428571429	
#
385914,494,124,12,3720,571,3052,0.14583333333333337	
385914,494,124,12,3720,571,3052,0.14583333333333337	
409151,559,152,14,3853,482,3020,0.1428571428571429	
#
385914,494,124,12,3720,571,3052,0.14583333333333337	
385914,494,124,12,3720,571,3052,0.14583333333333337	
409151,559,152,14,3853,482,3020,0.1428571428571429	
#
385914,494,124,12,3720,571,3052,0.14583333333333337	
385914,494,124,12,3720,571,3052,0.14583333333333337	
404909,510,166,14,3815,532,2996,0.125	
#
385914,494,124,12,3720,571,3052,0.14583333333333337	
385914,494,124,12,3720,571,3052,0.14583333333333337	
404909,510,166,14,3815,532,2996,0.125	
#
385914,494,124,12,3720,571,3052,0.14583333333333337	
385914,494,124,12,3720,571,3052,0.14583333333333337	
404909,510,166,14,3815,532,2996,0.125	
#
385914,494,124,12,3720,571,3052,0.14583333333333337	
385914,494,124,12,3720,571,3052,0.14583333333333337	
404909,510,166,14,3815,532,2996,0.125	
#
385914,494,124,12,3720,571,3052,0.14583333333333337	
385914,494,124,12,3720,571,3052,0.14583333333333337	
404909,510,166,14,3815,532,2996,0.125	
#
385914,494,124,12,3720,571,3052,0.14583333333333337	
385914,494,124,12,3720,571,3052,0.14583333333333337	
404909,510,166,14,3815,532,2996,0.125	
#
385914,494,124,12,3720,571,3052,0.14583333333333337	
385914,494,124,12,3720,571,3052,0.14583333333333337	
404909,510,166,14,3815,532,2996,0.125	
#
385914,494,124,12,3720,571,3052,0.14583333333333337	
385914,494,124,12,3720,571,3052,0.14583333333333337	
404909,510,166,14,3815,532,2996,0.125	
#
385914,494,124,12,3720,571,3052,0.14583333333333337	
385914,494,124,12,3720,571,3052,0.14583333333333337	
404909,510,166,14,3815,532,2996,0.125	
#
385914,494,124,12,3720,571,3052,0.14583333333333337	
385914,494,124,12,3720,571,3052,0.14583333333333337	
404909,510,166,14,3815,532,2996,0.125	
413376,597,160,14,3889,534,2963,0.1785714285714286	
#
385914,494,124,12,3720,571,3052,0.14583333333333337	
385914,494,124,12,3720,571,3052,0.14583333333333337	
404909,510,166,14,3815,532,2996,0.125	
413376,597,160,14,3889,534,2963,0.1785714285714286	
#
385914,494,124,12,3720,571,3052,0.14583333333333337	
385914,494,124,12,3720,571,3052,0.14583333333333337	
404909,510,166,14,3815,532,2996,0.125	
413376,597,160,14,3889,534,2963,0.1785714285714286	
#
385914,494,124,12,3720,571,3052,0.14583333333333337	
385914,494,124,12,3720,571,3052,0.14583333333333337	
404909,510,166,14,3815,532,2996,0.125	
413376,597,160,14,3889,534,2963,0.1785714285714286	
#
385914,494,124,12,3720,571,3052,0.14583333333333337	
385914,494,124,12,3720,571,3052,0.14583333333333337	
404909,510,166,14,3815,532,2996,0.125	
413376,597,160,14,3889,534,2963,0.1785714285714286	
#
385914,494,124,12,3720,571,3052,0.14583333333333337	
385914,494,124,12,3720,571,3052,0.14583333333333337	
404909,510,166,14,3815,532,2996,0.125	
413376,597,160,14,3889,534,2963,0.1785714285714286	
#
385914,494,124,12,3720,571,3052,0.14583333333333337	
385914,494,124,12,3720,571,3052,0.14583333333333337	
404909,510,166,14,3815,532,2996,0.125	
413376,597,160,14,3889,534,2963,0.1785714285714286	
#
385914,494,124,12,3720,571,3052,0.14583333333333337	
385914,494,124,12,3720,571,3052,0.14583333333333337	
404909,510,166,14,3815,532,2996,0.125	
413376,597,160,14,3889,534,2963,0.1785714285714286	
#
385914,494,124,12,3720,571,3052,0.14583333333333337	
385914,494,124,12,3720,571,3052,0.14583333333333337	
404909,510,166,14,3815,532,2996,0.125	
413376,597,160,14,3889,534,2963,0.1785714285714286	
#
385914,494,124,12,3720,571,3052,0.14583333333333337	
385914,494,124,12,3720,571,3052,0.14583333333333337	
404909,510,166,14,3815,532,2996,0.125	
413376,597,160,14,3889,534,2963,0.1785714285714286	
#
385914,494,124,12,3720,571,3052,0.14583333333333337	
385914,494,124,12,3720,571,3052,0.14583333333333337	
404909,510,166,14,3815,532,2996,0.125	
413376,597,160,14,3889,534,2963,0.1785714285714286	
#
385914,494,124,12,3720,571,3052,0.14583333333333337	
385914,494,124,12,3720,571,3052,0.14583333333333337	
404909,510,166,14,3815,532,2996,0.125	
413376,597,160,14,3889,534,2963,0.1785714285714286	
#
385914,494,124,12,3720,571,3052,0.14583333333333337	
385914,494,124,12,3720,571,3052,0.14583333333333337	
404909,510,166,14,3815,532,2996,0.125	
413376,597,160,14,3889,534,2963,0.1785714285714286	
#
385914,494,124,12,3720,571,3052,0.14583333333333337	
385914,494,124,12,3720,571,3052,0.14583333333333337	
404909,510,166,14,3815,532,2996,0.125	
413376,597,160,14,3889,534,2963,0.1785714285714286	
#
385914,494,124,12,3720,571,3052,0.14583333333333337	
385914,494,124,12,3720,571,3052,0.14583333333333337	
#
385914,494,124,12,3720,571,3052,0.14583333333333337	
385914,494,124,12,3720,571,3052,0.14583333333333337	
#
385914,494,124,12,3720,571,3052,0.14583333333333337	
385914,494,124,12,3720,571,3052,0.14583333333333337	
#
385914,494,124,12,3720,571,3052,0.14583333333333337	
385914,494,124,12,3720,571,3052,0.14583333333333337	
#
385914,494,124,12,3720,571,3052,0.14583333333333337	
385914,494,124,12,3720,571,3052,0.14583333333333337	
#
385914,494,124,12,3720,571,3052,0.14583333333333337	
385914,494,124,12,3720,571,3052,0.14583333333333337	
#
385914,494,124,12,3720,571,3052,0.14583333333333337	
385914,494,124,12,3720,571,3052,0.14583333333333337	
#
385914,494,124,12,3720,571,3052,0.14583333333333337	
385914,494,124,12,3720,571,3052,0.14583333333333337	
#
385914,494,124,12,3720,571,3052,0.14583333333333337	
385914,494,124,12,3720,571,3052,0.14583333333333337	
#
385914,494,124,12,3720,571,3052,0.14583333333333337	
385914,494,124,12,3720,571,3052,0.14583333333333337	
#
385914,494,124,12,3720,571,3052,0.14583333333333337	
385914,494,124,12,3720,571,3052,0.14583333333333337	
#
385914,494,124,12,3720,571,3052,0.14583333333333337	
385914,494,124,12,3720,571,3052,0.14583333333333337	
#
385914,494,124,12,3720,571,3052,0.14583333333333337	
385914,494,124,12,3720,571,3052,0.14583333333333337	
#
385914,494,124,12,3720,571,3052,0.14583333333333337	
385914,494,124,12,3720,571,3052,0.14583333333333337	
#
385914,494,124,12,3720,571,3052,0.14583333333333337	
385914,494,124,12,3720,571,3052,0.14583333333333337	
#
385914,494,124,12,3720,571,3052,0.14583333333333337	
385914,494,124,12,3720,571,3052,0.14583333333333337	
#
385914,494,124,12,3720,571,3052,0.14583333333333337	
385914,494,124,12,3720,571,3052,0.14583333333333337	
#
385914,494,124,12,3720,571,3052,0.14583333333333337	
385914,494,124,12,3720,571,3052,0.14583333333333337	
#
385914,494,124,12,3720,571,3052,0.14583333333333337	
385914,494,124,12,3720,571,3052,0.14583333333333337	
#
385914,494,124,12,3720,571,3052,0.14583333333333337	
385914,494,124,12,3720,571,3052,0.14583333333333337	
#
385914,494,124,12,3720,571,3052,0.14583333333333337	
385914,494,124,12,3720,571,3052,0.14583333333333337	
#
385914,494,124,12,3720,571,3052,0.14583333333333337	
385914,494,124,12,3720,571,3052,0.14583333333333337	
#
385914,494,124,12,3720,571,3052,0.14583333333333337	
385914,494,124,12,3720,571,3052,0.14583333333333337	
#
385914,494,124,12,3720,571,3052,0.14583333333333337	
385914,494,124,12,3720,571,3052,0.14583333333333337	
#
385914,494,124,12,3720,571,3052,0.14583333333333337	
385914,494,124,12,3720,571,3052,0.14583333333333337	
#
385914,494,124,12,3720,571,3052,0.14583333333333337	
385914,494,124,12,3720,571,3052,0.14583333333333337	
374036,808,174,12,3661,541,3386,0.16666666666666663	
#
385914,494,124,12,3720,571,3052,0.14583333333333337	
385914,494,124,12,3720,571,3052,0.14583333333333337	
374036,808,174,12,3661,541,3386,0.16666666666666663	
#
385914,494,124,12,3720,571,3052,0.14583333333333337	
385914,494,124,12,3720,571,3052,0.14583333333333337	
374036,808,174,12,3661,541,3386,0.16666666666666663	
#
385914,494,124,12,3720,571,3052,0.14583333333333337	
385914,494,124,12,3720,571,3052,0.14583333333333337	
374036,808,174,12,3661,541,3386,0.16666666666666663	
#
385914,494,124,12,3720,571,3052,0.14583333333333337	
393571,362,150,14,3461,521,3113,0.1964285714285714	
374036,808,174,12,3661,541,3386,0.16666666666666663	
#
385914,494,124,12,3720,571,3052,0.14583333333333337	
393571,362,150,14,3461,521,3113,0.1964285714285714	
374036,808,174,12,3661,541,3386,0.16666666666666663	
#
385914,494,124,12,3720,571,3052,0.14583333333333337	
393571,362,150,14,3461,521,3113,0.1964285714285714	
374036,808,174,12,3661,541,3386,0.16666666666666663	
#
385914,494,124,12,3720,571,3052,0.14583333333333337	
393571,362,150,14,3461,521,3113,0.1964285714285714	
374036,808,174,12,3661,541,3386,0.16666666666666663	
#
385914,494,124,12,3720,571,3052,0.14583333333333337	
393571,362,150,14,3461,521,3113,0.1964285714285714	
374036,808,174,12,3661,541,3386,0.16666666666666663	
#
385914,494,124,12,3720,571,3052,0.14583333333333337	
393571,362,150,14,3461,521,3113,0.1964285714285714	
374036,808,174,12,3661,541,3386,0.16666666666666663	
#
385914,494,124,12,3720,571,3052,0.14583333333333337	
393571,362,150,14,3461,521,3113,0.1964285714285714	
374036,808,174,12,3661,541,3386,0.16666666666666663	
#
385914,494,124,12,3720,571,3052,0.14583333333333337	
393571,362,150,14,3461,521,3113,0.1964285714285714	
374036,808,174,12,3661,541,3386,0.16666666666666663	
#
385914,494,124,12,3720,571,3052,0.14583333333333337	
393571,362,150,14,3461,521,3113,0.1964285714285714	
374036,808,174,12,3661,541,3386,0.16666666666666663	
#
385914,494,124,12,3720,571,3052,0.14583333333333337	
393571,362,150,14,3461,521,3113,0.1964285714285714	
374036,808,174,12,3661,541,3386,0.16666666666666663	
#
385914,494,124,12,3720,571,3052,0.14583333333333337	
393571,362,150,14,3461,521,3113,0.1964285714285714	
374036,808,174,12,3661,541,3386,0.16666666666666663	
#
385914,494,124,12,3720,571,3052,0.14583333333333337	
393571,362,150,14,3461,521,3113,0.1964285714285714	
374036,808,174,12,3661,541,3386,0.16666666666666663	
#
385914,494,124,12,3720,571,3052,0.14583333333333337	
393571,362,150,14,3461,521,3113,0.1964285714285714	
374036,808,174,12,3661,541,3386,0.16666666666666663	
#
385914,494,124,12,3720,571,3052,0.14583333333333337	
393571,362,150,14,3461,521,3113,0.1964285714285714	
#
385914,494,124,12,3720,571,3052,0.14583333333333337	
393571,362,150,14,3461,521,3113,0.1964285714285714	
#
385914,494,124,12,3720,571,3052,0.14583333333333337	
393571,362,150,14,3461,521,3113,0.1964285714285714	
#
385914,494,124,12,3720,571,3052,0.14583333333333337	
393571,362,150,14,3461,521,3113,0.1964285714285714	
#
385914,494,124,12,3720,571,3052,0.14583333333333337	
393571,362,150,14,3461,521,3113,0.1964285714285714	
#
385914,494,124,12,3720,571,3052,0.14583333333333337	
393571,362,150,14,3461,521,3113,0.1964285714285714	
#
385914,494,124,12,3720,571,3052,0.14583333333333337	
393571,362,150,14,3461,521,3113,0.1964285714285714	
#
385914,494,124,12,3720,571,3052,0.14583333333333337	
393571,362,150,14,3461,521,3113,0.1964285714285714	
#
385914,494,124,12,3720,571,3052,0.14583333333333337	
393571,362,150,14,3461,521,3113,0.1964285714285714	
#
385914,494,124,12,3720,571,3052,0.14583333333333337	
393571,362,150,14,3461,521,3113,0.1964285714285714	
#
385914,494,124,12,3720,571,3052,0.14583333333333337	
393571,362,150,14,3461,521,3113,0.1964285714285714	
#
385914,494,124,12,3720,571,3052,0.14583333333333337	
393571,362,150,14,3461,521,3113,0.1964285714285714	
#
385914,494,124,12,3720,571,3052,0.14583333333333337	
393571,362,150,14,3461,521,3113,0.1964285714285714	
#
385914,494,124,12,3720,571,3052,0.14583333333333337	
393571,362,150,14,3461,521,3113,0.1964285714285714	
#
385914,494,124,12,3720,571,3052,0.14583333333333337	
393571,362,150,14,3461,521,3113,0.1964285714285714	
#
385914,494,124,12,3720,571,3052,0.14583333333333337	
393571,362,150,14,3461,521,3113,0.1964285714285714	
#
385914,494,124,12,3720,571,3052,0.14583333333333337	
393571,362,150,14,3461,521,3113,0.1964285714285714	
#
385914,494,124,12,3720,571,3052,0.14583333333333337	
393571,362,150,14,3461,521,3113,0.1964285714285714	
#
385914,494,124,12,3720,571,3052,0.14583333333333337	
393571,362,150,14,3461,521,3113,0.1964285714285714	
#
385914,494,124,12,3720,571,3052,0.14583333333333337	
393571,362,150,14,3461,521,3113,0.1964285714285714	
#
385914,494,124,12,3720,571,3052,0.14583333333333337	
393571,362,150,14,3461,521,3113,0.1964285714285714	
#
385914,494,124,12,3720,571,3052,0.14583333333333337	
393571,362,150,14,3461,521,3113,0.1964285714285714	
#
385914,494,124,12,3720,571,3052,0.14583333333333337	
393571,362,150,14,3461,521,3113,0.1964285714285714	
#
385914,494,124,12,3720,571,3052,0.14583333333333337	
393571,362,150,14,3461,521,3113,0.1964285714285714	
#
385914,494,124,12,3720,571,3052,0.14583333333333337	
393571,362,150,14,3461,521,3113,0.1964285714285714	
#
385914,494,124,12,3720,571,3052,0.14583333333333337	
393571,362,150,14,3461,521,3113,0.1964285714285714	
#
385914,494,124,12,3720,571,3052,0.14583333333333337	
393571,362,150,14,3461,521,3113,0.1964285714285714	
#
385914,494,124,12,3720,571,3052,0.14583333333333337	
393571,362,150,14,3461,521,3113,0.1964285714285714	
#
385914,494,124,12,3720,571,3052,0.14583333333333337	
393571,362,150,14,3461,521,3113,0.1964285714285714	
#
385914,494,124,12,3720,571,3052,0.14583333333333337	
393571,362,150,14,3461,521,3113,0.1964285714285714	
#
385914,494,124,12,3720,571,3052,0.14583333333333337	
393571,362,150,14,3461,521,3113,0.1964285714285714	
#
385914,494,124,12,3720,571,3052,0.14583333333333337	
393571,362,150,14,3461,521,3113,0.1964285714285714	
#
385914,494,124,12,3720,571,3052,0.14583333333333337	
393571,362,150,14,3461,521,3113,0.1964285714285714	
#
385914,494,124,12,3720,571,3052,0.14583333333333337	
393571,362,150,14,3461,521,3113,0.1964285714285714	
#
385914,494,124,12,3720,571,3052,0.14583333333333337	
393571,362,150,14,3461,521,3113,0.1964285714285714	
#
385914,494,124,12,3720,571,3052,0.14583333333333337	
393571,362,150,14,3461,521,3113,0.1964285714285714	
#
385914,494,124,12,3720,571,3052,0.14583333333333337	
393571,362,150,14,3461,521,3113,0.1964285714285714	
#
385914,494,124,12,3720,571,3052,0.14583333333333337	
393571,362,150,14,3461,521,3113,0.1964285714285714	
#
385914,494,124,12,3720,571,3052,0.14583333333333337	
393571,362,150,14,3461,521,3113,0.1964285714285714	
#
385914,494,124,12,3720,571,3052,0.14583333333333337	
393571,362,150,14,3461,521,3113,0.1964285714285714	
#
385914,494,124,12,3720,571,3052,0.14583333333333337	
393571,362,150,14,3461,521,3113,0.1964285714285714	
#
385914,494,124,12,3720,571,3052,0.14583333333333337	
393571,362,150,14,3461,521,3113,0.1964285714285714	
#
385914,494,124,12,3720,571,3052,0.14583333333333337	
393571,362,150,14,3461,521,3113,0.1964285714285714	
#
385914,494,124,12,3720,571,3052,0.14583333333333337	
393571,362,150,14,3461,521,3113,0.1964285714285714	
#
385914,494,124,12,3720,571,3052,0.14583333333333337	
393571,362,150,14,3461,521,3113,0.1964285714285714	
#
385914,494,124,12,3720,571,3052,0.14583333333333337	
393571,362,150,14,3461,521,3113,0.1964285714285714	
#
385914,494,124,12,3720,571,3052,0.14583333333333337	
393571,362,150,14,3461,521,3113,0.1964285714285714	
#
385914,494,124,12,3720,571,3052,0.14583333333333337	
393571,362,150,14,3461,521,3113,0.1964285714285714	
#
385914,494,124,12,3720,571,3052,0.14583333333333337	
393571,362,150,14,3461,521,3113,0.1964285714285714	
#
385914,494,124,12,3720,571,3052,0.14583333333333337	
393571,362,150,14,3461,521,3113,0.1964285714285714	
#
385914,494,124,12,3720,571,3052,0.14583333333333337	
393571,362,150,14,3461,521,3113,0.1964285714285714	
#
385914,494,124,12,3720,571,3052,0.14583333333333337	
393571,362,150,14,3461,521,3113,0.1964285714285714	
#
385914,494,124,12,3720,571,3052,0.14583333333333337	
393571,362,150,14,3461,521,3113,0.1964285714285714	
#
385914,494,124,12,3720,571,3052,0.14583333333333337	
393571,362,150,14,3461,521,3113,0.1964285714285714	
#
385914,494,124,12,3720,571,3052,0.14583333333333337	
393571,362,150,14,3461,521,3113,0.1964285714285714	
#
385914,494,124,12,3720,571,3052,0.14583333333333337	
393571,362,150,14,3461,521,3113,0.1964285714285714	
#
385914,494,124,12,3720,571,3052,0.14583333333333337	
393571,362,150,14,3461,521,3113,0.1964285714285714	
#
385914,494,124,12,3720,571,3052,0.14583333333333337	
393571,362,150,14,3461,521,3113,0.1964285714285714	
#
385914,494,124,12,3720,571,3052,0.14583333333333337	
393571,362,150,14,3461,521,3113,0.1964285714285714	
#
385914,494,124,12,3720,571,3052,0.14583333333333337	
393571,362,150,14,3461,521,3113,0.1964285714285714	
#
385914,494,124,12,3720,571,3052,0.14583333333333337	
393571,362,150,14,3461,521,3113,0.1964285714285714	
#
385914,494,124,12,3720,571,3052,0.14583333333333337	
393571,362,150,14,3461,521,3113,0.1964285714285714	
#
385914,494,124,12,3720,571,3052,0.14583333333333337	
393571,362,150,14,3461,521,3113,0.1964285714285714	
385142,742,104,11,4090,520,2913,0.06818181818181823	
#
385914,494,124,12,3720,571,3052,0.14583333333333337	
393571,362,150,14,3461,521,3113,0.1964285714285714	
385142,742,104,11,4090,520,2913,0.06818181818181823	
#
385914,494,124,12,3720,571,3052,0.14583333333333337	
393571,362,150,14,3461,521,3113,0.1964285714285714	
385142,742,104,11,4090,520,2913,0.06818181818181823	
#
385914,494,124,12,3720,571,3052,0.14583333333333337	
393571,362,150,14,3461,521,3113,0.1964285714285714	
385142,742,104,11,4090,520,2913,0.06818181818181823	
#
385914,494,124,12,3720,571,3052,0.14583333333333337	
393571,362,150,14,3461,521,3113,0.1964285714285714	
385142,742,104,11,4090,520,2913,0.06818181818181823	
#
385914,494,124,12,3720,571,3052,0.14583333333333337	
393571,362,150,14,3461,521,3113,0.1964285714285714	
385142,742,104,11,4090,520,2913,0.06818181818181823	
#
385914,494,124,12,3720,571,3052,0.14583333333333337	
393571,362,150,14,3461,521,3113,0.1964285714285714	
385142,742,104,11,4090,520,2913,0.06818181818181823	
#
385914,494,124,12,3720,571,3052,0.14583333333333337	
393571,362,150,14,3461,521,3113,0.1964285714285714	
385142,742,104,11,4090,520,2913,0.06818181818181823	
#
385914,494,124,12,3720,571,3052,0.14583333333333337	
393571,362,150,14,3461,521,3113,0.1964285714285714	
385142,742,104,11,4090,520,2913,0.06818181818181823	
#
385914,494,124,12,3720,571,3052,0.14583333333333337	
393571,362,150,14,3461,521,3113,0.1964285714285714	
385142,742,104,11,4090,520,2913,0.06818181818181823	
#
385914,494,124,12,3720,571,3052,0.14583333333333337	
393571,362,150,14,3461,521,3113,0.1964285714285714	
385142,742,104,11,4090,520,2913,0.06818181818181823	
#
385914,494,124,12,3720,571,3052,0.14583333333333337	
393571,362,150,14,3461,521,3113,0.1964285714285714	
385142,742,104,11,4090,520,2913,0.06818181818181823	
#
385914,494,124,12,3720,571,3052,0.14583333333333337	
393571,362,150,14,3461,521,3113,0.1964285714285714	
385142,742,104,11,4090,520,2913,0.06818181818181823	
