#
16804.4140625,17024.310546875,25860.287109375
15802.6474609375,20398.046875,31547.962890625
18694.26171875,14159.3310546875,20788.228515625
15767.5029296875,22260.232421875,34672.3671875
16488.90234375,18853.333984375,28895.693359375
16172.9404296875,19423.861328125,29956.1796875
16044.6484375,20068.400390625,31119.380859375
#
18694.26171875,14159.3310546875,20788.228515625
18694.26171875,14159.3310546875,20788.228515625
15006.1201171875,16598.81640625,25064.912109375
#
18694.26171875,14159.3310546875,20788.228515625
18694.26171875,14159.3310546875,20788.228515625
15006.1201171875,16598.81640625,25064.912109375
#
15006.1201171875,16598.81640625,25064.912109375
18694.26171875,14159.3310546875,20788.228515625
18694.26171875,14159.3310546875,20788.228515625
17199.078125,15993.4580078125,23794.1953125
#
15006.1201171875,16598.81640625,25064.912109375
18694.26171875,14159.3310546875,20788.228515625
18694.26171875,14159.3310546875,20788.228515625
17199.078125,15993.4580078125,23794.1953125
#
15006.1201171875,16598.81640625,25064.912109375
18694.26171875,14159.3310546875,20788.228515625
18694.26171875,14159.3310546875,20788.228515625
17111.615234375,15763.6708984375,23655.61328125
17203.640625,15684.609375,23537.19921875
#
17660.41796875,15339.89453125,22933.982421875
18694.26171875,14159.3310546875,20788.228515625
18694.26171875,14159.3310546875,20788.228515625
15006.1201171875,16598.81640625,25064.912109375
17111.615234375,15763.6708984375,23655.61328125
17203.640625,15684.609375,23537.19921875
16705.673828125,15785.619140625,23669.474609375
#
18336.037109375,14552.1220703125,21494.92578125
17660.41796875,15339.89453125,22933.982421875
18694.26171875,14159.3310546875,20788.228515625
18694.26171875,14159.3310546875,20788.228515625
17203.640625,15684.609375,23537.19921875
17111.615234375,15763.6708984375,23655.61328125
15006.1201171875,16598.81640625,25064.912109375
16739.828125,15785.09765625,23670.326171875
16705.673828125,15785.619140625,23669.474609375
#
18336.037109375,14552.1220703125,21494.92578125
17660.41796875,15339.89453125,22933.982421875
18694.26171875,14159.3310546875,20788.228515625
18694.26171875,14159.3310546875,20788.228515625
17111.615234375,15763.6708984375,23655.61328125
16739.828125,15785.09765625,23670.326171875
17203.640625,15684.609375,23537.19921875
17203.640625,15684.609375,23537.19921875
15006.1201171875,16598.81640625,25064.912109375
16705.673828125,15785.619140625,23669.474609375
#
18336.037109375,14552.1220703125,21494.92578125
17660.41796875,15339.89453125,22933.982421875
18694.26171875,14159.3310546875,20788.228515625
18694.26171875,14159.3310546875,20788.228515625
17111.615234375,15763.6708984375,23655.61328125
16739.828125,15785.09765625,23670.326171875
17203.640625,15684.609375,23537.19921875
17203.640625,15684.609375,23537.19921875
15006.1201171875,16598.81640625,25064.912109375
16705.673828125,15785.619140625,23669.474609375
#
18694.26171875,14159.3310546875,20788.228515625
18336.037109375,14552.1220703125,21494.92578125
17660.41796875,15339.89453125,22933.982421875
16739.828125,15785.09765625,23670.326171875
15952.087890625,17658.732421875,26931.4296875
17111.615234375,15763.6708984375,23655.61328125
16028.671875,16446.2109375,24849.333984375
17203.640625,15684.609375,23537.19921875
15960.5302734375,17053.8203125,25862.380859375
16705.673828125,15785.619140625,23669.474609375
#
18694.26171875,14159.3310546875,20788.228515625
18336.037109375,14552.1220703125,21494.92578125
17660.41796875,15339.89453125,22933.982421875
15994.451171875,15699.6884765625,23384.8515625
17203.640625,15684.609375,23537.19921875
15960.5302734375,17053.8203125,25862.380859375
15960.5302734375,17053.8203125,25862.380859375
17226.330078125,15520.025390625,23225.169921875
#
18694.26171875,14159.3310546875,20788.228515625
18336.037109375,14552.1220703125,21494.92578125
17660.41796875,15339.89453125,22933.982421875
15994.451171875,15699.6884765625,23384.8515625
17226.330078125,15520.025390625,23225.169921875
17203.640625,15684.609375,23537.19921875
17203.640625,15684.609375,23537.19921875
15960.5302734375,17053.8203125,25862.380859375
#
18694.26171875,14159.3310546875,20788.228515625
18336.037109375,14552.1220703125,21494.92578125
17660.41796875,15339.89453125,22933.982421875
15994.451171875,15699.6884765625,23384.8515625
17226.330078125,15520.025390625,23225.169921875
15527.2041015625,16354.404296875,24663.177734375
17203.640625,15684.609375,23537.19921875
15622.9326171875,16346.966796875,24655.529296875
#
18694.26171875,14159.3310546875,20788.228515625
17660.41796875,15339.89453125,22933.982421875
15994.451171875,15699.6884765625,23384.8515625
17226.330078125,15520.025390625,23225.169921875
17203.640625,15684.609375,23537.19921875
15527.2041015625,16354.404296875,24663.177734375
15815.73046875,16232.6298828125,24263.65234375
15118.9052734375,17636.021484375,26836.890625
15440.6962890625,16432.939453125,24814.00390625
#
18694.26171875,14159.3310546875,20788.228515625
15994.451171875,15699.6884765625,23384.8515625
15455.8134765625,16194.79296875,24275.998046875
17093.10546875,14957.2626953125,22209.22265625
15901.9150390625,15909.7421875,23858.626953125
15118.9052734375,17636.021484375,26836.890625
15440.6962890625,16432.939453125,24814.00390625
#
18694.26171875,14159.3310546875,20788.228515625
15994.451171875,15699.6884765625,23384.8515625
17093.10546875,14957.2626953125,22209.22265625
15455.8134765625,16194.79296875,24275.998046875
15118.9052734375,17636.021484375,26836.890625
15440.6962890625,16432.939453125,24814.00390625
#
18694.26171875,14159.3310546875,20788.228515625
15994.451171875,15699.6884765625,23384.8515625
15440.6962890625,16432.939453125,24814.00390625
17093.10546875,14957.2626953125,22209.22265625
15455.8134765625,16194.79296875,24275.998046875
16879.908203125,15004.0,22223.59765625
#
18694.26171875,14159.3310546875,20788.228515625
15994.451171875,15699.6884765625,23384.8515625
15440.6962890625,16432.939453125,24814.00390625
15420.599609375,16663.638671875,24931.19140625
15455.8134765625,16194.79296875,24275.998046875
16581.65234375,14912.5146484375,22091.07421875
#
18694.26171875,14159.3310546875,20788.228515625
15455.8134765625,16194.79296875,24275.998046875
15420.599609375,16663.638671875,24931.19140625
15821.83984375,14527.8544921875,21399.53125
15440.6962890625,16432.939453125,24814.00390625
#
15881.1806640625,14234.5537109375,20896.509765625
18694.26171875,14159.3310546875,20788.228515625
15455.8134765625,16194.79296875,24275.998046875
15420.599609375,16663.638671875,24931.19140625
15821.83984375,14527.8544921875,21399.53125
15669.7880859375,14740.150390625,21795.90625
15440.6962890625,16432.939453125,24814.00390625
#
15881.1806640625,14234.5537109375,20896.509765625
15455.8134765625,16194.79296875,24275.998046875
15420.599609375,16663.638671875,24931.19140625
15821.83984375,14527.8544921875,21399.53125
15669.7880859375,14740.150390625,21795.90625
16506.439453125,13865.8134765625,20277.78515625
14652.1337890625,18245.97265625,27914.130859375
15440.6962890625,16432.939453125,24814.00390625
#
15881.1806640625,14234.5537109375,20896.509765625
15455.8134765625,16194.79296875,24275.998046875
15821.83984375,14527.8544921875,21399.53125
15420.599609375,16663.638671875,24931.19140625
15669.7880859375,14740.150390625,21795.90625
16506.439453125,13865.8134765625,20277.78515625
15601.95703125,16041.09765625,24116.955078125
14652.1337890625,18245.97265625,27914.130859375
15440.6962890625,16432.939453125,24814.00390625
#
15881.1806640625,14234.5537109375,20896.509765625
15455.8134765625,16194.79296875,24275.998046875
15821.83984375,14527.8544921875,21399.53125
15420.599609375,16663.638671875,24931.19140625
15669.7880859375,14740.150390625,21795.90625
16506.439453125,13865.8134765625,20277.78515625
15601.95703125,16041.09765625,24116.955078125
14652.1337890625,18245.97265625,27914.130859375
#
15881.1806640625,14234.5537109375,20896.509765625
15821.83984375,14527.8544921875,21399.53125
15455.8134765625,16194.79296875,24275.998046875
15601.95703125,16041.09765625,24116.955078125
15669.7880859375,14740.150390625,21795.90625
16506.439453125,13865.8134765625,20277.78515625
#
15881.1806640625,14234.5537109375,20896.509765625
15455.8134765625,16194.79296875,24275.998046875
15821.83984375,14527.8544921875,21399.53125
15601.95703125,16041.09765625,24116.955078125
15299.1220703125,16322.6552734375,24537.751953125
15669.7880859375,14740.150390625,21795.90625
16506.439453125,13865.8134765625,20277.78515625
15102.240234375,16695.546875,25123.767578125
#
15455.8134765625,16194.79296875,24275.998046875
15299.1220703125,16322.6552734375,24537.751953125
15669.7880859375,14740.150390625,21795.90625
15775.7685546875,13932.5634765625,20319.853515625
16506.439453125,13865.8134765625,20277.78515625
15601.95703125,16041.09765625,24116.955078125
14896.953125,17101.169921875,25806.373046875
15102.240234375,16695.546875,25123.767578125
#
15881.1806640625,14234.5537109375,20896.509765625
15669.7880859375,14740.150390625,21795.90625
15455.8134765625,16194.79296875,24275.998046875
15821.83984375,14527.8544921875,21399.53125
15821.83984375,14527.8544921875,21399.53125
15299.1220703125,16322.6552734375,24537.751953125
16506.439453125,13865.8134765625,20277.78515625
15601.95703125,16041.09765625,24116.955078125
14896.953125,17101.169921875,25806.373046875
#
17222.966796875,13602.162109375,19823.337890625
15669.7880859375,14740.150390625,21795.90625
15821.83984375,14527.8544921875,21399.53125
15881.1806640625,14234.5537109375,20896.509765625
15455.8134765625,16194.79296875,24275.998046875
15253.7548828125,16392.123046875,24569.771484375
16506.439453125,13865.8134765625,20277.78515625
15601.95703125,16041.09765625,24116.955078125
14896.953125,17101.169921875,25806.373046875
#
17222.966796875,13602.162109375,19823.337890625
15669.7880859375,14740.150390625,21795.90625
15821.83984375,14527.8544921875,21399.53125
15881.1806640625,14234.5537109375,20896.509765625
15455.8134765625,16194.79296875,24275.998046875
15253.7548828125,16392.123046875,24569.771484375
16506.439453125,13865.8134765625,20277.78515625
15601.95703125,16041.09765625,24116.955078125
14896.953125,17101.169921875,25806.373046875
#
17222.966796875,13602.162109375,19823.337890625
15669.7880859375,14740.150390625,21795.90625
15821.83984375,14527.8544921875,21399.53125
15881.1806640625,14234.5537109375,20896.509765625
15253.7548828125,16392.123046875,24569.771484375
15455.8134765625,16194.79296875,24275.998046875
16506.439453125,13865.8134765625,20277.78515625
15601.95703125,16041.09765625,24116.955078125
14490.8720703125,16644.392578125,25097.3671875
#
17222.966796875,13602.162109375,19823.337890625
15821.83984375,14527.8544921875,21399.53125
15669.7880859375,14740.150390625,21795.90625
15881.1806640625,14234.5537109375,20896.509765625
15253.7548828125,16392.123046875,24569.771484375
15455.8134765625,16194.79296875,24275.998046875
15484.4169921875,14995.9951171875,22135.728515625
16506.439453125,13865.8134765625,20277.78515625
14490.8720703125,16644.392578125,25097.3671875
#
17222.966796875,13602.162109375,19823.337890625
15821.83984375,14527.8544921875,21399.53125
15669.7880859375,14740.150390625,21795.90625
15881.1806640625,14234.5537109375,20896.509765625
15253.7548828125,16392.123046875,24569.771484375
15455.8134765625,16194.79296875,24275.998046875
16506.439453125,13865.8134765625,20277.78515625
14490.8720703125,16644.392578125,25097.3671875
#
17222.966796875,13602.162109375,19823.337890625
15821.83984375,14527.8544921875,21399.53125
15881.1806640625,14234.5537109375,20896.509765625
15669.7880859375,14740.150390625,21795.90625
15253.7548828125,16392.123046875,24569.771484375
16506.439453125,13865.8134765625,20277.78515625
14490.8720703125,16644.392578125,25097.3671875
#
17222.966796875,13602.162109375,19823.337890625
15821.83984375,14527.8544921875,21399.53125
15881.1806640625,14234.5537109375,20896.509765625
15881.1806640625,14234.5537109375,20896.509765625
14750.15625,14712.349609375,21707.4921875
16506.439453125,13865.8134765625,20277.78515625
14490.8720703125,16644.392578125,25097.3671875
#
17222.966796875,13602.162109375,19823.337890625
15881.1806640625,14234.5537109375,20896.509765625
15881.1806640625,14234.5537109375,20896.509765625
15821.83984375,14527.8544921875,21399.53125
15821.83984375,14527.8544921875,21399.53125
14750.15625,14712.349609375,21707.4921875
16506.439453125,13865.8134765625,20277.78515625
14490.8720703125,16644.392578125,25097.3671875
#
17222.966796875,13602.162109375,19823.337890625
15881.1806640625,14234.5537109375,20896.509765625
15881.1806640625,14234.5537109375,20896.509765625
15821.83984375,14527.8544921875,21399.53125
16506.439453125,13865.8134765625,20277.78515625
14750.15625,14712.349609375,21707.4921875
14490.8720703125,16644.392578125,25097.3671875
#
17222.966796875,13602.162109375,19823.337890625
15881.1806640625,14234.5537109375,20896.509765625
15881.1806640625,14234.5537109375,20896.509765625
15821.83984375,14527.8544921875,21399.53125
16506.439453125,13865.8134765625,20277.78515625
14750.15625,14712.349609375,21707.4921875
14490.8720703125,16644.392578125,25097.3671875
#
17222.966796875,13602.162109375,19823.337890625
15881.1806640625,14234.5537109375,20896.509765625
15881.1806640625,14234.5537109375,20896.509765625
15821.83984375,14527.8544921875,21399.53125
16506.439453125,13865.8134765625,20277.78515625
14750.15625,14712.349609375,21707.4921875
14490.8720703125,16644.392578125,25097.3671875
#
17222.966796875,13602.162109375,19823.337890625
15881.1806640625,14234.5537109375,20896.509765625
15881.1806640625,14234.5537109375,20896.509765625
15821.83984375,14527.8544921875,21399.53125
16506.439453125,13865.8134765625,20277.78515625
14750.15625,14712.349609375,21707.4921875
14750.15625,14712.349609375,21707.4921875
14490.8720703125,16644.392578125,25097.3671875
#
17222.966796875,13602.162109375,19823.337890625
15881.1806640625,14234.5537109375,20896.509765625
15881.1806640625,14234.5537109375,20896.509765625
15821.83984375,14527.8544921875,21399.53125
16506.439453125,13865.8134765625,20277.78515625
14750.15625,14712.349609375,21707.4921875
14750.15625,14712.349609375,21707.4921875
14490.8720703125,16644.392578125,25097.3671875
#
17222.966796875,13602.162109375,19823.337890625
15881.1806640625,14234.5537109375,20896.509765625
15881.1806640625,14234.5537109375,20896.509765625
16506.439453125,13865.8134765625,20277.78515625
14750.15625,14712.349609375,21707.4921875
15821.83984375,14527.8544921875,21399.53125
14490.8720703125,16644.392578125,25097.3671875
#
17222.966796875,13602.162109375,19823.337890625
15881.1806640625,14234.5537109375,20896.509765625
15881.1806640625,14234.5537109375,20896.509765625
16506.439453125,13865.8134765625,20277.78515625
14750.15625,14712.349609375,21707.4921875
15821.83984375,14527.8544921875,21399.53125
14490.8720703125,16644.392578125,25097.3671875
#
17222.966796875,13602.162109375,19823.337890625
15881.1806640625,14234.5537109375,20896.509765625
15881.1806640625,14234.5537109375,20896.509765625
16506.439453125,13865.8134765625,20277.78515625
14750.15625,14712.349609375,21707.4921875
15821.83984375,14527.8544921875,21399.53125
14490.8720703125,16644.392578125,25097.3671875
#
17222.966796875,13602.162109375,19823.337890625
14750.15625,14712.349609375,21707.4921875
16506.439453125,13865.8134765625,20277.78515625
14490.8720703125,16644.392578125,25097.3671875
15416.966796875,13920.90625,20333.904296875
#
17222.966796875,13602.162109375,19823.337890625
14750.15625,14712.349609375,21707.4921875
16506.439453125,13865.8134765625,20277.78515625
14490.8720703125,16644.392578125,25097.3671875
15416.966796875,13920.90625,20333.904296875
#
17222.966796875,13602.162109375,19823.337890625
14750.15625,14712.349609375,21707.4921875
16506.439453125,13865.8134765625,20277.78515625
15416.966796875,13920.90625,20333.904296875
#
14750.15625,14712.349609375,21707.4921875
16506.439453125,13865.8134765625,20277.78515625
15416.966796875,13920.90625,20333.904296875
16539.763671875,13500.3427734375,19643.1953125
#
14750.15625,14712.349609375,21707.4921875
16506.439453125,13865.8134765625,20277.78515625
15416.966796875,13920.90625,20333.904296875
16539.763671875,13500.3427734375,19643.1953125
#
16539.763671875,13500.3427734375,19643.1953125
14750.15625,14712.349609375,21707.4921875
16506.439453125,13865.8134765625,20277.78515625
15416.966796875,13920.90625,20333.904296875
15416.966796875,13920.90625,20333.904296875
#
16539.763671875,13500.3427734375,19643.1953125
14750.15625,14712.349609375,21707.4921875
16506.439453125,13865.8134765625,20277.78515625
15416.966796875,13920.90625,20333.904296875
15416.966796875,13920.90625,20333.904296875
#
16539.763671875,13500.3427734375,19643.1953125
14684.30078125,13763.0693359375,20006.7578125
#
16539.763671875,13500.3427734375,19643.1953125
14684.30078125,13763.0693359375,20006.7578125
#
16539.763671875,13500.3427734375,19643.1953125
14684.30078125,13763.0693359375,20006.7578125
#
16539.763671875,13500.3427734375,19643.1953125
14684.30078125,13763.0693359375,20006.7578125
16209.1494140625,13510.3916015625,19651.314453125
#
15701.4970703125,13411.6630859375,19458.271484375
14684.30078125,13763.0693359375,20006.7578125
14684.30078125,13763.0693359375,20006.7578125
#
14684.30078125,13763.0693359375,20006.7578125
15584.2177734375,13039.5634765625,18794.79296875
#
14684.30078125,13763.0693359375,20006.7578125
15584.2177734375,13039.5634765625,18794.79296875
15199.4287109375,13762.78515625,20062.599609375
15268.1416015625,13054.1396484375,18808.650390625
#
14684.30078125,13763.0693359375,20006.7578125
15584.2177734375,13039.5634765625,18794.79296875
15199.4287109375,13762.78515625,20062.599609375
15479.2080078125,13358.1083984375,19352.240234375
#
14684.30078125,13763.0693359375,20006.7578125
15584.2177734375,13039.5634765625,18794.79296875
15479.2080078125,13358.1083984375,19352.240234375
15199.4287109375,13762.78515625,20062.599609375
15199.4287109375,13762.78515625,20062.599609375
#
14684.30078125,13763.0693359375,20006.7578125
15584.2177734375,13039.5634765625,18794.79296875
15479.2080078125,13358.1083984375,19352.240234375
15129.009765625,13542.5947265625,19669.625
#
14684.30078125,13763.0693359375,20006.7578125
14684.30078125,13763.0693359375,20006.7578125
15479.2080078125,13358.1083984375,19352.240234375
15129.009765625,13542.5947265625,19669.625
#
14684.30078125,13763.0693359375,20006.7578125
14684.30078125,13763.0693359375,20006.7578125
15479.2080078125,13358.1083984375,19352.240234375
15105.0546875,13413.69921875,19439.611328125
#
14684.30078125,13763.0693359375,20006.7578125
15479.2080078125,13358.1083984375,19352.240234375
15216.57421875,13408.8212890625,19435.5625
15105.0546875,13413.69921875,19439.611328125
15584.2177734375,13039.5634765625,18794.79296875
#
15216.57421875,13408.8212890625,19435.5625
14454.490234375,13473.787109375,19529.9140625
15105.0546875,13413.69921875,19439.611328125
15421.716796875,13053.5830078125,18808.947265625
14925.3681640625,13425.13671875,19450.32421875
15584.2177734375,13039.5634765625,18794.79296875
#
15105.0546875,13413.69921875,19439.611328125
14454.490234375,13473.787109375,19529.9140625
15227.529296875,13061.7607421875,18815.373046875
15584.2177734375,13039.5634765625,18794.79296875
15421.716796875,13053.5830078125,18808.947265625
14925.3681640625,13425.13671875,19450.32421875
14925.3681640625,13425.13671875,19450.32421875
#
15584.2177734375,13039.5634765625,18794.79296875
14936.32421875,13078.07421875,18830.13671875
14925.3681640625,13425.13671875,19450.32421875
14454.490234375,13473.787109375,19529.9140625
15227.529296875,13061.7607421875,18815.373046875
15421.716796875,13053.5830078125,18808.947265625
#
15584.2177734375,13039.5634765625,18794.79296875
15001.8271484375,13071.701171875,18824.345703125
14936.32421875,13078.07421875,18830.13671875
14925.3681640625,13425.13671875,19450.32421875
14925.3681640625,13425.13671875,19450.32421875
14454.490234375,13473.787109375,19529.9140625
15421.716796875,13053.5830078125,18808.947265625
#
14902.560546875,13068.3232421875,18820.05078125
15451.2275390625,13049.568359375,18804.671875
15584.2177734375,13039.5634765625,18794.79296875
14454.490234375,13473.787109375,19529.9140625
15594.81640625,13039.4140625,18794.740234375
15421.716796875,13053.5830078125,18808.947265625
#
14902.560546875,13068.3232421875,18820.05078125
14454.490234375,13473.787109375,19529.9140625
14773.466796875,13443.87890625,19484.748046875
15543.392578125,13057.3291015625,18813.814453125
#
14902.560546875,13068.3232421875,18820.05078125
14454.490234375,13473.787109375,19529.9140625
14789.6142578125,13145.0263671875,18963.49609375
14773.466796875,13443.87890625,19484.748046875
14773.466796875,13443.87890625,19484.748046875
#
14902.560546875,13068.3232421875,18820.05078125
14454.490234375,13473.787109375,19529.9140625
14454.490234375,13473.787109375,19529.9140625
14789.6142578125,13145.0263671875,18963.49609375
14773.466796875,13443.87890625,19484.748046875
14745.6953125,13457.47265625,19515.146484375
14634.1767578125,13462.3505859375,19519.201171875
#
14902.560546875,13068.3232421875,18820.05078125
14454.490234375,13473.787109375,19529.9140625
14454.490234375,13473.787109375,19529.9140625
14745.6953125,13457.47265625,19515.146484375
14789.6142578125,13145.0263671875,18963.49609375
#
14902.560546875,13068.3232421875,18820.05078125
14902.560546875,13068.3232421875,18820.05078125
14371.921875,13167.3984375,18983.701171875
14789.6142578125,13145.0263671875,18963.49609375
#
14902.560546875,13068.3232421875,18820.05078125
14902.560546875,13068.3232421875,18820.05078125
14371.921875,13167.3984375,18983.701171875
14371.921875,13167.3984375,18983.701171875
14789.6142578125,13145.0263671875,18963.49609375
#
14902.560546875,13068.3232421875,18820.05078125
14371.921875,13167.3984375,18983.701171875
14371.921875,13167.3984375,18983.701171875
14789.6142578125,13145.0263671875,18963.49609375
#
14902.560546875,13068.3232421875,18820.05078125
14371.921875,13167.3984375,18983.701171875
14371.921875,13167.3984375,18983.701171875
14789.6142578125,13145.0263671875,18963.49609375
#
14902.560546875,13068.3232421875,18820.05078125
14371.921875,13167.3984375,18983.701171875
14371.921875,13167.3984375,18983.701171875
14789.6142578125,13145.0263671875,18963.49609375
#
14902.560546875,13068.3232421875,18820.05078125
14371.921875,13167.3984375,18983.701171875
14371.921875,13167.3984375,18983.701171875
14789.6142578125,13145.0263671875,18963.49609375
#
14902.560546875,13068.3232421875,18820.05078125
14371.921875,13167.3984375,18983.701171875
14371.921875,13167.3984375,18983.701171875
14789.6142578125,13145.0263671875,18963.49609375
#
14902.560546875,13068.3232421875,18820.05078125
14371.921875,13167.3984375,18983.701171875
14371.921875,13167.3984375,18983.701171875
14789.6142578125,13145.0263671875,18963.49609375
#
14902.560546875,13068.3232421875,18820.05078125
14371.921875,13167.3984375,18983.701171875
14371.921875,13167.3984375,18983.701171875
14789.6142578125,13145.0263671875,18963.49609375
#
14902.560546875,13068.3232421875,18820.05078125
14371.921875,13167.3984375,18983.701171875
14371.921875,13167.3984375,18983.701171875
14789.6142578125,13145.0263671875,18963.49609375
#
14902.560546875,13068.3232421875,18820.05078125
14371.921875,13167.3984375,18983.701171875
14371.921875,13167.3984375,18983.701171875
14789.6142578125,13145.0263671875,18963.49609375
#
14902.560546875,13068.3232421875,18820.05078125
14371.921875,13167.3984375,18983.701171875
14371.921875,13167.3984375,18983.701171875
14789.6142578125,13145.0263671875,18963.49609375
#
14902.560546875,13068.3232421875,18820.05078125
14371.921875,13167.3984375,18983.701171875
14371.921875,13167.3984375,18983.701171875
14789.6142578125,13145.0263671875,18963.49609375
#
14902.560546875,13068.3232421875,18820.05078125
14371.921875,13167.3984375,18983.701171875
14371.921875,13167.3984375,18983.701171875
14789.6142578125,13145.0263671875,18963.49609375
#
14902.560546875,13068.3232421875,18820.05078125
14371.921875,13167.3984375,18983.701171875
14371.921875,13167.3984375,18983.701171875
14789.6142578125,13145.0263671875,18963.49609375
14552.8740234375,13160.8095703125,18977.677734375
#
14902.560546875,13068.3232421875,18820.05078125
14371.921875,13167.3984375,18983.701171875
14371.921875,13167.3984375,18983.701171875
14789.6142578125,13145.0263671875,18963.49609375
14663.126953125,13151.083984375,18968.93359375
#
14902.560546875,13068.3232421875,18820.05078125
14371.921875,13167.3984375,18983.701171875
14371.921875,13167.3984375,18983.701171875
14789.6142578125,13145.0263671875,18963.49609375
14663.126953125,13151.083984375,18968.93359375
#
14902.560546875,13068.3232421875,18820.05078125
14371.921875,13167.3984375,18983.701171875
14371.921875,13167.3984375,18983.701171875
14789.6142578125,13145.0263671875,18963.49609375
14663.126953125,13151.083984375,18968.93359375
#
14902.560546875,13068.3232421875,18820.05078125
14371.921875,13167.3984375,18983.701171875
14371.921875,13167.3984375,18983.701171875
14789.6142578125,13145.0263671875,18963.49609375
14663.126953125,13151.083984375,18968.93359375
#
14902.560546875,13068.3232421875,18820.05078125
14371.921875,13167.3984375,18983.701171875
14371.921875,13167.3984375,18983.701171875
14789.6142578125,13145.0263671875,18963.49609375
14663.126953125,13151.083984375,18968.93359375
#
14902.560546875,13068.3232421875,18820.05078125
14371.921875,13167.3984375,18983.701171875
14371.921875,13167.3984375,18983.701171875
14771.81640625,13145.2763671875,18963.583984375
14663.126953125,13151.083984375,18968.93359375
#
14902.560546875,13068.3232421875,18820.05078125
14371.921875,13167.3984375,18983.701171875
14371.921875,13167.3984375,18983.701171875
14771.81640625,13145.2763671875,18963.583984375
14655.927734375,13151.1845703125,18968.96875
#
14902.560546875,13068.3232421875,18820.05078125
14371.921875,13167.3984375,18983.701171875
14371.921875,13167.3984375,18983.701171875
14771.81640625,13145.2763671875,18963.583984375
14655.927734375,13151.1845703125,18968.96875
#
14902.560546875,13068.3232421875,18820.05078125
14371.921875,13167.3984375,18983.701171875
14371.921875,13167.3984375,18983.701171875
14771.81640625,13145.2763671875,18963.583984375
14655.927734375,13151.1845703125,18968.96875
#
14902.560546875,13068.3232421875,18820.05078125
14371.921875,13167.3984375,18983.701171875
14371.921875,13167.3984375,18983.701171875
14771.81640625,13145.2763671875,18963.583984375
14655.927734375,13151.1845703125,18968.96875
#
14902.560546875,13068.3232421875,18820.05078125
14371.921875,13167.3984375,18983.701171875
14371.921875,13167.3984375,18983.701171875
14771.81640625,13145.2763671875,18963.583984375
14655.927734375,13151.1845703125,18968.96875
#
14902.560546875,13068.3232421875,18820.05078125
14371.921875,13167.3984375,18983.701171875
14371.921875,13167.3984375,18983.701171875
14308.9814453125,13678.2216796875,19877.1015625
14771.81640625,13145.2763671875,18963.583984375
14655.927734375,13151.1845703125,18968.96875
#
14902.560546875,13068.3232421875,18820.05078125
14371.921875,13167.3984375,18983.701171875
14371.921875,13167.3984375,18983.701171875
14308.9814453125,13678.2216796875,19877.1015625
14771.81640625,13145.2763671875,18963.583984375
14655.927734375,13151.1845703125,18968.96875
#
14902.560546875,13068.3232421875,18820.05078125
14371.921875,13167.3984375,18983.701171875
14371.921875,13167.3984375,18983.701171875
14308.9814453125,13678.2216796875,19877.1015625
14771.81640625,13145.2763671875,18963.583984375
14655.927734375,13151.1845703125,18968.96875
#
14902.560546875,13068.3232421875,18820.05078125
14371.921875,13167.3984375,18983.701171875
14371.921875,13167.3984375,18983.701171875
14308.9814453125,13678.2216796875,19877.1015625
14771.81640625,13145.2763671875,18963.583984375
14655.927734375,13151.1845703125,18968.96875
#
14902.560546875,13068.3232421875,18820.05078125
14371.921875,13167.3984375,18983.701171875
14371.921875,13167.3984375,18983.701171875
14308.9814453125,13678.2216796875,19877.1015625
14771.81640625,13145.2763671875,18963.583984375
14655.927734375,13151.1845703125,18968.96875
#
14902.560546875,13068.3232421875,18820.05078125
14371.921875,13167.3984375,18983.701171875
14371.921875,13167.3984375,18983.701171875
14308.9814453125,13678.2216796875,19877.1015625
14771.81640625,13145.2763671875,18963.583984375
14655.927734375,13151.1845703125,18968.96875
#
14902.560546875,13068.3232421875,18820.05078125
14371.921875,13167.3984375,18983.701171875
14371.921875,13167.3984375,18983.701171875
14308.9814453125,13678.2216796875,19877.1015625
14771.81640625,13145.2763671875,18963.583984375
14655.927734375,13151.1845703125,18968.96875
#
14902.560546875,13068.3232421875,18820.05078125
14371.921875,13167.3984375,18983.701171875
14371.921875,13167.3984375,18983.701171875
14308.9814453125,13678.2216796875,19877.1015625
14771.81640625,13145.2763671875,18963.583984375
14655.927734375,13151.1845703125,18968.96875
#
14902.560546875,13068.3232421875,18820.05078125
14371.921875,13167.3984375,18983.701171875
14371.921875,13167.3984375,18983.701171875
14308.9814453125,13678.2216796875,19877.1015625
14771.81640625,13145.2763671875,18963.583984375
14655.927734375,13151.1845703125,18968.96875
#
14902.560546875,13068.3232421875,18820.05078125
14371.921875,13167.3984375,18983.701171875
14371.921875,13167.3984375,18983.701171875
14308.9814453125,13678.2216796875,19877.1015625
14771.81640625,13145.2763671875,18963.583984375
14655.927734375,13151.1845703125,18968.96875
#
14902.560546875,13068.3232421875,18820.05078125
14371.921875,13167.3984375,18983.701171875
14371.921875,13167.3984375,18983.701171875
14308.9814453125,13678.2216796875,19877.1015625
14771.81640625,13145.2763671875,18963.583984375
14655.927734375,13151.1845703125,18968.96875
#
14902.560546875,13068.3232421875,18820.05078125
14371.921875,13167.3984375,18983.701171875
14371.921875,13167.3984375,18983.701171875
14308.9814453125,13678.2216796875,19877.1015625
14771.81640625,13145.2763671875,18963.583984375
14655.927734375,13151.1845703125,18968.96875
#
14902.560546875,13068.3232421875,18820.05078125
14371.921875,13167.3984375,18983.701171875
14371.921875,13167.3984375,18983.701171875
14308.9814453125,13678.2216796875,19877.1015625
14771.81640625,13145.2763671875,18963.583984375
14655.927734375,13151.1845703125,18968.96875
#
14902.560546875,13068.3232421875,18820.05078125
14371.921875,13167.3984375,18983.701171875
14371.921875,13167.3984375,18983.701171875
14308.9814453125,13678.2216796875,19877.1015625
14771.81640625,13145.2763671875,18963.583984375
14655.927734375,13151.1845703125,18968.96875
#
14902.560546875,13068.3232421875,18820.05078125
14371.921875,13167.3984375,18983.701171875
14371.921875,13167.3984375,18983.701171875
14308.9814453125,13678.2216796875,19877.1015625
14771.81640625,13145.2763671875,18963.583984375
14655.927734375,13151.1845703125,18968.96875
#
14902.560546875,13068.3232421875,18820.05078125
14371.921875,13167.3984375,18983.701171875
14371.921875,13167.3984375,18983.701171875
14308.9814453125,13678.2216796875,19877.1015625
14771.81640625,13145.2763671875,18963.583984375
14655.927734375,13151.1845703125,18968.96875
#
14902.560546875,13068.3232421875,18820.05078125
14371.921875,13167.3984375,18983.701171875
14371.921875,13167.3984375,18983.701171875
14308.9814453125,13678.2216796875,19877.1015625
14771.81640625,13145.2763671875,18963.583984375
14655.927734375,13151.1845703125,18968.96875
#
14902.560546875,13068.3232421875,18820.05078125
14371.921875,13167.3984375,18983.701171875
14371.921875,13167.3984375,18983.701171875
14308.9814453125,13678.2216796875,19877.1015625
14771.81640625,13145.2763671875,18963.583984375
14655.927734375,13151.1845703125,18968.96875
#
14902.560546875,13068.3232421875,18820.05078125
14371.921875,13167.3984375,18983.701171875
14371.921875,13167.3984375,18983.701171875
14308.9814453125,13678.2216796875,19877.1015625
14771.81640625,13145.2763671875,18963.583984375
14655.927734375,13151.1845703125,18968.96875
#
14902.560546875,13068.3232421875,18820.05078125
14371.921875,13167.3984375,18983.701171875
14371.921875,13167.3984375,18983.701171875
14308.9814453125,13678.2216796875,19877.1015625
14771.81640625,13145.2763671875,18963.583984375
14655.927734375,13151.1845703125,18968.96875
#
14902.560546875,13068.3232421875,18820.05078125
14371.921875,13167.3984375,18983.701171875
14371.921875,13167.3984375,18983.701171875
14308.9814453125,13678.2216796875,19877.1015625
14771.81640625,13145.2763671875,18963.583984375
14655.927734375,13151.1845703125,18968.96875
#
14902.560546875,13068.3232421875,18820.05078125
14371.921875,13167.3984375,18983.701171875
14371.921875,13167.3984375,18983.701171875
14308.9814453125,13678.2216796875,19877.1015625
14771.81640625,13145.2763671875,18963.583984375
14655.927734375,13151.1845703125,18968.96875
#
14902.560546875,13068.3232421875,18820.05078125
14371.921875,13167.3984375,18983.701171875
14371.921875,13167.3984375,18983.701171875
14308.9814453125,13678.2216796875,19877.1015625
14771.81640625,13145.2763671875,18963.583984375
14655.927734375,13151.1845703125,18968.96875
#
14902.560546875,13068.3232421875,18820.05078125
14371.921875,13167.3984375,18983.701171875
14371.921875,13167.3984375,18983.701171875
14308.9814453125,13678.2216796875,19877.1015625
14771.81640625,13145.2763671875,18963.583984375
14655.927734375,13151.1845703125,18968.96875
#
14902.560546875,13068.3232421875,18820.05078125
14371.921875,13167.3984375,18983.701171875
14371.921875,13167.3984375,18983.701171875
14308.9814453125,13678.2216796875,19877.1015625
14771.81640625,13145.2763671875,18963.583984375
14655.927734375,13151.1845703125,18968.96875
#
14902.560546875,13068.3232421875,18820.05078125
14371.921875,13167.3984375,18983.701171875
14371.921875,13167.3984375,18983.701171875
14308.9814453125,13678.2216796875,19877.1015625
14771.81640625,13145.2763671875,18963.583984375
14655.927734375,13151.1845703125,18968.96875
#
14902.560546875,13068.3232421875,18820.05078125
14371.921875,13167.3984375,18983.701171875
14371.921875,13167.3984375,18983.701171875
14308.9814453125,13678.2216796875,19877.1015625
14771.81640625,13145.2763671875,18963.583984375
14655.927734375,13151.1845703125,18968.96875
#
14902.560546875,13068.3232421875,18820.05078125
14371.921875,13167.3984375,18983.701171875
14371.921875,13167.3984375,18983.701171875
14308.9814453125,13678.2216796875,19877.1015625
14771.81640625,13145.2763671875,18963.583984375
14655.927734375,13151.1845703125,18968.96875
#
14902.560546875,13068.3232421875,18820.05078125
14371.921875,13167.3984375,18983.701171875
14371.921875,13167.3984375,18983.701171875
14308.9814453125,13678.2216796875,19877.1015625
14771.81640625,13145.2763671875,18963.583984375
14655.927734375,13151.1845703125,18968.96875
#
14902.560546875,13068.3232421875,18820.05078125
14371.921875,13167.3984375,18983.701171875
14371.921875,13167.3984375,18983.701171875
14308.9814453125,13678.2216796875,19877.1015625
14771.81640625,13145.2763671875,18963.583984375
14655.927734375,13151.1845703125,18968.96875
#
14902.560546875,13068.3232421875,18820.05078125
14371.921875,13167.3984375,18983.701171875
14371.921875,13167.3984375,18983.701171875
14308.9814453125,13678.2216796875,19877.1015625
14771.81640625,13145.2763671875,18963.583984375
14655.927734375,13151.1845703125,18968.96875
#
14902.560546875,13068.3232421875,18820.05078125
14371.921875,13167.3984375,18983.701171875
14371.921875,13167.3984375,18983.701171875
14308.9814453125,13678.2216796875,19877.1015625
14771.81640625,13145.2763671875,18963.583984375
14655.927734375,13151.1845703125,18968.96875
#
14902.560546875,13068.3232421875,18820.05078125
14371.921875,13167.3984375,18983.701171875
14371.921875,13167.3984375,18983.701171875
14308.9814453125,13678.2216796875,19877.1015625
14771.81640625,13145.2763671875,18963.583984375
14655.927734375,13151.1845703125,18968.96875
#
14902.560546875,13068.3232421875,18820.05078125
14371.921875,13167.3984375,18983.701171875
14371.921875,13167.3984375,18983.701171875
14308.9814453125,13678.2216796875,19877.1015625
14771.81640625,13145.2763671875,18963.583984375
14655.927734375,13151.1845703125,18968.96875
#
14902.560546875,13068.3232421875,18820.05078125
14371.921875,13167.3984375,18983.701171875
14371.921875,13167.3984375,18983.701171875
14308.9814453125,13678.2216796875,19877.1015625
14771.81640625,13145.2763671875,18963.583984375
14655.927734375,13151.1845703125,18968.96875
#
14902.560546875,13068.3232421875,18820.05078125
14371.921875,13167.3984375,18983.701171875
14371.921875,13167.3984375,18983.701171875
14308.9814453125,13678.2216796875,19877.1015625
14771.81640625,13145.2763671875,18963.583984375
14655.927734375,13151.1845703125,18968.96875
#
14902.560546875,13068.3232421875,18820.05078125
14371.921875,13167.3984375,18983.701171875
14371.921875,13167.3984375,18983.701171875
14308.9814453125,13678.2216796875,19877.1015625
14771.81640625,13145.2763671875,18963.583984375
14655.927734375,13151.1845703125,18968.96875
#
14902.560546875,13068.3232421875,18820.05078125
14371.921875,13167.3984375,18983.701171875
14371.921875,13167.3984375,18983.701171875
14308.9814453125,13678.2216796875,19877.1015625
14771.81640625,13145.2763671875,18963.583984375
14655.927734375,13151.1845703125,18968.96875
#
14902.560546875,13068.3232421875,18820.05078125
14371.921875,13167.3984375,18983.701171875
14371.921875,13167.3984375,18983.701171875
14308.9814453125,13678.2216796875,19877.1015625
14771.81640625,13145.2763671875,18963.583984375
14655.927734375,13151.1845703125,18968.96875
#
14902.560546875,13068.3232421875,18820.05078125
14371.921875,13167.3984375,18983.701171875
14371.921875,13167.3984375,18983.701171875
14308.9814453125,13678.2216796875,19877.1015625
14771.81640625,13145.2763671875,18963.583984375
14655.927734375,13151.1845703125,18968.96875
#
14902.560546875,13068.3232421875,18820.05078125
14371.921875,13167.3984375,18983.701171875
14371.921875,13167.3984375,18983.701171875
14308.9814453125,13678.2216796875,19877.1015625
14771.81640625,13145.2763671875,18963.583984375
14655.927734375,13151.1845703125,18968.96875
#
14902.560546875,13068.3232421875,18820.05078125
14371.921875,13167.3984375,18983.701171875
14371.921875,13167.3984375,18983.701171875
14308.9814453125,13678.2216796875,19877.1015625
14771.81640625,13145.2763671875,18963.583984375
14655.927734375,13151.1845703125,18968.96875
#
14902.560546875,13068.3232421875,18820.05078125
14371.921875,13167.3984375,18983.701171875
14371.921875,13167.3984375,18983.701171875
14308.9814453125,13678.2216796875,19877.1015625
14771.81640625,13145.2763671875,18963.583984375
14655.927734375,13151.1845703125,18968.96875
#
14902.560546875,13068.3232421875,18820.05078125
14371.921875,13167.3984375,18983.701171875
14371.921875,13167.3984375,18983.701171875
14308.9814453125,13678.2216796875,19877.1015625
14771.81640625,13145.2763671875,18963.583984375
14655.927734375,13151.1845703125,18968.96875
#
14902.560546875,13068.3232421875,18820.05078125
14371.921875,13167.3984375,18983.701171875
14371.921875,13167.3984375,18983.701171875
14308.9814453125,13678.2216796875,19877.1015625
14771.81640625,13145.2763671875,18963.583984375
14655.927734375,13151.1845703125,18968.96875
#
14902.560546875,13068.3232421875,18820.05078125
14371.921875,13167.3984375,18983.701171875
14371.921875,13167.3984375,18983.701171875
14308.9814453125,13678.2216796875,19877.1015625
14771.81640625,13145.2763671875,18963.583984375
14655.927734375,13151.1845703125,18968.96875
#
14902.560546875,13068.3232421875,18820.05078125
14371.921875,13167.3984375,18983.701171875
14371.921875,13167.3984375,18983.701171875
14308.9814453125,13678.2216796875,19877.1015625
14771.81640625,13145.2763671875,18963.583984375
14655.927734375,13151.1845703125,18968.96875
#
14902.560546875,13068.3232421875,18820.05078125
14371.921875,13167.3984375,18983.701171875
14371.921875,13167.3984375,18983.701171875
14308.9814453125,13678.2216796875,19877.1015625
14771.81640625,13145.2763671875,18963.583984375
14655.927734375,13151.1845703125,18968.96875
#
14902.560546875,13068.3232421875,18820.05078125
14371.921875,13167.3984375,18983.701171875
14371.921875,13167.3984375,18983.701171875
14308.9814453125,13678.2216796875,19877.1015625
14771.81640625,13145.2763671875,18963.583984375
14655.927734375,13151.1845703125,18968.96875
#
14902.560546875,13068.3232421875,18820.05078125
14371.921875,13167.3984375,18983.701171875
14371.921875,13167.3984375,18983.701171875
14308.9814453125,13678.2216796875,19877.1015625
14771.81640625,13145.2763671875,18963.583984375
14655.927734375,13151.1845703125,18968.96875
#
14902.560546875,13068.3232421875,18820.05078125
14371.921875,13167.3984375,18983.701171875
14371.921875,13167.3984375,18983.701171875
14308.9814453125,13678.2216796875,19877.1015625
14771.81640625,13145.2763671875,18963.583984375
14655.927734375,13151.1845703125,18968.96875
#
14902.560546875,13068.3232421875,18820.05078125
14371.921875,13167.3984375,18983.701171875
14371.921875,13167.3984375,18983.701171875
14308.9814453125,13678.2216796875,19877.1015625
14771.81640625,13145.2763671875,18963.583984375
14655.927734375,13151.1845703125,18968.96875
#
14902.560546875,13068.3232421875,18820.05078125
14371.921875,13167.3984375,18983.701171875
14371.921875,13167.3984375,18983.701171875
14308.9814453125,13678.2216796875,19877.1015625
14771.81640625,13145.2763671875,18963.583984375
14655.927734375,13151.1845703125,18968.96875
#
14902.560546875,13068.3232421875,18820.05078125
14371.921875,13167.3984375,18983.701171875
14371.921875,13167.3984375,18983.701171875
14308.9814453125,13678.2216796875,19877.1015625
14771.81640625,13145.2763671875,18963.583984375
14655.927734375,13151.1845703125,18968.96875
#
14902.560546875,13068.3232421875,18820.05078125
14371.921875,13167.3984375,18983.701171875
14371.921875,13167.3984375,18983.701171875
14308.9814453125,13678.2216796875,19877.1015625
14771.81640625,13145.2763671875,18963.583984375
14655.927734375,13151.1845703125,18968.96875
#
14902.560546875,13068.3232421875,18820.05078125
14371.921875,13167.3984375,18983.701171875
14371.921875,13167.3984375,18983.701171875
14308.9814453125,13678.2216796875,19877.1015625
14771.81640625,13145.2763671875,18963.583984375
14655.927734375,13151.1845703125,18968.96875
#
14902.560546875,13068.3232421875,18820.05078125
14371.921875,13167.3984375,18983.701171875
14371.921875,13167.3984375,18983.701171875
14308.9814453125,13678.2216796875,19877.1015625
14771.81640625,13145.2763671875,18963.583984375
14655.927734375,13151.1845703125,18968.96875
#
14902.560546875,13068.3232421875,18820.05078125
14371.921875,13167.3984375,18983.701171875
14371.921875,13167.3984375,18983.701171875
14308.9814453125,13678.2216796875,19877.1015625
14771.81640625,13145.2763671875,18963.583984375
14655.927734375,13151.1845703125,18968.96875
#
14902.560546875,13068.3232421875,18820.05078125
14371.921875,13167.3984375,18983.701171875
14371.921875,13167.3984375,18983.701171875
14308.9814453125,13678.2216796875,19877.1015625
14771.81640625,13145.2763671875,18963.583984375
14655.927734375,13151.1845703125,18968.96875
#
14902.560546875,13068.3232421875,18820.05078125
14371.921875,13167.3984375,18983.701171875
14371.921875,13167.3984375,18983.701171875
14308.9814453125,13678.2216796875,19877.1015625
14771.81640625,13145.2763671875,18963.583984375
14655.927734375,13151.1845703125,18968.96875
#
14902.560546875,13068.3232421875,18820.05078125
14371.921875,13167.3984375,18983.701171875
14371.921875,13167.3984375,18983.701171875
14308.9814453125,13678.2216796875,19877.1015625
14771.81640625,13145.2763671875,18963.583984375
14655.927734375,13151.1845703125,18968.96875
#
14902.560546875,13068.3232421875,18820.05078125
14371.921875,13167.3984375,18983.701171875
14371.921875,13167.3984375,18983.701171875
14308.9814453125,13678.2216796875,19877.1015625
14771.81640625,13145.2763671875,18963.583984375
14655.927734375,13151.1845703125,18968.96875
#
14902.560546875,13068.3232421875,18820.05078125
14371.921875,13167.3984375,18983.701171875
14371.921875,13167.3984375,18983.701171875
14308.9814453125,13678.2216796875,19877.1015625
14771.81640625,13145.2763671875,18963.583984375
14655.927734375,13151.1845703125,18968.96875
#
14902.560546875,13068.3232421875,18820.05078125
14371.921875,13167.3984375,18983.701171875
14371.921875,13167.3984375,18983.701171875
14308.9814453125,13678.2216796875,19877.1015625
14771.81640625,13145.2763671875,18963.583984375
14655.927734375,13151.1845703125,18968.96875
#
14902.560546875,13068.3232421875,18820.05078125
14371.921875,13167.3984375,18983.701171875
14371.921875,13167.3984375,18983.701171875
14308.9814453125,13678.2216796875,19877.1015625
14771.81640625,13145.2763671875,18963.583984375
14655.927734375,13151.1845703125,18968.96875
#
14902.560546875,13068.3232421875,18820.05078125
14371.921875,13167.3984375,18983.701171875
14371.921875,13167.3984375,18983.701171875
14308.9814453125,13678.2216796875,19877.1015625
14771.81640625,13145.2763671875,18963.583984375
14655.927734375,13151.1845703125,18968.96875
#
14902.560546875,13068.3232421875,18820.05078125
14371.921875,13167.3984375,18983.701171875
14371.921875,13167.3984375,18983.701171875
14308.9814453125,13678.2216796875,19877.1015625
14771.81640625,13145.2763671875,18963.583984375
14655.927734375,13151.1845703125,18968.96875
#
14902.560546875,13068.3232421875,18820.05078125
14371.921875,13167.3984375,18983.701171875
14371.921875,13167.3984375,18983.701171875
14308.9814453125,13678.2216796875,19877.1015625
14771.81640625,13145.2763671875,18963.583984375
14655.927734375,13151.1845703125,18968.96875
#
14902.560546875,13068.3232421875,18820.05078125
14371.921875,13167.3984375,18983.701171875
14371.921875,13167.3984375,18983.701171875
14308.9814453125,13678.2216796875,19877.1015625
14771.81640625,13145.2763671875,18963.583984375
14655.927734375,13151.1845703125,18968.96875
#
14902.560546875,13068.3232421875,18820.05078125
14371.921875,13167.3984375,18983.701171875
14371.921875,13167.3984375,18983.701171875
14308.9814453125,13678.2216796875,19877.1015625
14771.81640625,13145.2763671875,18963.583984375
14655.927734375,13151.1845703125,18968.96875
#
14902.560546875,13068.3232421875,18820.05078125
14371.921875,13167.3984375,18983.701171875
14371.921875,13167.3984375,18983.701171875
14308.9814453125,13678.2216796875,19877.1015625
14771.81640625,13145.2763671875,18963.583984375
14655.927734375,13151.1845703125,18968.96875
#
14902.560546875,13068.3232421875,18820.05078125
14371.921875,13167.3984375,18983.701171875
14371.921875,13167.3984375,18983.701171875
14308.9814453125,13678.2216796875,19877.1015625
14771.81640625,13145.2763671875,18963.583984375
14655.927734375,13151.1845703125,18968.96875
#
14902.560546875,13068.3232421875,18820.05078125
14371.921875,13167.3984375,18983.701171875
14371.921875,13167.3984375,18983.701171875
14308.9814453125,13678.2216796875,19877.1015625
14771.81640625,13145.2763671875,18963.583984375
14655.927734375,13151.1845703125,18968.96875
#
14902.560546875,13068.3232421875,18820.05078125
14371.921875,13167.3984375,18983.701171875
14371.921875,13167.3984375,18983.701171875
14308.9814453125,13678.2216796875,19877.1015625
14771.81640625,13145.2763671875,18963.583984375
14655.927734375,13151.1845703125,18968.96875
#
14902.560546875,13068.3232421875,18820.05078125
14371.921875,13167.3984375,18983.701171875
14371.921875,13167.3984375,18983.701171875
14308.9814453125,13678.2216796875,19877.1015625
14771.81640625,13145.2763671875,18963.583984375
14655.927734375,13151.1845703125,18968.96875
#
14902.560546875,13068.3232421875,18820.05078125
14371.921875,13167.3984375,18983.701171875
14371.921875,13167.3984375,18983.701171875
14308.9814453125,13678.2216796875,19877.1015625
14771.81640625,13145.2763671875,18963.583984375
14655.927734375,13151.1845703125,18968.96875
#
14902.560546875,13068.3232421875,18820.05078125
14371.921875,13167.3984375,18983.701171875
14371.921875,13167.3984375,18983.701171875
14308.9814453125,13678.2216796875,19877.1015625
14771.81640625,13145.2763671875,18963.583984375
14655.927734375,13151.1845703125,18968.96875
#
14902.560546875,13068.3232421875,18820.05078125
14371.921875,13167.3984375,18983.701171875
14371.921875,13167.3984375,18983.701171875
14308.9814453125,13678.2216796875,19877.1015625
14771.81640625,13145.2763671875,18963.583984375
14655.927734375,13151.1845703125,18968.96875
#
14902.560546875,13068.3232421875,18820.05078125
14371.921875,13167.3984375,18983.701171875
14371.921875,13167.3984375,18983.701171875
14308.9814453125,13678.2216796875,19877.1015625
14771.81640625,13145.2763671875,18963.583984375
14655.927734375,13151.1845703125,18968.96875
#
14902.560546875,13068.3232421875,18820.05078125
14371.921875,13167.3984375,18983.701171875
14371.921875,13167.3984375,18983.701171875
14308.9814453125,13678.2216796875,19877.1015625
14771.81640625,13145.2763671875,18963.583984375
14655.927734375,13151.1845703125,18968.96875
#
14902.560546875,13068.3232421875,18820.05078125
14371.921875,13167.3984375,18983.701171875
14371.921875,13167.3984375,18983.701171875
14308.9814453125,13678.2216796875,19877.1015625
14771.81640625,13145.2763671875,18963.583984375
14655.927734375,13151.1845703125,18968.96875
#
14902.560546875,13068.3232421875,18820.05078125
14371.921875,13167.3984375,18983.701171875
14371.921875,13167.3984375,18983.701171875
14308.9814453125,13678.2216796875,19877.1015625
14771.81640625,13145.2763671875,18963.583984375
14655.927734375,13151.1845703125,18968.96875
#
14902.560546875,13068.3232421875,18820.05078125
14371.921875,13167.3984375,18983.701171875
14371.921875,13167.3984375,18983.701171875
14308.9814453125,13678.2216796875,19877.1015625
14771.81640625,13145.2763671875,18963.583984375
14655.927734375,13151.1845703125,18968.96875
#
14902.560546875,13068.3232421875,18820.05078125
14371.921875,13167.3984375,18983.701171875
14371.921875,13167.3984375,18983.701171875
14308.9814453125,13678.2216796875,19877.1015625
14771.81640625,13145.2763671875,18963.583984375
14655.927734375,13151.1845703125,18968.96875
#
14902.560546875,13068.3232421875,18820.05078125
14371.921875,13167.3984375,18983.701171875
14371.921875,13167.3984375,18983.701171875
14308.9814453125,13678.2216796875,19877.1015625
14771.81640625,13145.2763671875,18963.583984375
14655.927734375,13151.1845703125,18968.96875
#
14902.560546875,13068.3232421875,18820.05078125
14371.921875,13167.3984375,18983.701171875
14371.921875,13167.3984375,18983.701171875
14308.9814453125,13678.2216796875,19877.1015625
14771.81640625,13145.2763671875,18963.583984375
14655.927734375,13151.1845703125,18968.96875
#
14902.560546875,13068.3232421875,18820.05078125
14371.921875,13167.3984375,18983.701171875
14371.921875,13167.3984375,18983.701171875
14308.9814453125,13678.2216796875,19877.1015625
14771.81640625,13145.2763671875,18963.583984375
14655.927734375,13151.1845703125,18968.96875
#
14902.560546875,13068.3232421875,18820.05078125
14371.921875,13167.3984375,18983.701171875
14371.921875,13167.3984375,18983.701171875
14308.9814453125,13678.2216796875,19877.1015625
14771.81640625,13145.2763671875,18963.583984375
14655.927734375,13151.1845703125,18968.96875
#
14902.560546875,13068.3232421875,18820.05078125
14371.921875,13167.3984375,18983.701171875
14371.921875,13167.3984375,18983.701171875
14308.9814453125,13678.2216796875,19877.1015625
14771.81640625,13145.2763671875,18963.583984375
14655.927734375,13151.1845703125,18968.96875
#
14902.560546875,13068.3232421875,18820.05078125
14371.921875,13167.3984375,18983.701171875
14371.921875,13167.3984375,18983.701171875
14308.9814453125,13678.2216796875,19877.1015625
14771.81640625,13145.2763671875,18963.583984375
14655.927734375,13151.1845703125,18968.96875
#
14902.560546875,13068.3232421875,18820.05078125
14371.921875,13167.3984375,18983.701171875
14371.921875,13167.3984375,18983.701171875
14308.9814453125,13678.2216796875,19877.1015625
14771.81640625,13145.2763671875,18963.583984375
14655.927734375,13151.1845703125,18968.96875
#
14902.560546875,13068.3232421875,18820.05078125
14371.921875,13167.3984375,18983.701171875
14371.921875,13167.3984375,18983.701171875
14308.9814453125,13678.2216796875,19877.1015625
14771.81640625,13145.2763671875,18963.583984375
14655.927734375,13151.1845703125,18968.96875
#
14902.560546875,13068.3232421875,18820.05078125
14371.921875,13167.3984375,18983.701171875
14371.921875,13167.3984375,18983.701171875
14308.9814453125,13678.2216796875,19877.1015625
14771.81640625,13145.2763671875,18963.583984375
14655.927734375,13151.1845703125,18968.96875
#
14902.560546875,13068.3232421875,18820.05078125
14371.921875,13167.3984375,18983.701171875
14371.921875,13167.3984375,18983.701171875
14308.9814453125,13678.2216796875,19877.1015625
14771.81640625,13145.2763671875,18963.583984375
14655.927734375,13151.1845703125,18968.96875
#
14902.560546875,13068.3232421875,18820.05078125
14371.921875,13167.3984375,18983.701171875
14371.921875,13167.3984375,18983.701171875
14308.9814453125,13678.2216796875,19877.1015625
14771.81640625,13145.2763671875,18963.583984375
14655.927734375,13151.1845703125,18968.96875
#
14902.560546875,13068.3232421875,18820.05078125
14371.921875,13167.3984375,18983.701171875
14371.921875,13167.3984375,18983.701171875
14308.9814453125,13678.2216796875,19877.1015625
14771.81640625,13145.2763671875,18963.583984375
14655.927734375,13151.1845703125,18968.96875
#
14902.560546875,13068.3232421875,18820.05078125
14371.921875,13167.3984375,18983.701171875
14371.921875,13167.3984375,18983.701171875
14308.9814453125,13678.2216796875,19877.1015625
14771.81640625,13145.2763671875,18963.583984375
14655.927734375,13151.1845703125,18968.96875
#
14902.560546875,13068.3232421875,18820.05078125
14371.921875,13167.3984375,18983.701171875
14371.921875,13167.3984375,18983.701171875
14308.9814453125,13678.2216796875,19877.1015625
14771.81640625,13145.2763671875,18963.583984375
14655.927734375,13151.1845703125,18968.96875
#
14902.560546875,13068.3232421875,18820.05078125
14371.921875,13167.3984375,18983.701171875
14371.921875,13167.3984375,18983.701171875
14308.9814453125,13678.2216796875,19877.1015625
14771.81640625,13145.2763671875,18963.583984375
14655.927734375,13151.1845703125,18968.96875
#
14902.560546875,13068.3232421875,18820.05078125
14371.921875,13167.3984375,18983.701171875
14371.921875,13167.3984375,18983.701171875
14308.9814453125,13678.2216796875,19877.1015625
14771.81640625,13145.2763671875,18963.583984375
14655.927734375,13151.1845703125,18968.96875
#
14902.560546875,13068.3232421875,18820.05078125
14371.921875,13167.3984375,18983.701171875
14371.921875,13167.3984375,18983.701171875
14308.9814453125,13678.2216796875,19877.1015625
14771.81640625,13145.2763671875,18963.583984375
14655.927734375,13151.1845703125,18968.96875
#
14902.560546875,13068.3232421875,18820.05078125
14371.921875,13167.3984375,18983.701171875
14371.921875,13167.3984375,18983.701171875
14308.9814453125,13678.2216796875,19877.1015625
14771.81640625,13145.2763671875,18963.583984375
14655.927734375,13151.1845703125,18968.96875
#
14902.560546875,13068.3232421875,18820.05078125
14371.921875,13167.3984375,18983.701171875
14371.921875,13167.3984375,18983.701171875
14308.9814453125,13678.2216796875,19877.1015625
14771.81640625,13145.2763671875,18963.583984375
14655.927734375,13151.1845703125,18968.96875
#
14902.560546875,13068.3232421875,18820.05078125
14371.921875,13167.3984375,18983.701171875
14371.921875,13167.3984375,18983.701171875
14308.9814453125,13678.2216796875,19877.1015625
14771.81640625,13145.2763671875,18963.583984375
14655.927734375,13151.1845703125,18968.96875
#
14902.560546875,13068.3232421875,18820.05078125
14371.921875,13167.3984375,18983.701171875
14371.921875,13167.3984375,18983.701171875
14308.9814453125,13678.2216796875,19877.1015625
14771.81640625,13145.2763671875,18963.583984375
14655.927734375,13151.1845703125,18968.96875
#
14902.560546875,13068.3232421875,18820.05078125
14371.921875,13167.3984375,18983.701171875
14371.921875,13167.3984375,18983.701171875
14308.9814453125,13678.2216796875,19877.1015625
14771.81640625,13145.2763671875,18963.583984375
14655.927734375,13151.1845703125,18968.96875
#
14902.560546875,13068.3232421875,18820.05078125
14371.921875,13167.3984375,18983.701171875
14371.921875,13167.3984375,18983.701171875
14308.9814453125,13678.2216796875,19877.1015625
14771.81640625,13145.2763671875,18963.583984375
14655.927734375,13151.1845703125,18968.96875
#
14902.560546875,13068.3232421875,18820.05078125
14371.921875,13167.3984375,18983.701171875
14371.921875,13167.3984375,18983.701171875
14308.9814453125,13678.2216796875,19877.1015625
14771.81640625,13145.2763671875,18963.583984375
14655.927734375,13151.1845703125,18968.96875
#
14902.560546875,13068.3232421875,18820.05078125
14371.921875,13167.3984375,18983.701171875
14371.921875,13167.3984375,18983.701171875
14308.9814453125,13678.2216796875,19877.1015625
14771.81640625,13145.2763671875,18963.583984375
14655.927734375,13151.1845703125,18968.96875
#
14902.560546875,13068.3232421875,18820.05078125
14371.921875,13167.3984375,18983.701171875
14371.921875,13167.3984375,18983.701171875
14308.9814453125,13678.2216796875,19877.1015625
14771.81640625,13145.2763671875,18963.583984375
14655.927734375,13151.1845703125,18968.96875
#
14902.560546875,13068.3232421875,18820.05078125
14371.921875,13167.3984375,18983.701171875
14371.921875,13167.3984375,18983.701171875
14771.81640625,13145.2763671875,18963.583984375
14121.6044921875,13633.3115234375,19796.326171875
14655.927734375,13151.1845703125,18968.96875
#
14902.560546875,13068.3232421875,18820.05078125
14371.921875,13167.3984375,18983.701171875
14371.921875,13167.3984375,18983.701171875
14121.6044921875,13633.3115234375,19796.326171875
14771.81640625,13145.2763671875,18963.583984375
14655.927734375,13151.1845703125,18968.96875
#
14902.560546875,13068.3232421875,18820.05078125
14371.921875,13167.3984375,18983.701171875
14371.921875,13167.3984375,18983.701171875
14121.6044921875,13633.3115234375,19796.326171875
14771.81640625,13145.2763671875,18963.583984375
14655.927734375,13151.1845703125,18968.96875
#
14902.560546875,13068.3232421875,18820.05078125
14371.921875,13167.3984375,18983.701171875
14371.921875,13167.3984375,18983.701171875
14121.6044921875,13633.3115234375,19796.326171875
14771.81640625,13145.2763671875,18963.583984375
14655.927734375,13151.1845703125,18968.96875
#
14902.560546875,13068.3232421875,18820.05078125
14371.921875,13167.3984375,18983.701171875
14371.921875,13167.3984375,18983.701171875
14121.6044921875,13633.3115234375,19796.326171875
14771.81640625,13145.2763671875,18963.583984375
14655.927734375,13151.1845703125,18968.96875
#
14902.560546875,13068.3232421875,18820.05078125
14371.921875,13167.3984375,18983.701171875
14371.921875,13167.3984375,18983.701171875
14121.6044921875,13633.3115234375,19796.326171875
14771.81640625,13145.2763671875,18963.583984375
14655.927734375,13151.1845703125,18968.96875
#
14902.560546875,13068.3232421875,18820.05078125
14371.921875,13167.3984375,18983.701171875
14371.921875,13167.3984375,18983.701171875
14121.6044921875,13633.3115234375,19796.326171875
14771.81640625,13145.2763671875,18963.583984375
14655.927734375,13151.1845703125,18968.96875
#
14902.560546875,13068.3232421875,18820.05078125
14371.921875,13167.3984375,18983.701171875
14371.921875,13167.3984375,18983.701171875
14121.6044921875,13633.3115234375,19796.326171875
14771.81640625,13145.2763671875,18963.583984375
14655.927734375,13151.1845703125,18968.96875
#
14902.560546875,13068.3232421875,18820.05078125
14371.921875,13167.3984375,18983.701171875
14371.921875,13167.3984375,18983.701171875
14121.6044921875,13633.3115234375,19796.326171875
14771.81640625,13145.2763671875,18963.583984375
14655.927734375,13151.1845703125,18968.96875
#
14902.560546875,13068.3232421875,18820.05078125
14371.921875,13167.3984375,18983.701171875
14371.921875,13167.3984375,18983.701171875
14220.021484375,13186.1416015625,19018.126953125
14121.6044921875,13633.3115234375,19796.326171875
14771.81640625,13145.2763671875,18963.583984375
14655.927734375,13151.1845703125,18968.96875
#
14902.560546875,13068.3232421875,18820.05078125
14371.921875,13167.3984375,18983.701171875
14371.921875,13167.3984375,18983.701171875
14220.021484375,13186.1416015625,19018.126953125
14121.6044921875,13633.3115234375,19796.326171875
14771.81640625,13145.2763671875,18963.583984375
14655.927734375,13151.1845703125,18968.96875
#
14902.560546875,13068.3232421875,18820.05078125
14371.921875,13167.3984375,18983.701171875
14220.021484375,13186.1416015625,19018.126953125
14220.021484375,13186.1416015625,19018.126953125
14121.6044921875,13633.3115234375,19796.326171875
14771.81640625,13145.2763671875,18963.583984375
14655.927734375,13151.1845703125,18968.96875
#
14220.021484375,13186.1416015625,19018.126953125
14220.021484375,13186.1416015625,19018.126953125
14245.3876953125,12987.8818359375,18666.41015625
#
14220.021484375,13186.1416015625,19018.126953125
14245.3876953125,12987.8818359375,18666.41015625
14245.3876953125,12987.8818359375,18666.41015625
#
14245.3876953125,12987.8818359375,18666.41015625
14220.021484375,13186.1416015625,19018.126953125
14220.021484375,13186.1416015625,19018.126953125
#
14245.3876953125,12987.8818359375,18666.41015625
14220.021484375,13186.1416015625,19018.126953125
14220.021484375,13186.1416015625,19018.126953125
#
14426.33984375,12981.29296875,18660.384765625
14245.3876953125,12987.8818359375,18666.41015625
14245.3876953125,12987.8818359375,18666.41015625
14536.591796875,12971.56640625,18651.640625
14220.021484375,13186.1416015625,19018.126953125
14220.021484375,13186.1416015625,19018.126953125
14578.240234375,12962.55078125,18625.958984375
#
14245.3876953125,12987.8818359375,18666.41015625
14245.3876953125,12987.8818359375,18666.41015625
14220.021484375,13186.1416015625,19018.126953125
14220.021484375,13186.1416015625,19018.126953125
#
14397.287109375,12969.1396484375,18631.984375
14245.3876953125,12987.8818359375,18666.41015625
14245.3876953125,12987.8818359375,18666.41015625
14220.021484375,13186.1416015625,19018.126953125
14220.021484375,13186.1416015625,19018.126953125
#
14397.287109375,12969.1396484375,18631.984375
14245.3876953125,12987.8818359375,18666.41015625
14245.3876953125,12987.8818359375,18666.41015625
14220.021484375,13186.1416015625,19018.126953125
14220.021484375,13186.1416015625,19018.126953125
#
14397.287109375,12969.1396484375,18631.984375
14245.3876953125,12987.8818359375,18666.41015625
14245.3876953125,12987.8818359375,18666.41015625
14220.021484375,13186.1416015625,19018.126953125
14220.021484375,13186.1416015625,19018.126953125
#
14397.287109375,12969.1396484375,18631.984375
14245.3876953125,12987.8818359375,18666.41015625
14245.3876953125,12987.8818359375,18666.41015625
14220.021484375,13186.1416015625,19018.126953125
14220.021484375,13186.1416015625,19018.126953125
#
14397.287109375,12969.1396484375,18631.984375
14245.3876953125,12987.8818359375,18666.41015625
14245.3876953125,12987.8818359375,18666.41015625
14220.021484375,13186.1416015625,19018.126953125
14220.021484375,13186.1416015625,19018.126953125
#
14397.287109375,12969.1396484375,18631.984375
14245.3876953125,12987.8818359375,18666.41015625
14245.3876953125,12987.8818359375,18666.41015625
14220.021484375,13186.1416015625,19018.126953125
14220.021484375,13186.1416015625,19018.126953125
#
14397.287109375,12969.1396484375,18631.984375
14245.3876953125,12987.8818359375,18666.41015625
14245.3876953125,12987.8818359375,18666.41015625
14220.021484375,13186.1416015625,19018.126953125
14220.021484375,13186.1416015625,19018.126953125
#
14397.287109375,12969.1396484375,18631.984375
14245.3876953125,12987.8818359375,18666.41015625
14245.3876953125,12987.8818359375,18666.41015625
14220.021484375,13186.1416015625,19018.126953125
14220.021484375,13186.1416015625,19018.126953125
#
14397.287109375,12969.1396484375,18631.984375
14245.3876953125,12987.8818359375,18666.41015625
14245.3876953125,12987.8818359375,18666.41015625
14220.021484375,13186.1416015625,19018.126953125
14220.021484375,13186.1416015625,19018.126953125
#
14397.287109375,12969.1396484375,18631.984375
14245.3876953125,12987.8818359375,18666.41015625
14245.3876953125,12987.8818359375,18666.41015625
14220.021484375,13186.1416015625,19018.126953125
14220.021484375,13186.1416015625,19018.126953125
#
14397.287109375,12969.1396484375,18631.984375
14245.3876953125,12987.8818359375,18666.41015625
14245.3876953125,12987.8818359375,18666.41015625
14220.021484375,13186.1416015625,19018.126953125
14220.021484375,13186.1416015625,19018.126953125
#
14397.287109375,12969.1396484375,18631.984375
14245.3876953125,12987.8818359375,18666.41015625
14245.3876953125,12987.8818359375,18666.41015625
14220.021484375,13186.1416015625,19018.126953125
14220.021484375,13186.1416015625,19018.126953125
#
14397.287109375,12969.1396484375,18631.984375
14245.3876953125,12987.8818359375,18666.41015625
14245.3876953125,12987.8818359375,18666.41015625
14220.021484375,13186.1416015625,19018.126953125
14220.021484375,13186.1416015625,19018.126953125
#
14397.287109375,12969.1396484375,18631.984375
14245.3876953125,12987.8818359375,18666.41015625
14245.3876953125,12987.8818359375,18666.41015625
14220.021484375,13186.1416015625,19018.126953125
14220.021484375,13186.1416015625,19018.126953125
#
14397.287109375,12969.1396484375,18631.984375
14245.3876953125,12987.8818359375,18666.41015625
14245.3876953125,12987.8818359375,18666.41015625
14220.021484375,13186.1416015625,19018.126953125
14220.021484375,13186.1416015625,19018.126953125
#
14397.287109375,12969.1396484375,18631.984375
14245.3876953125,12987.8818359375,18666.41015625
14245.3876953125,12987.8818359375,18666.41015625
14220.021484375,13186.1416015625,19018.126953125
14220.021484375,13186.1416015625,19018.126953125
#
14397.287109375,12969.1396484375,18631.984375
14245.3876953125,12987.8818359375,18666.41015625
14245.3876953125,12987.8818359375,18666.41015625
14220.021484375,13186.1416015625,19018.126953125
14220.021484375,13186.1416015625,19018.126953125
#
14397.287109375,12969.1396484375,18631.984375
14245.3876953125,12987.8818359375,18666.41015625
14245.3876953125,12987.8818359375,18666.41015625
14220.021484375,13186.1416015625,19018.126953125
14220.021484375,13186.1416015625,19018.126953125
#
14397.287109375,12969.1396484375,18631.984375
14245.3876953125,12987.8818359375,18666.41015625
14245.3876953125,12987.8818359375,18666.41015625
14220.021484375,13186.1416015625,19018.126953125
14220.021484375,13186.1416015625,19018.126953125
#
14397.287109375,12969.1396484375,18631.984375
14245.3876953125,12987.8818359375,18666.41015625
14245.3876953125,12987.8818359375,18666.41015625
14220.021484375,13186.1416015625,19018.126953125
14220.021484375,13186.1416015625,19018.126953125
#
14397.287109375,12969.1396484375,18631.984375
14245.3876953125,12987.8818359375,18666.41015625
14245.3876953125,12987.8818359375,18666.41015625
14220.021484375,13186.1416015625,19018.126953125
14220.021484375,13186.1416015625,19018.126953125
#
14397.287109375,12969.1396484375,18631.984375
14245.3876953125,12987.8818359375,18666.41015625
14245.3876953125,12987.8818359375,18666.41015625
14220.021484375,13186.1416015625,19018.126953125
14220.021484375,13186.1416015625,19018.126953125
#
14397.287109375,12969.1396484375,18631.984375
14245.3876953125,12987.8818359375,18666.41015625
14245.3876953125,12987.8818359375,18666.41015625
14220.021484375,13186.1416015625,19018.126953125
14220.021484375,13186.1416015625,19018.126953125
#
14397.287109375,12969.1396484375,18631.984375
14245.3876953125,12987.8818359375,18666.41015625
14245.3876953125,12987.8818359375,18666.41015625
14220.021484375,13186.1416015625,19018.126953125
14220.021484375,13186.1416015625,19018.126953125
#
14397.287109375,12969.1396484375,18631.984375
14245.3876953125,12987.8818359375,18666.41015625
14245.3876953125,12987.8818359375,18666.41015625
14220.021484375,13186.1416015625,19018.126953125
14220.021484375,13186.1416015625,19018.126953125
#
14397.287109375,12969.1396484375,18631.984375
14245.3876953125,12987.8818359375,18666.41015625
14245.3876953125,12987.8818359375,18666.41015625
14220.021484375,13186.1416015625,19018.126953125
14220.021484375,13186.1416015625,19018.126953125
#
14397.287109375,12969.1396484375,18631.984375
14245.3876953125,12987.8818359375,18666.41015625
14245.3876953125,12987.8818359375,18666.41015625
14220.021484375,13186.1416015625,19018.126953125
14220.021484375,13186.1416015625,19018.126953125
#
14397.287109375,12969.1396484375,18631.984375
14245.3876953125,12987.8818359375,18666.41015625
14245.3876953125,12987.8818359375,18666.41015625
14220.021484375,13186.1416015625,19018.126953125
14220.021484375,13186.1416015625,19018.126953125
#
14397.287109375,12969.1396484375,18631.984375
14245.3876953125,12987.8818359375,18666.41015625
14245.3876953125,12987.8818359375,18666.41015625
14220.021484375,13186.1416015625,19018.126953125
14220.021484375,13186.1416015625,19018.126953125
#
14397.287109375,12969.1396484375,18631.984375
14245.3876953125,12987.8818359375,18666.41015625
14245.3876953125,12987.8818359375,18666.41015625
14220.021484375,13186.1416015625,19018.126953125
14220.021484375,13186.1416015625,19018.126953125
#
14397.287109375,12969.1396484375,18631.984375
14245.3876953125,12987.8818359375,18666.41015625
14245.3876953125,12987.8818359375,18666.41015625
14220.021484375,13186.1416015625,19018.126953125
14220.021484375,13186.1416015625,19018.126953125
#
14397.287109375,12969.1396484375,18631.984375
14245.3876953125,12987.8818359375,18666.41015625
14245.3876953125,12987.8818359375,18666.41015625
14220.021484375,13186.1416015625,19018.126953125
14220.021484375,13186.1416015625,19018.126953125
#
14397.287109375,12969.1396484375,18631.984375
14245.3876953125,12987.8818359375,18666.41015625
14245.3876953125,12987.8818359375,18666.41015625
14220.021484375,13186.1416015625,19018.126953125
14220.021484375,13186.1416015625,19018.126953125
#
14397.287109375,12969.1396484375,18631.984375
14245.3876953125,12987.8818359375,18666.41015625
14245.3876953125,12987.8818359375,18666.41015625
14220.021484375,13186.1416015625,19018.126953125
14220.021484375,13186.1416015625,19018.126953125
#
14397.287109375,12969.1396484375,18631.984375
14245.3876953125,12987.8818359375,18666.41015625
14245.3876953125,12987.8818359375,18666.41015625
14220.021484375,13186.1416015625,19018.126953125
14220.021484375,13186.1416015625,19018.126953125
#
14397.287109375,12969.1396484375,18631.984375
14245.3876953125,12987.8818359375,18666.41015625
14245.3876953125,12987.8818359375,18666.41015625
14220.021484375,13186.1416015625,19018.126953125
14220.021484375,13186.1416015625,19018.126953125
#
14397.287109375,12969.1396484375,18631.984375
14245.3876953125,12987.8818359375,18666.41015625
14245.3876953125,12987.8818359375,18666.41015625
14220.021484375,13186.1416015625,19018.126953125
14220.021484375,13186.1416015625,19018.126953125
#
14397.287109375,12969.1396484375,18631.984375
14245.3876953125,12987.8818359375,18666.41015625
14245.3876953125,12987.8818359375,18666.41015625
14220.021484375,13186.1416015625,19018.126953125
14220.021484375,13186.1416015625,19018.126953125
#
14397.287109375,12969.1396484375,18631.984375
14245.3876953125,12987.8818359375,18666.41015625
14245.3876953125,12987.8818359375,18666.41015625
14220.021484375,13186.1416015625,19018.126953125
14220.021484375,13186.1416015625,19018.126953125
#
14397.287109375,12969.1396484375,18631.984375
14245.3876953125,12987.8818359375,18666.41015625
14245.3876953125,12987.8818359375,18666.41015625
14220.021484375,13186.1416015625,19018.126953125
14220.021484375,13186.1416015625,19018.126953125
#
14397.287109375,12969.1396484375,18631.984375
14245.3876953125,12987.8818359375,18666.41015625
14245.3876953125,12987.8818359375,18666.41015625
14220.021484375,13186.1416015625,19018.126953125
14220.021484375,13186.1416015625,19018.126953125
#
14397.287109375,12969.1396484375,18631.984375
14245.3876953125,12987.8818359375,18666.41015625
14245.3876953125,12987.8818359375,18666.41015625
14220.021484375,13186.1416015625,19018.126953125
14220.021484375,13186.1416015625,19018.126953125
#
14397.287109375,12969.1396484375,18631.984375
14245.3876953125,12987.8818359375,18666.41015625
14245.3876953125,12987.8818359375,18666.41015625
14220.021484375,13186.1416015625,19018.126953125
14220.021484375,13186.1416015625,19018.126953125
#
14397.287109375,12969.1396484375,18631.984375
14245.3876953125,12987.8818359375,18666.41015625
14245.3876953125,12987.8818359375,18666.41015625
14220.021484375,13186.1416015625,19018.126953125
14220.021484375,13186.1416015625,19018.126953125
#
14397.287109375,12969.1396484375,18631.984375
14245.3876953125,12987.8818359375,18666.41015625
14245.3876953125,12987.8818359375,18666.41015625
14220.021484375,13186.1416015625,19018.126953125
14220.021484375,13186.1416015625,19018.126953125
#
14397.287109375,12969.1396484375,18631.984375
14245.3876953125,12987.8818359375,18666.41015625
14245.3876953125,12987.8818359375,18666.41015625
14220.021484375,13186.1416015625,19018.126953125
14220.021484375,13186.1416015625,19018.126953125
#
14397.287109375,12969.1396484375,18631.984375
14245.3876953125,12987.8818359375,18666.41015625
14245.3876953125,12987.8818359375,18666.41015625
14220.021484375,13186.1416015625,19018.126953125
14220.021484375,13186.1416015625,19018.126953125
#
14397.287109375,12969.1396484375,18631.984375
14245.3876953125,12987.8818359375,18666.41015625
14245.3876953125,12987.8818359375,18666.41015625
14220.021484375,13186.1416015625,19018.126953125
14220.021484375,13186.1416015625,19018.126953125
#
14397.287109375,12969.1396484375,18631.984375
14245.3876953125,12987.8818359375,18666.41015625
14245.3876953125,12987.8818359375,18666.41015625
14220.021484375,13186.1416015625,19018.126953125
14220.021484375,13186.1416015625,19018.126953125
#
14397.287109375,12969.1396484375,18631.984375
14245.3876953125,12987.8818359375,18666.41015625
14245.3876953125,12987.8818359375,18666.41015625
14220.021484375,13186.1416015625,19018.126953125
14220.021484375,13186.1416015625,19018.126953125
#
14397.287109375,12969.1396484375,18631.984375
14245.3876953125,12987.8818359375,18666.41015625
14245.3876953125,12987.8818359375,18666.41015625
14220.021484375,13186.1416015625,19018.126953125
14220.021484375,13186.1416015625,19018.126953125
#
14397.287109375,12969.1396484375,18631.984375
14245.3876953125,12987.8818359375,18666.41015625
14245.3876953125,12987.8818359375,18666.41015625
14220.021484375,13186.1416015625,19018.126953125
14220.021484375,13186.1416015625,19018.126953125
#
14397.287109375,12969.1396484375,18631.984375
14245.3876953125,12987.8818359375,18666.41015625
14245.3876953125,12987.8818359375,18666.41015625
14220.021484375,13186.1416015625,19018.126953125
14220.021484375,13186.1416015625,19018.126953125
#
14397.287109375,12969.1396484375,18631.984375
14245.3876953125,12987.8818359375,18666.41015625
14245.3876953125,12987.8818359375,18666.41015625
14220.021484375,13186.1416015625,19018.126953125
14220.021484375,13186.1416015625,19018.126953125
#
14397.287109375,12969.1396484375,18631.984375
14245.3876953125,12987.8818359375,18666.41015625
14245.3876953125,12987.8818359375,18666.41015625
14220.021484375,13186.1416015625,19018.126953125
14220.021484375,13186.1416015625,19018.126953125
#
14397.287109375,12969.1396484375,18631.984375
14245.3876953125,12987.8818359375,18666.41015625
14245.3876953125,12987.8818359375,18666.41015625
14220.021484375,13186.1416015625,19018.126953125
14220.021484375,13186.1416015625,19018.126953125
#
14397.287109375,12969.1396484375,18631.984375
14245.3876953125,12987.8818359375,18666.41015625
14245.3876953125,12987.8818359375,18666.41015625
14220.021484375,13186.1416015625,19018.126953125
14220.021484375,13186.1416015625,19018.126953125
#
14397.287109375,12969.1396484375,18631.984375
14245.3876953125,12987.8818359375,18666.41015625
14245.3876953125,12987.8818359375,18666.41015625
14220.021484375,13186.1416015625,19018.126953125
14220.021484375,13186.1416015625,19018.126953125
#
14397.287109375,12969.1396484375,18631.984375
14245.3876953125,12987.8818359375,18666.41015625
14245.3876953125,12987.8818359375,18666.41015625
14220.021484375,13186.1416015625,19018.126953125
14220.021484375,13186.1416015625,19018.126953125
#
14397.287109375,12969.1396484375,18631.984375
14245.3876953125,12987.8818359375,18666.41015625
14245.3876953125,12987.8818359375,18666.41015625
14220.021484375,13186.1416015625,19018.126953125
14220.021484375,13186.1416015625,19018.126953125
#
14397.287109375,12969.1396484375,18631.984375
14245.3876953125,12987.8818359375,18666.41015625
14245.3876953125,12987.8818359375,18666.41015625
14220.021484375,13186.1416015625,19018.126953125
14220.021484375,13186.1416015625,19018.126953125
#
14397.287109375,12969.1396484375,18631.984375
14245.3876953125,12987.8818359375,18666.41015625
14245.3876953125,12987.8818359375,18666.41015625
14220.021484375,13186.1416015625,19018.126953125
14220.021484375,13186.1416015625,19018.126953125
#
14397.287109375,12969.1396484375,18631.984375
14245.3876953125,12987.8818359375,18666.41015625
14245.3876953125,12987.8818359375,18666.41015625
14220.021484375,13186.1416015625,19018.126953125
14220.021484375,13186.1416015625,19018.126953125
#
14397.287109375,12969.1396484375,18631.984375
14245.3876953125,12987.8818359375,18666.41015625
14245.3876953125,12987.8818359375,18666.41015625
14220.021484375,13186.1416015625,19018.126953125
14220.021484375,13186.1416015625,19018.126953125
#
14397.287109375,12969.1396484375,18631.984375
14245.3876953125,12987.8818359375,18666.41015625
14245.3876953125,12987.8818359375,18666.41015625
14220.021484375,13186.1416015625,19018.126953125
14220.021484375,13186.1416015625,19018.126953125
#
14397.287109375,12969.1396484375,18631.984375
14245.3876953125,12987.8818359375,18666.41015625
14245.3876953125,12987.8818359375,18666.41015625
14220.021484375,13186.1416015625,19018.126953125
14220.021484375,13186.1416015625,19018.126953125
#
14397.287109375,12969.1396484375,18631.984375
14245.3876953125,12987.8818359375,18666.41015625
14245.3876953125,12987.8818359375,18666.41015625
14220.021484375,13186.1416015625,19018.126953125
14220.021484375,13186.1416015625,19018.126953125
#
14397.287109375,12969.1396484375,18631.984375
14245.3876953125,12987.8818359375,18666.41015625
14245.3876953125,12987.8818359375,18666.41015625
14220.021484375,13186.1416015625,19018.126953125
14220.021484375,13186.1416015625,19018.126953125
#
14397.287109375,12969.1396484375,18631.984375
14245.3876953125,12987.8818359375,18666.41015625
14245.3876953125,12987.8818359375,18666.41015625
14220.021484375,13186.1416015625,19018.126953125
14220.021484375,13186.1416015625,19018.126953125
#
14397.287109375,12969.1396484375,18631.984375
14245.3876953125,12987.8818359375,18666.41015625
14245.3876953125,12987.8818359375,18666.41015625
14220.021484375,13186.1416015625,19018.126953125
14220.021484375,13186.1416015625,19018.126953125
#
14397.287109375,12969.1396484375,18631.984375
14245.3876953125,12987.8818359375,18666.41015625
14245.3876953125,12987.8818359375,18666.41015625
14220.021484375,13186.1416015625,19018.126953125
14220.021484375,13186.1416015625,19018.126953125
#
14397.287109375,12969.1396484375,18631.984375
14245.3876953125,12987.8818359375,18666.41015625
14245.3876953125,12987.8818359375,18666.41015625
14220.021484375,13186.1416015625,19018.126953125
14220.021484375,13186.1416015625,19018.126953125
#
14397.287109375,12969.1396484375,18631.984375
14245.3876953125,12987.8818359375,18666.41015625
14245.3876953125,12987.8818359375,18666.41015625
14220.021484375,13186.1416015625,19018.126953125
14220.021484375,13186.1416015625,19018.126953125
