#
18694.26171875,14159.3310546875,20788.228515625
16099.4296875,18048.73046875,27692.80859375
15206.60546875,19036.009765625,29190.966796875
#
18694.26171875,14159.3310546875,20788.228515625
16714.296875,15717.1005859375,23560.9765625
15832.8603515625,17885.0703125,27363.361328125
15206.60546875,19036.009765625,29190.966796875
#
14417.1396484375,22796.271484375,35856.9375
15350.8837890625,21366.41796875,33171.140625
15242.68359375,21524.89453125,33193.44921875
15802.6474609375,20398.046875,31547.962890625
18694.26171875,14159.3310546875,20788.228515625
15593.4677734375,20426.21875,31501.638671875
16714.296875,15717.1005859375,23560.9765625
15404.826171875,21278.634765625,33135.28125
15832.8603515625,17885.0703125,27363.361328125
#
15350.8837890625,21366.41796875,33171.140625
15242.68359375,21524.89453125,33193.44921875
15802.6474609375,20398.046875,31547.962890625
18694.26171875,14159.3310546875,20788.228515625
15593.4677734375,20426.21875,31501.638671875
16714.296875,15717.1005859375,23560.9765625
15404.826171875,21278.634765625,33135.28125
15832.8603515625,17885.0703125,27363.361328125
#
15802.6474609375,20398.046875,31547.962890625
18694.26171875,14159.3310546875,20788.228515625
15593.4677734375,20426.21875,31501.638671875
16714.296875,15717.1005859375,23560.9765625
15404.826171875,21278.634765625,33135.28125
15832.8603515625,17885.0703125,27363.361328125
#
15327.1865234375,20351.197265625,31504.978515625
18694.26171875,14159.3310546875,20788.228515625
16570.2265625,17438.166015625,26267.869140625
16714.296875,15717.1005859375,23560.9765625
15832.8603515625,17885.0703125,27363.361328125
15397.7109375,18428.474609375,28179.080078125
#
18694.26171875,14159.3310546875,20788.228515625
16714.296875,15717.1005859375,23560.9765625
15397.7109375,18428.474609375,28179.080078125
15397.544921875,21698.779296875,33550.60546875
15399.1875,17129.845703125,25967.80078125
#
16714.296875,15717.1005859375,23560.9765625
18694.26171875,14159.3310546875,20788.228515625
15397.7109375,18428.474609375,28179.080078125
15399.1875,17129.845703125,25967.80078125
15270.134765625,21268.591796875,32952.48828125
#
16714.296875,15717.1005859375,23560.9765625
18694.26171875,14159.3310546875,20788.228515625
15397.7109375,18428.474609375,28179.080078125
15399.1875,17129.845703125,25967.80078125
15270.134765625,21268.591796875,32952.48828125
#
15191.048828125,20851.533203125,32387.787109375
16714.296875,15717.1005859375,23560.9765625
15397.7109375,18428.474609375,28179.080078125
18694.26171875,14159.3310546875,20788.228515625
15252.7978515625,20325.76953125,31325.900390625
15399.1875,17129.845703125,25967.80078125
#
16714.296875,15717.1005859375,23560.9765625
15397.7109375,18428.474609375,28179.080078125
18694.26171875,14159.3310546875,20788.228515625
15399.1875,17129.845703125,25967.80078125
15270.134765625,21268.591796875,32952.48828125
#
16642.439453125,15964.560546875,23909.451171875
16714.296875,15717.1005859375,23560.9765625
18694.26171875,14159.3310546875,20788.228515625
15122.3388671875,16546.66796875,24958.689453125
#
16642.439453125,15964.560546875,23909.451171875
16714.296875,15717.1005859375,23560.9765625
18694.26171875,14159.3310546875,20788.228515625
15122.3388671875,16546.66796875,24958.689453125
#
16714.296875,15717.1005859375,23560.9765625
16194.2822265625,15916.9267578125,23878.83203125
18694.26171875,14159.3310546875,20788.228515625
15122.3388671875,16546.66796875,24958.689453125
#
16714.296875,15717.1005859375,23560.9765625
16194.2822265625,15916.9267578125,23878.83203125
18694.26171875,14159.3310546875,20788.228515625
15122.3388671875,16546.66796875,24958.689453125
#
16714.296875,15717.1005859375,23560.9765625
16194.2822265625,15916.9267578125,23878.83203125
18694.26171875,14159.3310546875,20788.228515625
17721.052734375,15284.8447265625,22874.60546875
16976.58203125,15460.5322265625,23083.955078125
15122.3388671875,16546.66796875,24958.689453125
#
16714.296875,15717.1005859375,23560.9765625
16194.2822265625,15916.9267578125,23878.83203125
18694.26171875,14159.3310546875,20788.228515625
17721.052734375,15284.8447265625,22874.60546875
16976.58203125,15460.5322265625,23083.955078125
15122.3388671875,16546.66796875,24958.689453125
#
16714.296875,15717.1005859375,23560.9765625
16194.2822265625,15916.9267578125,23878.83203125
18694.26171875,14159.3310546875,20788.228515625
17721.052734375,15284.8447265625,22874.60546875
16976.58203125,15460.5322265625,23083.955078125
15122.3388671875,16546.66796875,24958.689453125
#
16714.296875,15717.1005859375,23560.9765625
16194.2822265625,15916.9267578125,23878.83203125
18694.26171875,14159.3310546875,20788.228515625
17721.052734375,15284.8447265625,22874.60546875
16976.58203125,15460.5322265625,23083.955078125
15122.3388671875,16546.66796875,24958.689453125
#
16714.296875,15717.1005859375,23560.9765625
16194.2822265625,15916.9267578125,23878.83203125
18694.26171875,14159.3310546875,20788.228515625
17721.052734375,15284.8447265625,22874.60546875
16976.58203125,15460.5322265625,23083.955078125
15122.3388671875,16546.66796875,24958.689453125
#
16714.296875,15717.1005859375,23560.9765625
16194.2822265625,15916.9267578125,23878.83203125
18694.26171875,14159.3310546875,20788.228515625
17721.052734375,15284.8447265625,22874.60546875
16976.58203125,15460.5322265625,23083.955078125
15103.3818359375,18783.529296875,28855.078125
15122.3388671875,16546.66796875,24958.689453125
#
16714.296875,15717.1005859375,23560.9765625
16024.5,16127.3662109375,24329.75
16194.2822265625,15916.9267578125,23878.83203125
18694.26171875,14159.3310546875,20788.228515625
17721.052734375,15284.8447265625,22874.60546875
16976.58203125,15460.5322265625,23083.955078125
15122.3388671875,16546.66796875,24958.689453125
#
16714.296875,15717.1005859375,23560.9765625
16024.5,16127.3662109375,24329.75
16194.2822265625,15916.9267578125,23878.83203125
15122.3388671875,16546.66796875,24958.689453125
18694.26171875,14159.3310546875,20788.228515625
17721.052734375,15284.8447265625,22874.60546875
16976.58203125,15460.5322265625,23083.955078125
14840.34765625,19452.607421875,29875.84765625
#
16714.296875,15717.1005859375,23560.9765625
16024.5,16127.3662109375,24329.75
16194.2822265625,15916.9267578125,23878.83203125
15122.3388671875,16546.66796875,24958.689453125
18694.26171875,14159.3310546875,20788.228515625
17721.052734375,15284.8447265625,22874.60546875
16976.58203125,15460.5322265625,23083.955078125
14840.34765625,19452.607421875,29875.84765625
#
16714.296875,15717.1005859375,23560.9765625
16024.5,16127.3662109375,24329.75
16194.2822265625,15916.9267578125,23878.83203125
15122.3388671875,16546.66796875,24958.689453125
18694.26171875,14159.3310546875,20788.228515625
17721.052734375,15284.8447265625,22874.60546875
16976.58203125,15460.5322265625,23083.955078125
14840.34765625,19452.607421875,29875.84765625
#
16714.296875,15717.1005859375,23560.9765625
16194.2822265625,15916.9267578125,23878.83203125
16024.5,16127.3662109375,24329.75
15122.3388671875,16546.66796875,24958.689453125
18694.26171875,14159.3310546875,20788.228515625
17721.052734375,15284.8447265625,22874.60546875
16976.58203125,15460.5322265625,23083.955078125
14840.34765625,19452.607421875,29875.84765625
#
16714.296875,15717.1005859375,23560.9765625
16194.2822265625,15916.9267578125,23878.83203125
16024.5,16127.3662109375,24329.75
15122.3388671875,16546.66796875,24958.689453125
18694.26171875,14159.3310546875,20788.228515625
17721.052734375,15284.8447265625,22874.60546875
16976.58203125,15460.5322265625,23083.955078125
14840.34765625,19452.607421875,29875.84765625
#
16714.296875,15717.1005859375,23560.9765625
16194.2822265625,15916.9267578125,23878.83203125
16024.5,16127.3662109375,24329.75
18694.26171875,14159.3310546875,20788.228515625
17721.052734375,15284.8447265625,22874.60546875
16976.58203125,15460.5322265625,23083.955078125
14477.1005859375,16533.9921875,24827.236328125
#
16714.296875,15717.1005859375,23560.9765625
14477.1005859375,16533.9921875,24827.236328125
16024.5,16127.3662109375,24329.75
18694.26171875,14159.3310546875,20788.228515625
16976.58203125,15460.5322265625,23083.955078125
16052.2919921875,15913.5625,23865.330078125
17721.052734375,15284.8447265625,22874.60546875
#
16714.296875,15717.1005859375,23560.9765625
14477.1005859375,16533.9921875,24827.236328125
16024.5,16127.3662109375,24329.75
18694.26171875,14159.3310546875,20788.228515625
16976.58203125,15460.5322265625,23083.955078125
16052.2919921875,15913.5625,23865.330078125
17721.052734375,15284.8447265625,22874.60546875
#
16714.296875,15717.1005859375,23560.9765625
14477.1005859375,16533.9921875,24827.236328125
16024.5,16127.3662109375,24329.75
18694.26171875,14159.3310546875,20788.228515625
16976.58203125,15460.5322265625,23083.955078125
16052.2919921875,15913.5625,23865.330078125
17721.052734375,15284.8447265625,22874.60546875
#
17785.720703125,15073.435546875,22388.4140625
16714.296875,15717.1005859375,23560.9765625
14477.1005859375,16533.9921875,24827.236328125
18694.26171875,14159.3310546875,20788.228515625
16976.58203125,15460.5322265625,23083.955078125
16024.5,16127.3662109375,24329.75
16052.2919921875,15913.5625,23865.330078125
17721.052734375,15284.8447265625,22874.60546875
#
17785.720703125,15073.435546875,22388.4140625
16714.296875,15717.1005859375,23560.9765625
16714.296875,15717.1005859375,23560.9765625
18694.26171875,14159.3310546875,20788.228515625
16976.58203125,15460.5322265625,23083.955078125
16052.2919921875,15913.5625,23865.330078125
17721.052734375,15284.8447265625,22874.60546875
14391.5732421875,16118.4482421875,24190.09375
#
17785.720703125,15073.435546875,22388.4140625
16714.296875,15717.1005859375,23560.9765625
16714.296875,15717.1005859375,23560.9765625
18694.26171875,14159.3310546875,20788.228515625
16976.58203125,15460.5322265625,23083.955078125
16052.2919921875,15913.5625,23865.330078125
17721.052734375,15284.8447265625,22874.60546875
14391.5732421875,16118.4482421875,24190.09375
#
17785.720703125,15073.435546875,22388.4140625
16714.296875,15717.1005859375,23560.9765625
16714.296875,15717.1005859375,23560.9765625
15425.5908203125,16042.23046875,24157.37109375
18694.26171875,14159.3310546875,20788.228515625
16052.2919921875,15913.5625,23865.330078125
16976.58203125,15460.5322265625,23083.955078125
17721.052734375,15284.8447265625,22874.60546875
14391.5732421875,16118.4482421875,24190.09375
#
17785.720703125,15073.435546875,22388.4140625
16714.296875,15717.1005859375,23560.9765625
16714.296875,15717.1005859375,23560.9765625
15425.5908203125,16042.23046875,24157.37109375
18694.26171875,14159.3310546875,20788.228515625
16052.2919921875,15913.5625,23865.330078125
16976.58203125,15460.5322265625,23083.955078125
17721.052734375,15284.8447265625,22874.60546875
14391.5732421875,16118.4482421875,24190.09375
#
17785.720703125,15073.435546875,22388.4140625
16714.296875,15717.1005859375,23560.9765625
16714.296875,15717.1005859375,23560.9765625
15425.5908203125,16042.23046875,24157.37109375
18694.26171875,14159.3310546875,20788.228515625
16052.2919921875,15913.5625,23865.330078125
16976.58203125,15460.5322265625,23083.955078125
17721.052734375,15284.8447265625,22874.60546875
14391.5732421875,16118.4482421875,24190.09375
#
17785.720703125,15073.435546875,22388.4140625
16714.296875,15717.1005859375,23560.9765625
16714.296875,15717.1005859375,23560.9765625
15425.5908203125,16042.23046875,24157.37109375
18694.26171875,14159.3310546875,20788.228515625
16052.2919921875,15913.5625,23865.330078125
16976.58203125,15460.5322265625,23083.955078125
17721.052734375,15284.8447265625,22874.60546875
14391.5732421875,16118.4482421875,24190.09375
#
17785.720703125,15073.435546875,22388.4140625
15714.14453125,15557.4140625,23231.78125
15425.5908203125,16042.23046875,24157.37109375
18694.26171875,14159.3310546875,20788.228515625
16976.58203125,15460.5322265625,23083.955078125
17721.052734375,15284.8447265625,22874.60546875
14391.5732421875,16118.4482421875,24190.09375
#
17785.720703125,15073.435546875,22388.4140625
15714.14453125,15557.4140625,23231.78125
15425.5908203125,16042.23046875,24157.37109375
18694.26171875,14159.3310546875,20788.228515625
16976.58203125,15460.5322265625,23083.955078125
14391.5732421875,16118.4482421875,24190.09375
#
17785.720703125,15073.435546875,22388.4140625
15714.14453125,15557.4140625,23231.78125
14851.6337890625,15864.9189453125,23656.724609375
18694.26171875,14159.3310546875,20788.228515625
16976.58203125,15460.5322265625,23083.955078125
14391.5732421875,16118.4482421875,24190.09375
#
17785.720703125,15073.435546875,22388.4140625
15714.14453125,15557.4140625,23231.78125
14851.6337890625,15864.9189453125,23656.724609375
18694.26171875,14159.3310546875,20788.228515625
16976.58203125,15460.5322265625,23083.955078125
14391.5732421875,16118.4482421875,24190.09375
#
15714.14453125,15557.4140625,23231.78125
14851.6337890625,15864.9189453125,23656.724609375
18694.26171875,14159.3310546875,20788.228515625
16933.953125,14724.921875,21838.4921875
14391.5732421875,16118.4482421875,24190.09375
#
15714.14453125,15557.4140625,23231.78125
14851.6337890625,15864.9189453125,23656.724609375
18694.26171875,14159.3310546875,20788.228515625
16933.953125,14724.921875,21838.4921875
14391.5732421875,16118.4482421875,24190.09375
#
15714.14453125,15557.4140625,23231.78125
14851.6337890625,15864.9189453125,23656.724609375
16933.953125,14724.921875,21838.4921875
18694.26171875,14159.3310546875,20788.228515625
14391.5732421875,16118.4482421875,24190.09375
#
15714.14453125,15557.4140625,23231.78125
14851.6337890625,15864.9189453125,23656.724609375
16933.953125,14724.921875,21838.4921875
18694.26171875,14159.3310546875,20788.228515625
14391.5732421875,16118.4482421875,24190.09375
#
15714.14453125,15557.4140625,23231.78125
14851.6337890625,15864.9189453125,23656.724609375
16933.953125,14724.921875,21838.4921875
18694.26171875,14159.3310546875,20788.228515625
14391.5732421875,16118.4482421875,24190.09375
#
14851.6337890625,15864.9189453125,23656.724609375
16933.953125,14724.921875,21838.4921875
18694.26171875,14159.3310546875,20788.228515625
14477.1005859375,16533.9921875,24827.236328125
14860.931640625,15402.9208984375,22950.546875
#
14851.6337890625,15864.9189453125,23656.724609375
16933.953125,14724.921875,21838.4921875
18694.26171875,14159.3310546875,20788.228515625
14477.1005859375,16533.9921875,24827.236328125
14860.931640625,15402.9208984375,22950.546875
#
14851.6337890625,15864.9189453125,23656.724609375
16933.953125,14724.921875,21838.4921875
18694.26171875,14159.3310546875,20788.228515625
14477.1005859375,16533.9921875,24827.236328125
14860.931640625,15402.9208984375,22950.546875
#
14851.6337890625,15864.9189453125,23656.724609375
16933.953125,14724.921875,21838.4921875
18694.26171875,14159.3310546875,20788.228515625
14477.1005859375,16533.9921875,24827.236328125
14860.931640625,15402.9208984375,22950.546875
#
14851.6337890625,15864.9189453125,23656.724609375
16933.953125,14724.921875,21838.4921875
18694.26171875,14159.3310546875,20788.228515625
14477.1005859375,16533.9921875,24827.236328125
14860.931640625,15402.9208984375,22950.546875
#
14851.6337890625,15864.9189453125,23656.724609375
16933.953125,14724.921875,21838.4921875
18694.26171875,14159.3310546875,20788.228515625
14477.1005859375,16533.9921875,24827.236328125
14860.931640625,15402.9208984375,22950.546875
#
14851.6337890625,15864.9189453125,23656.724609375
16933.953125,14724.921875,21838.4921875
18694.26171875,14159.3310546875,20788.228515625
14477.1005859375,16533.9921875,24827.236328125
14860.931640625,15402.9208984375,22950.546875
#
14851.6337890625,15864.9189453125,23656.724609375
16933.953125,14724.921875,21838.4921875
18694.26171875,14159.3310546875,20788.228515625
14477.1005859375,16533.9921875,24827.236328125
14860.931640625,15402.9208984375,22950.546875
#
14851.6337890625,15864.9189453125,23656.724609375
16933.953125,14724.921875,21838.4921875
18694.26171875,14159.3310546875,20788.228515625
14477.1005859375,16533.9921875,24827.236328125
14860.931640625,15402.9208984375,22950.546875
#
14851.6337890625,15864.9189453125,23656.724609375
16933.953125,14724.921875,21838.4921875
16933.953125,14724.921875,21838.4921875
18694.26171875,14159.3310546875,20788.228515625
14477.1005859375,16533.9921875,24827.236328125
14860.931640625,15402.9208984375,22950.546875
#
18694.26171875,14159.3310546875,20788.228515625
14851.6337890625,15864.9189453125,23656.724609375
16933.953125,14724.921875,21838.4921875
16933.953125,14724.921875,21838.4921875
14477.1005859375,16533.9921875,24827.236328125
14860.931640625,15402.9208984375,22950.546875
#
18694.26171875,14159.3310546875,20788.228515625
14851.6337890625,15864.9189453125,23656.724609375
16933.953125,14724.921875,21838.4921875
16933.953125,14724.921875,21838.4921875
14477.1005859375,16533.9921875,24827.236328125
14860.931640625,15402.9208984375,22950.546875
#
18694.26171875,14159.3310546875,20788.228515625
14851.6337890625,15864.9189453125,23656.724609375
16933.953125,14724.921875,21838.4921875
16933.953125,14724.921875,21838.4921875
14860.931640625,15402.9208984375,22950.546875
14477.1005859375,16533.9921875,24827.236328125
#
18694.26171875,14159.3310546875,20788.228515625
14851.6337890625,15864.9189453125,23656.724609375
16933.953125,14724.921875,21838.4921875
16933.953125,14724.921875,21838.4921875
14860.931640625,15402.9208984375,22950.546875
14477.1005859375,16533.9921875,24827.236328125
#
18694.26171875,14159.3310546875,20788.228515625
14851.6337890625,15864.9189453125,23656.724609375
16933.953125,14724.921875,21838.4921875
16933.953125,14724.921875,21838.4921875
14860.931640625,15402.9208984375,22950.546875
14477.1005859375,16533.9921875,24827.236328125
#
18694.26171875,14159.3310546875,20788.228515625
14851.6337890625,15864.9189453125,23656.724609375
16933.953125,14724.921875,21838.4921875
16933.953125,14724.921875,21838.4921875
14860.931640625,15402.9208984375,22950.546875
14477.1005859375,16533.9921875,24827.236328125
15988.0986328125,15214.5947265625,22640.28515625
#
18694.26171875,14159.3310546875,20788.228515625
14851.6337890625,15864.9189453125,23656.724609375
16933.953125,14724.921875,21838.4921875
16933.953125,14724.921875,21838.4921875
14860.931640625,15402.9208984375,22950.546875
14477.1005859375,16533.9921875,24827.236328125
15988.0986328125,15214.5947265625,22640.28515625
#
18694.26171875,14159.3310546875,20788.228515625
14851.6337890625,15864.9189453125,23656.724609375
16933.953125,14724.921875,21838.4921875
16933.953125,14724.921875,21838.4921875
14860.931640625,15402.9208984375,22950.546875
14477.1005859375,16533.9921875,24827.236328125
15988.0986328125,15214.5947265625,22640.28515625
#
18694.26171875,14159.3310546875,20788.228515625
14851.6337890625,15864.9189453125,23656.724609375
16933.953125,14724.921875,21838.4921875
16933.953125,14724.921875,21838.4921875
14860.931640625,15402.9208984375,22950.546875
14477.1005859375,16533.9921875,24827.236328125
15988.0986328125,15214.5947265625,22640.28515625
#
18694.26171875,14159.3310546875,20788.228515625
14851.6337890625,15864.9189453125,23656.724609375
16933.953125,14724.921875,21838.4921875
16933.953125,14724.921875,21838.4921875
14860.931640625,15402.9208984375,22950.546875
14477.1005859375,16533.9921875,24827.236328125
15988.0986328125,15214.5947265625,22640.28515625
#
18694.26171875,14159.3310546875,20788.228515625
14851.6337890625,15864.9189453125,23656.724609375
16933.953125,14724.921875,21838.4921875
16933.953125,14724.921875,21838.4921875
14860.931640625,15402.9208984375,22950.546875
15988.0986328125,15214.5947265625,22640.28515625
14484.521484375,16621.70703125,24941.84765625
#
18694.26171875,14159.3310546875,20788.228515625
14851.6337890625,15864.9189453125,23656.724609375
16933.953125,14724.921875,21838.4921875
16933.953125,14724.921875,21838.4921875
14860.931640625,15402.9208984375,22950.546875
15988.0986328125,15214.5947265625,22640.28515625
14484.521484375,16621.70703125,24941.84765625
#
18694.26171875,14159.3310546875,20788.228515625
14851.6337890625,15864.9189453125,23656.724609375
16933.953125,14724.921875,21838.4921875
16933.953125,14724.921875,21838.4921875
14860.931640625,15402.9208984375,22950.546875
15988.0986328125,15214.5947265625,22640.28515625
14771.5341796875,16500.236328125,24889.529296875
14484.521484375,16621.70703125,24941.84765625
#
18694.26171875,14159.3310546875,20788.228515625
14851.6337890625,15864.9189453125,23656.724609375
16933.953125,14724.921875,21838.4921875
16933.953125,14724.921875,21838.4921875
14567.734375,16048.30859375,24069.1796875
14860.931640625,15402.9208984375,22950.546875
15988.0986328125,15214.5947265625,22640.28515625
14484.521484375,16621.70703125,24941.84765625
#
18694.26171875,14159.3310546875,20788.228515625
14851.6337890625,15864.9189453125,23656.724609375
16933.953125,14724.921875,21838.4921875
16933.953125,14724.921875,21838.4921875
14567.734375,16048.30859375,24069.1796875
14860.931640625,15402.9208984375,22950.546875
15988.0986328125,15214.5947265625,22640.28515625
14484.521484375,16621.70703125,24941.84765625
#
18694.26171875,14159.3310546875,20788.228515625
14851.6337890625,15864.9189453125,23656.724609375
16933.953125,14724.921875,21838.4921875
16933.953125,14724.921875,21838.4921875
14567.734375,16048.30859375,24069.1796875
14860.931640625,15402.9208984375,22950.546875
15988.0986328125,15214.5947265625,22640.28515625
14484.521484375,16621.70703125,24941.84765625
#
18694.26171875,14159.3310546875,20788.228515625
14851.6337890625,15864.9189453125,23656.724609375
16933.953125,14724.921875,21838.4921875
16933.953125,14724.921875,21838.4921875
14567.734375,16048.30859375,24069.1796875
14860.931640625,15402.9208984375,22950.546875
15988.0986328125,15214.5947265625,22640.28515625
15956.0087890625,15401.005859375,22988.6328125
14484.521484375,16621.70703125,24941.84765625
#
18694.26171875,14159.3310546875,20788.228515625
14851.6337890625,15864.9189453125,23656.724609375
16933.953125,14724.921875,21838.4921875
16933.953125,14724.921875,21838.4921875
14567.734375,16048.30859375,24069.1796875
15956.0087890625,15401.005859375,22988.6328125
14860.931640625,15402.9208984375,22950.546875
14484.521484375,16621.70703125,24941.84765625
15988.0986328125,15214.5947265625,22640.28515625
#
18694.26171875,14159.3310546875,20788.228515625
14851.6337890625,15864.9189453125,23656.724609375
16933.953125,14724.921875,21838.4921875
16933.953125,14724.921875,21838.4921875
14567.734375,16048.30859375,24069.1796875
15956.0087890625,15401.005859375,22988.6328125
14860.931640625,15402.9208984375,22950.546875
14484.521484375,16621.70703125,24941.84765625
15988.0986328125,15214.5947265625,22640.28515625
#
18694.26171875,14159.3310546875,20788.228515625
16933.953125,14724.921875,21838.4921875
16933.953125,14724.921875,21838.4921875
15956.0087890625,15401.005859375,22988.6328125
14860.931640625,15402.9208984375,22950.546875
14484.521484375,16621.70703125,24941.84765625
15988.0986328125,15214.5947265625,22640.28515625
14556.8935546875,15499.0947265625,23057.587890625
#
18694.26171875,14159.3310546875,20788.228515625
14913.42578125,14368.3203125,20983.220703125
14860.931640625,15402.9208984375,22950.546875
14484.521484375,16621.70703125,24941.84765625
14556.8935546875,15499.0947265625,23057.587890625
#
18694.26171875,14159.3310546875,20788.228515625
14913.42578125,14368.3203125,20983.220703125
14860.931640625,15402.9208984375,22950.546875
14484.521484375,16621.70703125,24941.84765625
14556.8935546875,15499.0947265625,23057.587890625
#
18694.26171875,14159.3310546875,20788.228515625
14556.8935546875,15499.0947265625,23057.587890625
14913.42578125,14368.3203125,20983.220703125
14860.931640625,15402.9208984375,22950.546875
14484.521484375,16621.70703125,24941.84765625
14484.521484375,16621.70703125,24941.84765625
#
18694.26171875,14159.3310546875,20788.228515625
14913.42578125,14368.3203125,20983.220703125
14299.1435546875,15455.974609375,22957.734375
14860.931640625,15402.9208984375,22950.546875
#
14913.42578125,14368.3203125,20983.220703125
16550.724609375,13736.75,20160.8984375
14258.2734375,15336.2626953125,22756.5078125
#
14913.42578125,14368.3203125,20983.220703125
16550.724609375,13736.75,20160.8984375
14258.2734375,15336.2626953125,22756.5078125
#
14913.42578125,14368.3203125,20983.220703125
16550.724609375,13736.75,20160.8984375
14258.2734375,15336.2626953125,22756.5078125
#
14913.42578125,14368.3203125,20983.220703125
16550.724609375,13736.75,20160.8984375
14373.341796875,15336.1171875,22761.841796875
14258.2734375,15336.2626953125,22756.5078125
#
14913.42578125,14368.3203125,20983.220703125
16550.724609375,13736.75,20160.8984375
14141.2958984375,15503.5869140625,23064.8671875
14258.2734375,15336.2626953125,22756.5078125
14373.341796875,15336.1171875,22761.841796875
#
14913.42578125,14368.3203125,20983.220703125
16550.724609375,13736.75,20160.8984375
14141.2958984375,15503.5869140625,23064.8671875
14258.2734375,15336.2626953125,22756.5078125
14373.341796875,15336.1171875,22761.841796875
#
14913.42578125,14368.3203125,20983.220703125
16550.724609375,13736.75,20160.8984375
14141.2958984375,15503.5869140625,23064.8671875
14258.2734375,15336.2626953125,22756.5078125
14373.341796875,15336.1171875,22761.841796875
#
14913.42578125,14368.3203125,20983.220703125
16550.724609375,13736.75,20160.8984375
14141.2958984375,15503.5869140625,23064.8671875
14258.2734375,15336.2626953125,22756.5078125
14373.341796875,15336.1171875,22761.841796875
#
14913.42578125,14368.3203125,20983.220703125
16550.724609375,13736.75,20160.8984375
14141.2958984375,15503.5869140625,23064.8671875
14258.2734375,15336.2626953125,22756.5078125
14373.341796875,15336.1171875,22761.841796875
#
14913.42578125,14368.3203125,20983.220703125
15859.2177734375,14365.595703125,21112.080078125
16550.724609375,13736.75,20160.8984375
14141.2958984375,15503.5869140625,23064.8671875
14258.2734375,15336.2626953125,22756.5078125
14373.341796875,15336.1171875,22761.841796875
#
14913.42578125,14368.3203125,20983.220703125
15859.2177734375,14365.595703125,21112.080078125
16550.724609375,13736.75,20160.8984375
14141.2958984375,15503.5869140625,23064.8671875
14258.2734375,15336.2626953125,22756.5078125
14255.95703125,15315.8642578125,22774.515625
14373.341796875,15336.1171875,22761.841796875
#
14913.42578125,14368.3203125,20983.220703125
15859.2177734375,14365.595703125,21112.080078125
16550.724609375,13736.75,20160.8984375
14141.2958984375,15503.5869140625,23064.8671875
14258.2734375,15336.2626953125,22756.5078125
14255.95703125,15315.8642578125,22774.515625
14373.341796875,15336.1171875,22761.841796875
#
14913.42578125,14368.3203125,20983.220703125
15859.2177734375,14365.595703125,21112.080078125
16550.724609375,13736.75,20160.8984375
14141.2958984375,15503.5869140625,23064.8671875
14258.2734375,15336.2626953125,22756.5078125
14255.95703125,15315.8642578125,22774.515625
14785.5732421875,14782.5693359375,21914.23046875
14373.341796875,15336.1171875,22761.841796875
#
14913.42578125,14368.3203125,20983.220703125
15859.2177734375,14365.595703125,21112.080078125
16550.724609375,13736.75,20160.8984375
14258.2734375,15336.2626953125,22756.5078125
14255.95703125,15315.8642578125,22774.515625
14123.359375,15342.3310546875,22766.54296875
14785.5732421875,14782.5693359375,21914.23046875
14373.341796875,15336.1171875,22761.841796875
#
14913.42578125,14368.3203125,20983.220703125
15859.2177734375,14365.595703125,21112.080078125
16550.724609375,13736.75,20160.8984375
14258.2734375,15336.2626953125,22756.5078125
14785.5732421875,14782.5693359375,21914.23046875
14255.95703125,15315.8642578125,22774.515625
14123.359375,15342.3310546875,22766.54296875
15921.8603515625,14233.8271484375,20895.748046875
14373.341796875,15336.1171875,22761.841796875
#
14913.42578125,14368.3203125,20983.220703125
15859.2177734375,14365.595703125,21112.080078125
16550.724609375,13736.75,20160.8984375
14258.2734375,15336.2626953125,22756.5078125
14785.5732421875,14782.5693359375,21914.23046875
14255.95703125,15315.8642578125,22774.515625
14439.984375,14910.8349609375,22062.322265625
14123.359375,15342.3310546875,22766.54296875
15921.8603515625,14233.8271484375,20895.748046875
14373.341796875,15336.1171875,22761.841796875
#
14913.42578125,14368.3203125,20983.220703125
15859.2177734375,14365.595703125,21112.080078125
14123.359375,15342.3310546875,22766.54296875
16550.724609375,13736.75,20160.8984375
14258.2734375,15336.2626953125,22756.5078125
14785.5732421875,14782.5693359375,21914.23046875
14255.95703125,15315.8642578125,22774.515625
14439.984375,14910.8349609375,22062.322265625
15921.8603515625,14233.8271484375,20895.748046875
14373.341796875,15336.1171875,22761.841796875
#
14913.42578125,14368.3203125,20983.220703125
15859.2177734375,14365.595703125,21112.080078125
14123.359375,15342.3310546875,22766.54296875
14258.2734375,15336.2626953125,22756.5078125
14785.5732421875,14782.5693359375,21914.23046875
14255.95703125,15315.8642578125,22774.515625
14439.984375,14910.8349609375,22062.322265625
15921.8603515625,14233.8271484375,20895.748046875
16057.296875,13308.423828125,19370.001953125
#
14913.42578125,14368.3203125,20983.220703125
14123.359375,15342.3310546875,22766.54296875
14258.2734375,15336.2626953125,22756.5078125
14785.5732421875,14782.5693359375,21914.23046875
14255.95703125,15315.8642578125,22774.515625
14439.984375,14910.8349609375,22062.322265625
15513.0029296875,13591.5947265625,19848.634765625
14022.2421875,15394.6689453125,22902.240234375
16057.296875,13308.423828125,19370.001953125
#
14913.42578125,14368.3203125,20983.220703125
14123.359375,15342.3310546875,22766.54296875
14258.2734375,15336.2626953125,22756.5078125
14785.5732421875,14782.5693359375,21914.23046875
14255.95703125,15315.8642578125,22774.515625
14439.984375,14910.8349609375,22062.322265625
15513.0029296875,13591.5947265625,19848.634765625
14022.2421875,15394.6689453125,22902.240234375
16057.296875,13308.423828125,19370.001953125
14900.572265625,14781.6376953125,21914.345703125
#
14913.42578125,14368.3203125,20983.220703125
14123.359375,15342.3310546875,22766.54296875
14258.2734375,15336.2626953125,22756.5078125
14785.5732421875,14782.5693359375,21914.23046875
14255.95703125,15315.8642578125,22774.515625
14439.984375,14910.8349609375,22062.322265625
15513.0029296875,13591.5947265625,19848.634765625
16057.296875,13308.423828125,19370.001953125
14900.572265625,14781.6376953125,21914.345703125
#
14123.359375,15342.3310546875,22766.54296875
14258.2734375,15336.2626953125,22756.5078125
14255.95703125,15315.8642578125,22774.515625
14439.984375,14910.8349609375,22062.322265625
14585.4833984375,13255.89453125,19152.27734375
#
14123.359375,15342.3310546875,22766.54296875
14258.2734375,15336.2626953125,22756.5078125
14255.95703125,15315.8642578125,22774.515625
14439.984375,14910.8349609375,22062.322265625
14585.4833984375,13255.89453125,19152.27734375
#
14123.359375,15342.3310546875,22766.54296875
14258.2734375,15336.2626953125,22756.5078125
14255.95703125,15315.8642578125,22774.515625
14439.984375,14910.8349609375,22062.322265625
14585.4833984375,13255.89453125,19152.27734375
#
14123.359375,15342.3310546875,22766.54296875
14258.2734375,15336.2626953125,22756.5078125
14255.95703125,15315.8642578125,22774.515625
14439.984375,14910.8349609375,22062.322265625
14585.4833984375,13255.89453125,19152.27734375
#
14123.359375,15342.3310546875,22766.54296875
14258.2734375,15336.2626953125,22756.5078125
14255.95703125,15315.8642578125,22774.515625
14439.984375,14910.8349609375,22062.322265625
14585.4833984375,13255.89453125,19152.27734375
#
14123.359375,15342.3310546875,22766.54296875
14258.2734375,15336.2626953125,22756.5078125
14255.95703125,15315.8642578125,22774.515625
14439.984375,14910.8349609375,22062.322265625
14585.4833984375,13255.89453125,19152.27734375
#
14123.359375,15342.3310546875,22766.54296875
14518.771484375,13968.6591796875,20496.146484375
14481.6259765625,15040.884765625,22270.083984375
14258.2734375,15336.2626953125,22756.5078125
14462.5185546875,15084.998046875,22373.30859375
14255.95703125,15315.8642578125,22774.515625
14585.4833984375,13255.89453125,19152.27734375
#
14123.359375,15342.3310546875,22766.54296875
14518.771484375,13968.6591796875,20496.146484375
14258.2734375,15336.2626953125,22756.5078125
14272.2646484375,14388.1142578125,21163.306640625
14585.4833984375,13255.89453125,19152.27734375
#
14123.359375,15342.3310546875,22766.54296875
14518.771484375,13968.6591796875,20496.146484375
14272.2646484375,14388.1142578125,21163.306640625
14585.4833984375,13255.89453125,19152.27734375
14258.2734375,15336.2626953125,22756.5078125
#
14219.3779296875,15321.2353515625,22745.517578125
14518.771484375,13968.6591796875,20496.146484375
14123.359375,15342.3310546875,22766.54296875
14272.2646484375,14388.1142578125,21163.306640625
14585.4833984375,13255.89453125,19152.27734375
#
14518.771484375,13968.6591796875,20496.146484375
14123.359375,15342.3310546875,22766.54296875
14272.2646484375,14388.1142578125,21163.306640625
14585.4833984375,13255.89453125,19152.27734375
#
14518.771484375,13968.6591796875,20496.146484375
14585.4833984375,13255.89453125,19152.27734375
14123.359375,15342.3310546875,22766.54296875
14272.2646484375,14388.1142578125,21163.306640625
#
14518.771484375,13968.6591796875,20496.146484375
14481.6259765625,15040.884765625,22270.083984375
14585.4833984375,13255.89453125,19152.27734375
14462.5185546875,15084.998046875,22373.30859375
14123.359375,15342.3310546875,22766.54296875
#
14518.771484375,13968.6591796875,20496.146484375
14481.6259765625,15040.884765625,22270.083984375
14585.4833984375,13255.89453125,19152.27734375
14462.5185546875,15084.998046875,22373.30859375
14123.359375,15342.3310546875,22766.54296875
#
14518.771484375,13968.6591796875,20496.146484375
14481.6259765625,15040.884765625,22270.083984375
14585.4833984375,13255.89453125,19152.27734375
14462.5185546875,15084.998046875,22373.30859375
14123.359375,15342.3310546875,22766.54296875
#
14462.5185546875,15084.998046875,22373.30859375
14518.771484375,13968.6591796875,20496.146484375
14481.6259765625,15040.884765625,22270.083984375
14585.4833984375,13255.89453125,19152.27734375
14585.4833984375,13255.89453125,19152.27734375
14123.359375,15342.3310546875,22766.54296875
#
14481.6259765625,15040.884765625,22270.083984375
14518.771484375,13968.6591796875,20496.146484375
14585.4833984375,13255.89453125,19152.27734375
14462.5185546875,15084.998046875,22373.30859375
14123.359375,15342.3310546875,22766.54296875
#
14481.6259765625,15040.884765625,22270.083984375
14518.771484375,13968.6591796875,20496.146484375
14585.4833984375,13255.89453125,19152.27734375
14462.5185546875,15084.998046875,22373.30859375
14123.359375,15342.3310546875,22766.54296875
#
14481.6259765625,15040.884765625,22270.083984375
14518.771484375,13968.6591796875,20496.146484375
14585.4833984375,13255.89453125,19152.27734375
14585.4833984375,13255.89453125,19152.27734375
14462.5185546875,15084.998046875,22373.30859375
14713.0234375,11915.4755859375,16851.90234375
14123.359375,15342.3310546875,22766.54296875
#
14518.771484375,13968.6591796875,20496.146484375
14481.6259765625,15040.884765625,22270.083984375
14585.4833984375,13255.89453125,19152.27734375
14585.4833984375,13255.89453125,19152.27734375
14462.5185546875,15084.998046875,22373.30859375
14713.0234375,11915.4755859375,16851.90234375
14123.359375,15342.3310546875,22766.54296875
#
14518.771484375,13968.6591796875,20496.146484375
14585.4833984375,13255.89453125,19152.27734375
14585.4833984375,13255.89453125,19152.27734375
14713.0234375,11915.4755859375,16851.90234375
14123.359375,15342.3310546875,22766.54296875
#
14518.771484375,13968.6591796875,20496.146484375
14585.4833984375,13255.89453125,19152.27734375
14585.4833984375,13255.89453125,19152.27734375
14713.0234375,11915.4755859375,16851.90234375
14123.359375,15342.3310546875,22766.54296875
#
14518.771484375,13968.6591796875,20496.146484375
14585.4833984375,13255.89453125,19152.27734375
14585.4833984375,13255.89453125,19152.27734375
14713.0234375,11915.4755859375,16851.90234375
14123.359375,15342.3310546875,22766.54296875
#
14518.771484375,13968.6591796875,20496.146484375
14585.4833984375,13255.89453125,19152.27734375
14585.4833984375,13255.89453125,19152.27734375
14713.0234375,11915.4755859375,16851.90234375
14123.359375,15342.3310546875,22766.54296875
#
14518.771484375,13968.6591796875,20496.146484375
14585.4833984375,13255.89453125,19152.27734375
14585.4833984375,13255.89453125,19152.27734375
14713.0234375,11915.4755859375,16851.90234375
14123.359375,15342.3310546875,22766.54296875
#
14518.771484375,13968.6591796875,20496.146484375
14585.4833984375,13255.89453125,19152.27734375
14585.4833984375,13255.89453125,19152.27734375
14713.0234375,11915.4755859375,16851.90234375
#
14518.771484375,13968.6591796875,20496.146484375
14585.4833984375,13255.89453125,19152.27734375
14585.4833984375,13255.89453125,19152.27734375
14713.0234375,11915.4755859375,16851.90234375
14454.9296875,14878.02734375,22093.576171875
#
14585.4833984375,13255.89453125,19152.27734375
14518.771484375,13968.6591796875,20496.146484375
14319.5126953125,14731.1875,21776.61328125
14713.0234375,11915.4755859375,16851.90234375
#
14585.4833984375,13255.89453125,19152.27734375
14518.771484375,13968.6591796875,20496.146484375
14319.5126953125,14731.1875,21776.61328125
14713.0234375,11915.4755859375,16851.90234375
#
14585.4833984375,13255.89453125,19152.27734375
14585.4833984375,13255.89453125,19152.27734375
14713.0234375,11915.4755859375,16851.90234375
14518.771484375,13968.6591796875,20496.146484375
#
14372.8076171875,13211.8115234375,19137.486328125
14713.0234375,11915.4755859375,16851.90234375
14713.0234375,11915.4755859375,16851.90234375
#
14372.8076171875,13211.8115234375,19137.486328125
14713.0234375,11915.4755859375,16851.90234375
14713.0234375,11915.4755859375,16851.90234375
#
14372.8076171875,13211.8115234375,19137.486328125
14713.0234375,11915.4755859375,16851.90234375
14238.7958984375,13526.9169921875,19633.06640625
#
14372.8076171875,13211.8115234375,19137.486328125
14713.0234375,11915.4755859375,16851.90234375
14238.7958984375,13526.9169921875,19633.06640625
#
13796.03515625,13808.5576171875,20143.337890625
14372.8076171875,13211.8115234375,19137.486328125
14713.0234375,11915.4755859375,16851.90234375
14238.7958984375,13526.9169921875,19633.06640625
#
13796.03515625,13808.5576171875,20143.337890625
14372.8076171875,13211.8115234375,19137.486328125
14713.0234375,11915.4755859375,16851.90234375
14238.7958984375,13526.9169921875,19633.06640625
#
13796.03515625,13808.5576171875,20143.337890625
14372.8076171875,13211.8115234375,19137.486328125
14713.0234375,11915.4755859375,16851.90234375
14713.0234375,11915.4755859375,16851.90234375
#
14372.8076171875,13211.8115234375,19137.486328125
14713.0234375,11915.4755859375,16851.90234375
14713.0234375,11915.4755859375,16851.90234375
13855.328125,14116.6376953125,20691.03125
#
13855.328125,14116.6376953125,20691.03125
14713.0234375,11915.4755859375,16851.90234375
14329.0107421875,12232.6787109375,17389.404296875
#
14713.0234375,11915.4755859375,16851.90234375
14329.0107421875,12232.6787109375,17389.404296875
13855.328125,14116.6376953125,20691.03125
#
14713.0234375,11915.4755859375,16851.90234375
14329.0107421875,12232.6787109375,17389.404296875
13855.328125,14116.6376953125,20691.03125
#
14232.8798828125,13015.1884765625,18785.900390625
14713.0234375,11915.4755859375,16851.90234375
14329.0107421875,12232.6787109375,17389.404296875
13855.328125,14116.6376953125,20691.03125
#
14232.8798828125,13015.1884765625,18785.900390625
14713.0234375,11915.4755859375,16851.90234375
14329.0107421875,12232.6787109375,17389.404296875
13855.328125,14116.6376953125,20691.03125
#
14713.0234375,11915.4755859375,16851.90234375
14329.0107421875,12232.6787109375,17389.404296875
14097.037109375,13119.771484375,18955.880859375
13855.328125,14116.6376953125,20691.03125
#
14713.0234375,11915.4755859375,16851.90234375
14329.0107421875,12232.6787109375,17389.404296875
14097.037109375,13119.771484375,18955.880859375
#
14713.0234375,11915.4755859375,16851.90234375
14713.0234375,11915.4755859375,16851.90234375
14329.0107421875,12232.6787109375,17389.404296875
14097.037109375,13119.771484375,18955.880859375
#
14713.0234375,11915.4755859375,16851.90234375
14713.0234375,11915.4755859375,16851.90234375
14329.0107421875,12232.6787109375,17389.404296875
14097.037109375,13119.771484375,18955.880859375
13833.763671875,14404.3720703125,21185.787109375
#
14713.0234375,11915.4755859375,16851.90234375
14713.0234375,11915.4755859375,16851.90234375
14329.0107421875,12232.6787109375,17389.404296875
14097.037109375,13119.771484375,18955.880859375
13833.763671875,14404.3720703125,21185.787109375
#
14713.0234375,11915.4755859375,16851.90234375
14713.0234375,11915.4755859375,16851.90234375
14329.0107421875,12232.6787109375,17389.404296875
14097.037109375,13119.771484375,18955.880859375
13833.763671875,14404.3720703125,21185.787109375
#
14713.0234375,11915.4755859375,16851.90234375
14713.0234375,11915.4755859375,16851.90234375
14329.0107421875,12232.6787109375,17389.404296875
14097.037109375,13119.771484375,18955.880859375
13833.763671875,14404.3720703125,21185.787109375
#
14713.0234375,11915.4755859375,16851.90234375
13850.3408203125,13172.708984375,19059.208984375
14329.0107421875,12232.6787109375,17389.404296875
14097.037109375,13119.771484375,18955.880859375
#
14713.0234375,11915.4755859375,16851.90234375
13850.3408203125,13172.708984375,19059.208984375
14329.0107421875,12232.6787109375,17389.404296875
14097.037109375,13119.771484375,18955.880859375
#
14713.0234375,11915.4755859375,16851.90234375
13850.3408203125,13172.708984375,19059.208984375
14329.0107421875,12232.6787109375,17389.404296875
14097.037109375,13119.771484375,18955.880859375
#
14713.0234375,11915.4755859375,16851.90234375
13850.3408203125,13172.708984375,19059.208984375
14329.0107421875,12232.6787109375,17389.404296875
14097.037109375,13119.771484375,18955.880859375
13824.6318359375,13326.84375,19332.646484375
#
14713.0234375,11915.4755859375,16851.90234375
13850.3408203125,13172.708984375,19059.208984375
14097.037109375,13119.771484375,18955.880859375
14329.0107421875,12232.6787109375,17389.404296875
#
14713.0234375,11915.4755859375,16851.90234375
13850.3408203125,13172.708984375,19059.208984375
14097.037109375,13119.771484375,18955.880859375
14329.0107421875,12232.6787109375,17389.404296875
#
14713.0234375,11915.4755859375,16851.90234375
13850.3408203125,13172.708984375,19059.208984375
14329.0107421875,12232.6787109375,17389.404296875
13931.69140625,12856.3203125,18488.75390625
#
14713.0234375,11915.4755859375,16851.90234375
13850.3408203125,13172.708984375,19059.208984375
14329.0107421875,12232.6787109375,17389.404296875
14329.0107421875,12232.6787109375,17389.404296875
13931.69140625,12856.3203125,18488.75390625
#
14713.0234375,11915.4755859375,16851.90234375
13850.3408203125,13172.708984375,19059.208984375
14329.0107421875,12232.6787109375,17389.404296875
14329.0107421875,12232.6787109375,17389.404296875
13931.69140625,12856.3203125,18488.75390625
#
14713.0234375,11915.4755859375,16851.90234375
13850.3408203125,13172.708984375,19059.208984375
14329.0107421875,12232.6787109375,17389.404296875
14329.0107421875,12232.6787109375,17389.404296875
13931.69140625,12856.3203125,18488.75390625
#
14713.0234375,11915.4755859375,16851.90234375
13850.3408203125,13172.708984375,19059.208984375
14329.0107421875,12232.6787109375,17389.404296875
14329.0107421875,12232.6787109375,17389.404296875
13931.69140625,12856.3203125,18488.75390625
#
14713.0234375,11915.4755859375,16851.90234375
13850.3408203125,13172.708984375,19059.208984375
14241.107421875,12685.8212890625,18201.810546875
14329.0107421875,12232.6787109375,17389.404296875
14329.0107421875,12232.6787109375,17389.404296875
14046.689453125,12855.3876953125,18488.8671875
13931.69140625,12856.3203125,18488.75390625
#
14713.0234375,11915.4755859375,16851.90234375
13850.3408203125,13172.708984375,19059.208984375
14219.9482421875,12157.2763671875,17262.15625
14046.689453125,12855.3876953125,18488.8671875
13931.69140625,12856.3203125,18488.75390625
#
14713.0234375,11915.4755859375,16851.90234375
13850.3408203125,13172.708984375,19059.208984375
14219.9482421875,12157.2763671875,17262.15625
14046.689453125,12855.3876953125,18488.8671875
13931.69140625,12856.3203125,18488.75390625
#
14713.0234375,11915.4755859375,16851.90234375
13850.3408203125,13172.708984375,19059.208984375
14046.689453125,12855.3876953125,18488.8671875
14219.9482421875,12157.2763671875,17262.15625
13931.69140625,12856.3203125,18488.75390625
#
14713.0234375,11915.4755859375,16851.90234375
14713.0234375,11915.4755859375,16851.90234375
14046.689453125,12855.3876953125,18488.8671875
14219.9482421875,12157.2763671875,17262.15625
13850.3408203125,13172.708984375,19059.208984375
13931.69140625,12856.3203125,18488.75390625
#
14713.0234375,11915.4755859375,16851.90234375
14713.0234375,11915.4755859375,16851.90234375
14046.689453125,12855.3876953125,18488.8671875
14219.9482421875,12157.2763671875,17262.15625
13850.3408203125,13172.708984375,19059.208984375
13931.69140625,12856.3203125,18488.75390625
#
14713.0234375,11915.4755859375,16851.90234375
14713.0234375,11915.4755859375,16851.90234375
14046.689453125,12855.3876953125,18488.8671875
14219.9482421875,12157.2763671875,17262.15625
13850.3408203125,13172.708984375,19059.208984375
13931.69140625,12856.3203125,18488.75390625
#
14713.0234375,11915.4755859375,16851.90234375
14713.0234375,11915.4755859375,16851.90234375
14046.689453125,12855.3876953125,18488.8671875
14219.9482421875,12157.2763671875,17262.15625
13850.3408203125,13172.708984375,19059.208984375
13931.69140625,12856.3203125,18488.75390625
#
14713.0234375,11915.4755859375,16851.90234375
14713.0234375,11915.4755859375,16851.90234375
14046.689453125,12855.3876953125,18488.8671875
14093.3779296875,12167.0615234375,17270.41015625
14219.9482421875,12157.2763671875,17262.15625
13850.3408203125,13172.708984375,19059.208984375
13931.69140625,12856.3203125,18488.75390625
#
14575.0166015625,11916.048828125,16851.21875
14713.0234375,11915.4755859375,16851.90234375
14713.0234375,11915.4755859375,16851.90234375
14046.689453125,12855.3876953125,18488.8671875
14093.3779296875,12167.0615234375,17270.41015625
14219.9482421875,12157.2763671875,17262.15625
13850.3408203125,13172.708984375,19059.208984375
13931.69140625,12856.3203125,18488.75390625
#
14575.0166015625,11916.048828125,16851.21875
14713.0234375,11915.4755859375,16851.90234375
14713.0234375,11915.4755859375,16851.90234375
14046.689453125,12855.3876953125,18488.8671875
14093.3779296875,12167.0615234375,17270.41015625
14219.9482421875,12157.2763671875,17262.15625
13850.3408203125,13172.708984375,19059.208984375
13931.69140625,12856.3203125,18488.75390625
#
14575.0166015625,11916.048828125,16851.21875
14713.0234375,11915.4755859375,16851.90234375
14713.0234375,11915.4755859375,16851.90234375
14093.3779296875,12167.0615234375,17270.41015625
14219.9482421875,12157.2763671875,17262.15625
13931.69140625,12856.3203125,18488.75390625
13843.771484375,13109.330078125,18944.53515625
#
14575.0166015625,11916.048828125,16851.21875
14713.0234375,11915.4755859375,16851.90234375
14713.0234375,11915.4755859375,16851.90234375
14093.3779296875,12167.0615234375,17270.41015625
14219.9482421875,12157.2763671875,17262.15625
13880.474609375,12962.2509765625,18680.900390625
13931.69140625,12856.3203125,18488.75390625
13850.3408203125,13172.708984375,19059.208984375
#
14575.0166015625,11916.048828125,16851.21875
14713.0234375,11915.4755859375,16851.90234375
13931.69140625,12856.3203125,18488.75390625
14093.3779296875,12167.0615234375,17270.41015625
14219.9482421875,12157.2763671875,17262.15625
13850.3408203125,13172.708984375,19059.208984375
#
14575.0166015625,11916.048828125,16851.21875
14713.0234375,11915.4755859375,16851.90234375
13931.69140625,12856.3203125,18488.75390625
14093.3779296875,12167.0615234375,17270.41015625
14352.52734375,11929.310546875,16864.603515625
14219.9482421875,12157.2763671875,17262.15625
13850.3408203125,13172.708984375,19059.208984375
#
14575.0166015625,11916.048828125,16851.21875
14713.0234375,11915.4755859375,16851.90234375
13931.69140625,12856.3203125,18488.75390625
14093.3779296875,12167.0615234375,17270.41015625
14352.52734375,11929.310546875,16864.603515625
14219.9482421875,12157.2763671875,17262.15625
13850.3408203125,13172.708984375,19059.208984375
#
14575.0166015625,11916.048828125,16851.21875
14713.0234375,11915.4755859375,16851.90234375
13931.69140625,12856.3203125,18488.75390625
14352.52734375,11929.310546875,16864.603515625
14090.2275390625,12047.2705078125,17066.384765625
13850.3408203125,13172.708984375,19059.208984375
#
14575.0166015625,11916.048828125,16851.21875
14713.0234375,11915.4755859375,16851.90234375
13931.69140625,12856.3203125,18488.75390625
14352.52734375,11929.310546875,16864.603515625
14090.2275390625,12047.2705078125,17066.384765625
13850.3408203125,13172.708984375,19059.208984375
#
14575.0166015625,11916.048828125,16851.21875
14713.0234375,11915.4755859375,16851.90234375
13931.69140625,12856.3203125,18488.75390625
14352.52734375,11929.310546875,16864.603515625
14090.2275390625,12047.2705078125,17066.384765625
13850.3408203125,13172.708984375,19059.208984375
#
14575.0166015625,11916.048828125,16851.21875
14713.0234375,11915.4755859375,16851.90234375
13931.69140625,12856.3203125,18488.75390625
14093.3779296875,12167.0615234375,17270.41015625
14352.52734375,11929.310546875,16864.603515625
14219.9482421875,12157.2763671875,17262.15625
13850.3408203125,13172.708984375,19059.208984375
#
14575.0166015625,11916.048828125,16851.21875
14713.0234375,11915.4755859375,16851.90234375
13931.69140625,12856.3203125,18488.75390625
14369.48046875,11926.3466796875,16861.787109375
14093.3779296875,12167.0615234375,17270.41015625
14352.52734375,11929.310546875,16864.603515625
14219.9482421875,12157.2763671875,17262.15625
13905.9853515625,13010.455078125,18762.1875
13850.3408203125,13172.708984375,19059.208984375
#
14575.0166015625,11916.048828125,16851.21875
14713.0234375,11915.4755859375,16851.90234375
13931.69140625,12856.3203125,18488.75390625
14369.48046875,11926.3466796875,16861.787109375
14093.3779296875,12167.0615234375,17270.41015625
14352.52734375,11929.310546875,16864.603515625
14219.9482421875,12157.2763671875,17262.15625
13770.4638671875,12928.244140625,18608.8125
#
14575.0166015625,11916.048828125,16851.21875
14713.0234375,11915.4755859375,16851.90234375
13931.69140625,12856.3203125,18488.75390625
14369.48046875,11926.3466796875,16861.787109375
14093.3779296875,12167.0615234375,17270.41015625
14352.52734375,11929.310546875,16864.603515625
14219.9482421875,12157.2763671875,17262.15625
13770.4638671875,12928.244140625,18608.8125
13770.4638671875,12928.244140625,18608.8125
#
14575.0166015625,11916.048828125,16851.21875
14713.0234375,11915.4755859375,16851.90234375
13931.69140625,12856.3203125,18488.75390625
14369.48046875,11926.3466796875,16861.787109375
14093.3779296875,12167.0615234375,17270.41015625
14352.52734375,11929.310546875,16864.603515625
14219.9482421875,12157.2763671875,17262.15625
13770.4638671875,12928.244140625,18608.8125
13770.4638671875,12928.244140625,18608.8125
#
14575.0166015625,11916.048828125,16851.21875
14713.0234375,11915.4755859375,16851.90234375
13931.69140625,12856.3203125,18488.75390625
14369.48046875,11926.3466796875,16861.787109375
14093.3779296875,12167.0615234375,17270.41015625
14352.52734375,11929.310546875,16864.603515625
14219.9482421875,12157.2763671875,17262.15625
13770.4638671875,12928.244140625,18608.8125
#
14575.0166015625,11916.048828125,16851.21875
14713.0234375,11915.4755859375,16851.90234375
13931.69140625,12856.3203125,18488.75390625
14369.48046875,11926.3466796875,16861.787109375
14093.3779296875,12167.0615234375,17270.41015625
14352.52734375,11929.310546875,16864.603515625
13770.4638671875,12928.244140625,18608.8125
14219.9482421875,12157.2763671875,17262.15625
#
14575.0166015625,11916.048828125,16851.21875
14713.0234375,11915.4755859375,16851.90234375
13931.69140625,12856.3203125,18488.75390625
14369.48046875,11926.3466796875,16861.787109375
14093.3779296875,12167.0615234375,17270.41015625
14352.52734375,11929.310546875,16864.603515625
13770.4638671875,12928.244140625,18608.8125
14219.9482421875,12157.2763671875,17262.15625
#
14575.0166015625,11916.048828125,16851.21875
13931.69140625,12856.3203125,18488.75390625
14352.52734375,11929.310546875,16864.603515625
14369.48046875,11926.3466796875,16861.787109375
14093.3779296875,12167.0615234375,17270.41015625
13770.4638671875,12928.244140625,18608.8125
14219.9482421875,12157.2763671875,17262.15625
#
14575.0166015625,11916.048828125,16851.21875
13931.69140625,12856.3203125,18488.75390625
14352.52734375,11929.310546875,16864.603515625
14369.48046875,11926.3466796875,16861.787109375
14093.3779296875,12167.0615234375,17270.41015625
13770.4638671875,12928.244140625,18608.8125
14219.9482421875,12157.2763671875,17262.15625
#
13931.69140625,12856.3203125,18488.75390625
14352.52734375,11929.310546875,16864.603515625
14369.48046875,11926.3466796875,16861.787109375
14093.3779296875,12167.0615234375,17270.41015625
13770.4638671875,12928.244140625,18608.8125
14219.9482421875,12157.2763671875,17262.15625
#
13931.69140625,12856.3203125,18488.75390625
14369.48046875,11926.3466796875,16861.787109375
14093.3779296875,12167.0615234375,17270.41015625
14352.52734375,11929.310546875,16864.603515625
13770.4638671875,12928.244140625,18608.8125
14219.9482421875,12157.2763671875,17262.15625
#
14352.52734375,11929.310546875,16864.603515625
13931.69140625,12856.3203125,18488.75390625
14369.48046875,11926.3466796875,16861.787109375
14093.3779296875,12167.0615234375,17270.41015625
13770.4638671875,12928.244140625,18608.8125
14219.9482421875,12157.2763671875,17262.15625
#
14352.52734375,11929.310546875,16864.603515625
13931.69140625,12856.3203125,18488.75390625
14369.48046875,11926.3466796875,16861.787109375
14194.919921875,11959.7236328125,16910.6875
13953.1962890625,11968.5283203125,16918.369140625
13770.4638671875,12928.244140625,18608.8125
13770.4638671875,12928.244140625,18608.8125
#
14352.52734375,11929.310546875,16864.603515625
13931.69140625,12856.3203125,18488.75390625
14369.48046875,11926.3466796875,16861.787109375
14194.919921875,11959.7236328125,16910.6875
13953.1962890625,11968.5283203125,16918.369140625
13770.4638671875,12928.244140625,18608.8125
13770.4638671875,12928.244140625,18608.8125
#
14352.52734375,11929.310546875,16864.603515625
14467.5263671875,11928.37890625,16864.71875
13931.69140625,12856.3203125,18488.75390625
14194.919921875,11959.7236328125,16910.6875
13953.1962890625,11968.5283203125,16918.369140625
13770.4638671875,12928.244140625,18608.8125
13770.4638671875,12928.244140625,18608.8125
#
14352.52734375,11929.310546875,16864.603515625
14467.5263671875,11928.37890625,16864.71875
14194.919921875,11959.7236328125,16910.6875
13826.6259765625,11978.3125,16926.625
13953.1962890625,11968.5283203125,16918.369140625
13770.4638671875,12928.244140625,18608.8125
13770.4638671875,12928.244140625,18608.8125
#
14352.52734375,11929.310546875,16864.603515625
14467.5263671875,11928.37890625,16864.71875
14079.921875,11960.6552734375,16910.572265625
14194.919921875,11959.7236328125,16910.6875
13826.6259765625,11978.3125,16926.625
13953.1962890625,11968.5283203125,16918.369140625
13770.4638671875,12928.244140625,18608.8125
13770.4638671875,12928.244140625,18608.8125
#
14352.52734375,11929.310546875,16864.603515625
14467.5263671875,11928.37890625,16864.71875
14068.1943359375,11967.595703125,16918.486328125
14194.919921875,11959.7236328125,16910.6875
14079.921875,11960.6552734375,16910.572265625
13826.6259765625,11978.3125,16926.625
13953.1962890625,11968.5283203125,16918.369140625
13770.4638671875,12928.244140625,18608.8125
13770.4638671875,12928.244140625,18608.8125
#
14352.52734375,11929.310546875,16864.603515625
14467.5263671875,11928.37890625,16864.71875
13953.1962890625,11968.5283203125,16918.369140625
14194.919921875,11959.7236328125,16910.6875
14079.921875,11960.6552734375,16910.572265625
13826.6259765625,11978.3125,16926.625
13770.4638671875,12928.244140625,18608.8125
13770.4638671875,12928.244140625,18608.8125
#
14352.52734375,11929.310546875,16864.603515625
13953.1962890625,11968.5283203125,16918.369140625
14194.919921875,11959.7236328125,16910.6875
14079.921875,11960.6552734375,16910.572265625
13826.6259765625,11978.3125,16926.625
13770.4638671875,12928.244140625,18608.8125
13770.4638671875,12928.244140625,18608.8125
#
14352.52734375,11929.310546875,16864.603515625
13953.1962890625,11968.5283203125,16918.369140625
14194.919921875,11959.7236328125,16910.6875
14079.921875,11960.6552734375,16910.572265625
13826.6259765625,11978.3125,16926.625
13770.4638671875,12928.244140625,18608.8125
13770.4638671875,12928.244140625,18608.8125
#
14352.52734375,11929.310546875,16864.603515625
13953.1962890625,11968.5283203125,16918.369140625
14194.919921875,11959.7236328125,16910.6875
14079.921875,11960.6552734375,16910.572265625
13826.6259765625,11978.3125,16926.625
13770.4638671875,12928.244140625,18608.8125
13770.4638671875,12928.244140625,18608.8125
#
14352.52734375,11929.310546875,16864.603515625
13953.1962890625,11968.5283203125,16918.369140625
14194.919921875,11959.7236328125,16910.6875
14079.921875,11960.6552734375,16910.572265625
13826.6259765625,11978.3125,16926.625
13770.4638671875,12928.244140625,18608.8125
13770.4638671875,12928.244140625,18608.8125
#
14352.52734375,11929.310546875,16864.603515625
14194.919921875,11959.7236328125,16910.6875
13953.1962890625,11968.5283203125,16918.369140625
14079.921875,11960.6552734375,16910.572265625
13826.6259765625,11978.3125,16926.625
13770.4638671875,12928.244140625,18608.8125
13770.4638671875,12928.244140625,18608.8125
#
14352.52734375,11929.310546875,16864.603515625
14194.919921875,11959.7236328125,16910.6875
13953.1962890625,11968.5283203125,16918.369140625
14079.921875,11960.6552734375,16910.572265625
13826.6259765625,11978.3125,16926.625
13770.4638671875,12928.244140625,18608.8125
13770.4638671875,12928.244140625,18608.8125
#
14737.4423828125,11809.580078125,16660.85546875
14194.919921875,11959.7236328125,16910.6875
13953.1962890625,11968.5283203125,16918.369140625
14079.921875,11960.6552734375,16910.572265625
13826.6259765625,11978.3125,16926.625
13705.1337890625,12288.3232421875,17474.751953125
#
14737.4423828125,11809.580078125,16660.85546875
14194.919921875,11959.7236328125,16910.6875
13953.1962890625,11968.5283203125,16918.369140625
14079.921875,11960.6552734375,16910.572265625
13826.6259765625,11978.3125,16926.625
13705.1337890625,12288.3232421875,17474.751953125
#
14737.4423828125,11809.580078125,16660.85546875
14194.919921875,11959.7236328125,16910.6875
13953.1962890625,11968.5283203125,16918.369140625
14079.921875,11960.6552734375,16910.572265625
13826.6259765625,11978.3125,16926.625
13705.1337890625,12288.3232421875,17474.751953125
#
14737.4423828125,11809.580078125,16660.85546875
14194.919921875,11959.7236328125,16910.6875
13953.1962890625,11968.5283203125,16918.369140625
14225.7734375,11915.1611328125,16832.25390625
14079.921875,11960.6552734375,16910.572265625
14079.921875,11960.6552734375,16910.572265625
13826.6259765625,11978.3125,16926.625
13705.1337890625,12288.3232421875,17474.751953125
#
14737.4423828125,11809.580078125,16660.85546875
14194.919921875,11959.7236328125,16910.6875
13953.1962890625,11968.5283203125,16918.369140625
14225.7734375,11915.1611328125,16832.25390625
14079.921875,11960.6552734375,16910.572265625
14079.921875,11960.6552734375,16910.572265625
13826.6259765625,11978.3125,16926.625
13705.1337890625,12288.3232421875,17474.751953125
#
14737.4423828125,11809.580078125,16660.85546875
14194.919921875,11959.7236328125,16910.6875
13953.1962890625,11968.5283203125,16918.369140625
14225.7734375,11915.1611328125,16832.25390625
14079.921875,11960.6552734375,16910.572265625
14079.921875,11960.6552734375,16910.572265625
13826.6259765625,11978.3125,16926.625
13705.1337890625,12288.3232421875,17474.751953125
#
14723.7568359375,11801.3017578125,16636.4921875
14194.919921875,11959.7236328125,16910.6875
13953.1962890625,11968.5283203125,16918.369140625
14225.7734375,11915.1611328125,16832.25390625
14079.921875,11960.6552734375,16910.572265625
14079.921875,11960.6552734375,16910.572265625
13826.6259765625,11978.3125,16926.625
13705.1337890625,12288.3232421875,17474.751953125
#
14723.7568359375,11801.3017578125,16636.4921875
14079.921875,11960.6552734375,16910.572265625
13953.1962890625,11968.5283203125,16918.369140625
14225.7734375,11915.1611328125,16832.25390625
13826.6259765625,11978.3125,16926.625
14194.919921875,11959.7236328125,16910.6875
14194.919921875,11959.7236328125,16910.6875
13705.1337890625,12288.3232421875,17474.751953125
#
14723.7568359375,11801.3017578125,16636.4921875
14079.921875,11960.6552734375,16910.572265625
13953.1962890625,11968.5283203125,16918.369140625
14225.7734375,11915.1611328125,16832.25390625
13826.6259765625,11978.3125,16926.625
14194.919921875,11959.7236328125,16910.6875
14194.919921875,11959.7236328125,16910.6875
13705.1337890625,12288.3232421875,17474.751953125
#
14723.7568359375,11801.3017578125,16636.4921875
14079.921875,11960.6552734375,16910.572265625
13953.1962890625,11968.5283203125,16918.369140625
14225.7734375,11915.1611328125,16832.25390625
14110.775390625,11916.0927734375,16832.134765625
13826.6259765625,11978.3125,16926.625
13826.6259765625,11978.3125,16926.625
13705.1337890625,12288.3232421875,17474.751953125
#
14723.7568359375,11801.3017578125,16636.4921875
14079.921875,11960.6552734375,16910.572265625
13953.1962890625,11968.5283203125,16918.369140625
14225.7734375,11915.1611328125,16832.25390625
13826.6259765625,11978.3125,16926.625
14110.775390625,11916.0927734375,16832.134765625
13705.1337890625,12288.3232421875,17474.751953125
#
14723.7568359375,11801.3017578125,16636.4921875
14079.921875,11960.6552734375,16910.572265625
13953.1962890625,11968.5283203125,16918.369140625
14225.7734375,11915.1611328125,16832.25390625
13826.6259765625,11978.3125,16926.625
14110.775390625,11916.0927734375,16832.134765625
13705.1337890625,12288.3232421875,17474.751953125
#
14723.7568359375,11801.3017578125,16636.4921875
14110.775390625,11916.0927734375,16832.134765625
13953.1962890625,11968.5283203125,16918.369140625
14225.7734375,11915.1611328125,16832.25390625
14079.921875,11960.6552734375,16910.572265625
13826.6259765625,11978.3125,16926.625
13826.6259765625,11978.3125,16926.625
14068.1943359375,11967.595703125,16918.486328125
13705.1337890625,12288.3232421875,17474.751953125
#
14723.7568359375,11801.3017578125,16636.4921875
14110.775390625,11916.0927734375,16832.134765625
13953.1962890625,11968.5283203125,16918.369140625
14225.7734375,11915.1611328125,16832.25390625
14079.921875,11960.6552734375,16910.572265625
13826.6259765625,11978.3125,16926.625
13826.6259765625,11978.3125,16926.625
14068.1943359375,11967.595703125,16918.486328125
13705.1337890625,12288.3232421875,17474.751953125
#
14723.7568359375,11801.3017578125,16636.4921875
14110.775390625,11916.0927734375,16832.134765625
13953.1962890625,11968.5283203125,16918.369140625
14225.7734375,11915.1611328125,16832.25390625
14079.921875,11960.6552734375,16910.572265625
13826.6259765625,11978.3125,16926.625
13826.6259765625,11978.3125,16926.625
13705.1337890625,12288.3232421875,17474.751953125
#
14723.7568359375,11801.3017578125,16636.4921875
14110.775390625,11916.0927734375,16832.134765625
13953.1962890625,11968.5283203125,16918.369140625
14225.7734375,11915.1611328125,16832.25390625
14079.921875,11960.6552734375,16910.572265625
13826.6259765625,11978.3125,16926.625
13826.6259765625,11978.3125,16926.625
13705.1337890625,12288.3232421875,17474.751953125
#
14723.7568359375,11801.3017578125,16636.4921875
14110.775390625,11916.0927734375,16832.134765625
13953.1962890625,11968.5283203125,16918.369140625
14225.7734375,11915.1611328125,16832.25390625
14079.921875,11960.6552734375,16910.572265625
13826.6259765625,11978.3125,16926.625
13826.6259765625,11978.3125,16926.625
13705.1337890625,12288.3232421875,17474.751953125
#
14723.7568359375,11801.3017578125,16636.4921875
14110.775390625,11916.0927734375,16832.134765625
13953.1962890625,11968.5283203125,16918.369140625
14225.7734375,11915.1611328125,16832.25390625
13826.6259765625,11978.3125,16926.625
14079.921875,11960.6552734375,16910.572265625
14079.921875,11960.6552734375,16910.572265625
13705.1337890625,12288.3232421875,17474.751953125
#
14723.7568359375,11801.3017578125,16636.4921875
14110.775390625,11916.0927734375,16832.134765625
13953.1962890625,11968.5283203125,16918.369140625
14225.7734375,11915.1611328125,16832.25390625
13826.6259765625,11978.3125,16926.625
14079.921875,11960.6552734375,16910.572265625
14079.921875,11960.6552734375,16910.572265625
13705.1337890625,12288.3232421875,17474.751953125
#
14137.98046875,11850.8798828125,16715.943359375
14110.775390625,11916.0927734375,16832.134765625
13953.1962890625,11968.5283203125,16918.369140625
13953.1962890625,11968.5283203125,16918.369140625
13826.6259765625,11978.3125,16926.625
14079.921875,11960.6552734375,16910.572265625
14079.921875,11960.6552734375,16910.572265625
13705.7822265625,12240.0537109375,17393.390625
13705.1337890625,12288.3232421875,17474.751953125
13705.1337890625,12288.3232421875,17474.751953125
#
14137.98046875,11850.8798828125,16715.943359375
13953.1962890625,11968.5283203125,16918.369140625
13953.1962890625,11968.5283203125,16918.369140625
13826.6259765625,11978.3125,16926.625
14110.775390625,11916.0927734375,16832.134765625
14079.921875,11960.6552734375,16910.572265625
14079.921875,11960.6552734375,16910.572265625
13705.7822265625,12240.0537109375,17393.390625
13705.1337890625,12288.3232421875,17474.751953125
13705.1337890625,12288.3232421875,17474.751953125
#
14137.98046875,11850.8798828125,16715.943359375
13953.1962890625,11968.5283203125,16918.369140625
13953.1962890625,11968.5283203125,16918.369140625
13826.6259765625,11978.3125,16926.625
14110.775390625,11916.0927734375,16832.134765625
14079.921875,11960.6552734375,16910.572265625
14079.921875,11960.6552734375,16910.572265625
13705.7822265625,12240.0537109375,17393.390625
13705.1337890625,12288.3232421875,17474.751953125
13705.1337890625,12288.3232421875,17474.751953125
#
14137.98046875,11850.8798828125,16715.943359375
13953.1962890625,11968.5283203125,16918.369140625
13953.1962890625,11968.5283203125,16918.369140625
13826.6259765625,11978.3125,16926.625
14079.921875,11960.6552734375,16910.572265625
14079.921875,11960.6552734375,16910.572265625
14110.775390625,11916.0927734375,16832.134765625
13705.7822265625,12240.0537109375,17393.390625
13705.1337890625,12288.3232421875,17474.751953125
13705.1337890625,12288.3232421875,17474.751953125
#
14137.98046875,11850.8798828125,16715.943359375
13953.1962890625,11968.5283203125,16918.369140625
13953.1962890625,11968.5283203125,16918.369140625
13826.6259765625,11978.3125,16926.625
14079.921875,11960.6552734375,16910.572265625
14079.921875,11960.6552734375,16910.572265625
14110.775390625,11916.0927734375,16832.134765625
13705.7822265625,12240.0537109375,17393.390625
13705.1337890625,12288.3232421875,17474.751953125
13705.1337890625,12288.3232421875,17474.751953125
#
14137.98046875,11850.8798828125,16715.943359375
13953.1962890625,11968.5283203125,16918.369140625
13953.1962890625,11968.5283203125,16918.369140625
13826.6259765625,11978.3125,16926.625
14079.921875,11960.6552734375,16910.572265625
14079.921875,11960.6552734375,16910.572265625
14110.775390625,11916.0927734375,16832.134765625
13705.1337890625,12288.3232421875,17474.751953125
13705.1337890625,12288.3232421875,17474.751953125
#
14137.98046875,11850.8798828125,16715.943359375
13953.1962890625,11968.5283203125,16918.369140625
13953.1962890625,11968.5283203125,16918.369140625
13826.6259765625,11978.3125,16926.625
14079.921875,11960.6552734375,16910.572265625
14079.921875,11960.6552734375,16910.572265625
14110.775390625,11916.0927734375,16832.134765625
13705.1337890625,12288.3232421875,17474.751953125
13705.1337890625,12288.3232421875,17474.751953125
#
14137.98046875,11850.8798828125,16715.943359375
13826.6259765625,11978.3125,16926.625
13826.6259765625,11978.3125,16926.625
14110.775390625,11916.0927734375,16832.134765625
13705.1337890625,12288.3232421875,17474.751953125
13705.1337890625,12288.3232421875,17474.751953125
13902.8251953125,11923.0615234375,16838.30078125
#
14137.98046875,11850.8798828125,16715.943359375
13826.6259765625,11978.3125,16926.625
13826.6259765625,11978.3125,16926.625
14110.775390625,11916.0927734375,16832.134765625
13705.1337890625,12288.3232421875,17474.751953125
13705.1337890625,12288.3232421875,17474.751953125
13902.8251953125,11923.0615234375,16838.30078125
#
14137.98046875,11850.8798828125,16715.943359375
13826.6259765625,11978.3125,16926.625
13826.6259765625,11978.3125,16926.625
14110.775390625,11916.0927734375,16832.134765625
13705.1337890625,12288.3232421875,17474.751953125
13705.1337890625,12288.3232421875,17474.751953125
13902.8251953125,11923.0615234375,16838.30078125
#
14137.98046875,11850.8798828125,16715.943359375
13826.6259765625,11978.3125,16926.625
13826.6259765625,11978.3125,16926.625
13705.1337890625,12288.3232421875,17474.751953125
13902.8251953125,11923.0615234375,16838.30078125
14110.775390625,11916.0927734375,16832.134765625
#
14137.98046875,11850.8798828125,16715.943359375
13826.6259765625,11978.3125,16926.625
13826.6259765625,11978.3125,16926.625
13705.1337890625,12288.3232421875,17474.751953125
13902.8251953125,11923.0615234375,16838.30078125
14110.775390625,11916.0927734375,16832.134765625
#
14137.98046875,11850.8798828125,16715.943359375
13826.6259765625,11978.3125,16926.625
13826.6259765625,11978.3125,16926.625
13705.1337890625,12288.3232421875,17474.751953125
13902.8251953125,11923.0615234375,16838.30078125
14099.0478515625,11923.033203125,16840.048828125
#
14137.98046875,11850.8798828125,16715.943359375
13826.6259765625,11978.3125,16926.625
13902.8251953125,11923.0615234375,16838.30078125
13705.1337890625,12288.3232421875,17474.751953125
14099.0478515625,11923.033203125,16840.048828125
#
14137.98046875,11850.8798828125,16715.943359375
13826.6259765625,11978.3125,16926.625
13902.8251953125,11923.0615234375,16838.30078125
13705.1337890625,12288.3232421875,17474.751953125
14099.0478515625,11923.033203125,16840.048828125
#
14137.98046875,11850.8798828125,16715.943359375
13826.6259765625,11978.3125,16926.625
13826.6259765625,11978.3125,16926.625
13902.8251953125,11923.0615234375,16838.30078125
13705.1337890625,12288.3232421875,17474.751953125
14099.0478515625,11923.033203125,16840.048828125
#
14137.98046875,11850.8798828125,16715.943359375
13826.6259765625,11978.3125,16926.625
13826.6259765625,11978.3125,16926.625
13902.8251953125,11923.0615234375,16838.30078125
13705.1337890625,12288.3232421875,17474.751953125
14099.0478515625,11923.033203125,16840.048828125
#
14137.98046875,11850.8798828125,16715.943359375
13826.6259765625,11978.3125,16926.625
13826.6259765625,11978.3125,16926.625
13902.8251953125,11923.0615234375,16838.30078125
13705.1337890625,12288.3232421875,17474.751953125
14099.0478515625,11923.033203125,16840.048828125
13705.7822265625,12240.0537109375,17393.390625
#
14137.98046875,11850.8798828125,16715.943359375
13826.6259765625,11978.3125,16926.625
13826.6259765625,11978.3125,16926.625
13902.8251953125,11923.0615234375,16838.30078125
14099.0478515625,11923.033203125,16840.048828125
13705.1337890625,12288.3232421875,17474.751953125
13705.7822265625,12240.0537109375,17393.390625
#
14137.98046875,11850.8798828125,16715.943359375
13826.6259765625,11978.3125,16926.625
13826.6259765625,11978.3125,16926.625
13902.8251953125,11923.0615234375,16838.30078125
14099.0478515625,11923.033203125,16840.048828125
13705.1337890625,12288.3232421875,17474.751953125
13705.7822265625,12240.0537109375,17393.390625
#
14665.6630859375,11647.662109375,16362.787109375
13826.6259765625,11978.3125,16926.625
14225.7734375,11915.1611328125,16832.25390625
13902.8251953125,11923.0615234375,16838.30078125
14099.0478515625,11923.033203125,16840.048828125
13705.1337890625,12288.3232421875,17474.751953125
13705.7822265625,12240.0537109375,17393.390625
#
14665.6630859375,11647.662109375,16362.787109375
13826.6259765625,11978.3125,16926.625
14225.7734375,11915.1611328125,16832.25390625
13902.8251953125,11923.0615234375,16838.30078125
14099.0478515625,11923.033203125,16840.048828125
13705.1337890625,12288.3232421875,17474.751953125
13705.1337890625,12288.3232421875,17474.751953125
#
14665.6630859375,11647.662109375,16362.787109375
13826.6259765625,11978.3125,16926.625
14225.7734375,11915.1611328125,16832.25390625
13902.8251953125,11923.0615234375,16838.30078125
14099.0478515625,11923.033203125,16840.048828125
13705.1337890625,12288.3232421875,17474.751953125
#
14665.6630859375,11647.662109375,16362.787109375
13826.6259765625,11978.3125,16926.625
14225.7734375,11915.1611328125,16832.25390625
13902.8251953125,11923.0615234375,16838.30078125
14099.0478515625,11923.033203125,16840.048828125
13705.1337890625,12288.3232421875,17474.751953125
13705.1337890625,12288.3232421875,17474.751953125
#
14665.6630859375,11647.662109375,16362.787109375
13826.6259765625,11978.3125,16926.625
14137.98046875,11850.8798828125,16715.943359375
13902.8251953125,11923.0615234375,16838.30078125
13902.8251953125,11923.0615234375,16838.30078125
14029.5517578125,11915.1904296875,16830.5
13705.1337890625,12288.3232421875,17474.751953125
13705.1337890625,12288.3232421875,17474.751953125
#
14665.6630859375,11647.662109375,16362.787109375
13826.6259765625,11978.3125,16926.625
13902.8251953125,11923.0615234375,16838.30078125
14137.98046875,11850.8798828125,16715.943359375
14137.98046875,11850.8798828125,16715.943359375
14029.5517578125,11915.1904296875,16830.5
13705.1337890625,12288.3232421875,17474.751953125
13705.1337890625,12288.3232421875,17474.751953125
#
14665.6630859375,11647.662109375,16362.787109375
13826.6259765625,11978.3125,16926.625
14137.98046875,11850.8798828125,16715.943359375
13902.8251953125,11923.0615234375,16838.30078125
13902.8251953125,11923.0615234375,16838.30078125
14099.0478515625,11923.033203125,16840.048828125
13705.1337890625,12288.3232421875,17474.751953125
13705.1337890625,12288.3232421875,17474.751953125
#
14665.6630859375,11647.662109375,16362.787109375
13826.6259765625,11978.3125,16926.625
14137.98046875,11850.8798828125,16715.943359375
13902.8251953125,11923.0615234375,16838.30078125
13902.8251953125,11923.0615234375,16838.30078125
14099.0478515625,11923.033203125,16840.048828125
13705.1337890625,12288.3232421875,17474.751953125
13705.1337890625,12288.3232421875,17474.751953125
#
14665.6630859375,11647.662109375,16362.787109375
13902.8251953125,11923.0615234375,16838.30078125
13826.6259765625,11978.3125,16926.625
14137.98046875,11850.8798828125,16715.943359375
14011.2548828125,11858.7509765625,16723.740234375
13705.1337890625,12288.3232421875,17474.751953125
13705.1337890625,12288.3232421875,17474.751953125
#
14665.6630859375,11647.662109375,16362.787109375
13902.8251953125,11923.0615234375,16838.30078125
13826.6259765625,11978.3125,16926.625
14137.98046875,11850.8798828125,16715.943359375
14011.2548828125,11858.7509765625,16723.740234375
13705.1337890625,12288.3232421875,17474.751953125
13705.1337890625,12288.3232421875,17474.751953125
#
14665.6630859375,11647.662109375,16362.787109375
13902.8251953125,11923.0615234375,16838.30078125
13826.6259765625,11978.3125,16926.625
14137.98046875,11850.8798828125,16715.943359375
14011.2548828125,11858.7509765625,16723.740234375
13705.1337890625,12288.3232421875,17474.751953125
13705.1337890625,12288.3232421875,17474.751953125
#
14665.6630859375,11647.662109375,16362.787109375
13902.8251953125,11923.0615234375,16838.30078125
13826.6259765625,11978.3125,16926.625
14137.98046875,11850.8798828125,16715.943359375
14011.2548828125,11858.7509765625,16723.740234375
14011.2548828125,11858.7509765625,16723.740234375
13705.1337890625,12288.3232421875,17474.751953125
13705.1337890625,12288.3232421875,17474.751953125
#
14665.6630859375,11647.662109375,16362.787109375
13902.8251953125,11923.0615234375,16838.30078125
13826.6259765625,11978.3125,16926.625
14137.98046875,11850.8798828125,16715.943359375
14011.2548828125,11858.7509765625,16723.740234375
13705.1337890625,12288.3232421875,17474.751953125
13705.1337890625,12288.3232421875,17474.751953125
#
14665.6630859375,11647.662109375,16362.787109375
13902.8251953125,11923.0615234375,16838.30078125
13826.6259765625,11978.3125,16926.625
14137.98046875,11850.8798828125,16715.943359375
14011.2548828125,11858.7509765625,16723.740234375
13705.1337890625,12288.3232421875,17474.751953125
13705.1337890625,12288.3232421875,17474.751953125
#
14665.6630859375,11647.662109375,16362.787109375
13902.8251953125,11923.0615234375,16838.30078125
13826.6259765625,11978.3125,16926.625
14137.98046875,11850.8798828125,16715.943359375
14011.2548828125,11858.7509765625,16723.740234375
13705.1337890625,12288.3232421875,17474.751953125
13705.1337890625,12288.3232421875,17474.751953125
#
14665.6630859375,11647.662109375,16362.787109375
13902.8251953125,11923.0615234375,16838.30078125
13826.6259765625,11978.3125,16926.625
14137.98046875,11850.8798828125,16715.943359375
14011.2548828125,11858.7509765625,16723.740234375
14011.2548828125,11858.7509765625,16723.740234375
13705.1337890625,12288.3232421875,17474.751953125
13705.1337890625,12288.3232421875,17474.751953125
#
14665.6630859375,11647.662109375,16362.787109375
13902.8251953125,11923.0615234375,16838.30078125
13826.6259765625,11978.3125,16926.625
14137.98046875,11850.8798828125,16715.943359375
14011.2548828125,11858.7509765625,16723.740234375
14011.2548828125,11858.7509765625,16723.740234375
13648.8427734375,12131.2080078125,17198.646484375
#
14665.6630859375,11647.662109375,16362.787109375
13902.8251953125,11923.0615234375,16838.30078125
13826.6259765625,11978.3125,16926.625
14137.98046875,11850.8798828125,16715.943359375
14011.2548828125,11858.7509765625,16723.740234375
14011.2548828125,11858.7509765625,16723.740234375
13648.8427734375,12131.2080078125,17198.646484375
#
14665.6630859375,11647.662109375,16362.787109375
13902.8251953125,11923.0615234375,16838.30078125
13826.6259765625,11978.3125,16926.625
14137.98046875,11850.8798828125,16715.943359375
14011.2548828125,11858.7509765625,16723.740234375
14011.2548828125,11858.7509765625,16723.740234375
13648.8427734375,12131.2080078125,17198.646484375
#
14665.6630859375,11647.662109375,16362.787109375
13902.8251953125,11923.0615234375,16838.30078125
13826.6259765625,11978.3125,16926.625
14137.98046875,11850.8798828125,16715.943359375
14011.2548828125,11858.7509765625,16723.740234375
14011.2548828125,11858.7509765625,16723.740234375
13648.8427734375,12131.2080078125,17198.646484375
#
14665.6630859375,11647.662109375,16362.787109375
13902.8251953125,11923.0615234375,16838.30078125
13826.6259765625,11978.3125,16926.625
14011.2548828125,11858.7509765625,16723.740234375
14011.2548828125,11858.7509765625,16723.740234375
14137.98046875,11850.8798828125,16715.943359375
14137.98046875,11850.8798828125,16715.943359375
13648.8427734375,12131.2080078125,17198.646484375
#
14665.6630859375,11647.662109375,16362.787109375
13902.8251953125,11923.0615234375,16838.30078125
13826.6259765625,11978.3125,16926.625
14011.2548828125,11858.7509765625,16723.740234375
14011.2548828125,11858.7509765625,16723.740234375
14137.98046875,11850.8798828125,16715.943359375
14137.98046875,11850.8798828125,16715.943359375
14610.6376953125,11812.6806640625,16663.869140625
13648.8427734375,12131.2080078125,17198.646484375
#
14538.9375,11655.533203125,16370.583984375
13902.8251953125,11923.0615234375,16838.30078125
13826.6259765625,11978.3125,16926.625
14011.2548828125,11858.7509765625,16723.740234375
14011.2548828125,11858.7509765625,16723.740234375
14137.98046875,11850.8798828125,16715.943359375
14137.98046875,11850.8798828125,16715.943359375
13648.8427734375,12131.2080078125,17198.646484375
#
14538.9375,11655.533203125,16370.583984375
13902.8251953125,11923.0615234375,16838.30078125
13826.6259765625,11978.3125,16926.625
14011.2548828125,11858.7509765625,16723.740234375
14011.2548828125,11858.7509765625,16723.740234375
14137.98046875,11850.8798828125,16715.943359375
14137.98046875,11850.8798828125,16715.943359375
13648.8427734375,12131.2080078125,17198.646484375
#
14538.9375,11655.533203125,16370.583984375
13902.8251953125,11923.0615234375,16838.30078125
13826.6259765625,11978.3125,16926.625
14011.2548828125,11858.7509765625,16723.740234375
14011.2548828125,11858.7509765625,16723.740234375
14137.98046875,11850.8798828125,16715.943359375
14137.98046875,11850.8798828125,16715.943359375
13648.8427734375,12131.2080078125,17198.646484375
#
14538.9375,11655.533203125,16370.583984375
13902.8251953125,11923.0615234375,16838.30078125
13826.6259765625,11978.3125,16926.625
14011.2548828125,11858.7509765625,16723.740234375
14430.5068359375,11719.84375,16485.140625
14137.98046875,11850.8798828125,16715.943359375
14137.98046875,11850.8798828125,16715.943359375
13648.8427734375,12131.2080078125,17198.646484375
#
14538.9375,11655.533203125,16370.583984375
13902.8251953125,11923.0615234375,16838.30078125
13826.6259765625,11978.3125,16926.625
13826.6259765625,11978.3125,16926.625
14011.2548828125,11858.7509765625,16723.740234375
14430.5068359375,11719.84375,16485.140625
14137.98046875,11850.8798828125,16715.943359375
14137.98046875,11850.8798828125,16715.943359375
13648.8427734375,12131.2080078125,17198.646484375
#
14538.9375,11655.533203125,16370.583984375
13902.8251953125,11923.0615234375,16838.30078125
13826.6259765625,11978.3125,16926.625
13826.6259765625,11978.3125,16926.625
14011.2548828125,11858.7509765625,16723.740234375
14430.5068359375,11719.84375,16485.140625
14387.958984375,11845.3701171875,16711.63671875
14137.98046875,11850.8798828125,16715.943359375
14137.98046875,11850.8798828125,16715.943359375
13648.8427734375,12131.2080078125,17198.646484375
#
14538.9375,11655.533203125,16370.583984375
13902.8251953125,11923.0615234375,16838.30078125
13826.6259765625,11978.3125,16926.625
13826.6259765625,11978.3125,16926.625
14011.2548828125,11858.7509765625,16723.740234375
14430.5068359375,11719.84375,16485.140625
14387.958984375,11845.3701171875,16711.63671875
14137.98046875,11850.8798828125,16715.943359375
14137.98046875,11850.8798828125,16715.943359375
13648.8427734375,12131.2080078125,17198.646484375
#
14538.9375,11655.533203125,16370.583984375
13902.8251953125,11923.0615234375,16838.30078125
13826.6259765625,11978.3125,16926.625
13826.6259765625,11978.3125,16926.625
14011.2548828125,11858.7509765625,16723.740234375
14430.5068359375,11719.84375,16485.140625
14387.958984375,11845.3701171875,16711.63671875
14137.98046875,11850.8798828125,16715.943359375
14137.98046875,11850.8798828125,16715.943359375
13648.8427734375,12131.2080078125,17198.646484375
#
14538.9375,11655.533203125,16370.583984375
13902.8251953125,11923.0615234375,16838.30078125
13826.6259765625,11978.3125,16926.625
13826.6259765625,11978.3125,16926.625
14011.2548828125,11858.7509765625,16723.740234375
14430.5068359375,11719.84375,16485.140625
14387.958984375,11845.3701171875,16711.63671875
14137.98046875,11850.8798828125,16715.943359375
14137.98046875,11850.8798828125,16715.943359375
13648.8427734375,12131.2080078125,17198.646484375
#
14538.9375,11655.533203125,16370.583984375
13902.8251953125,11923.0615234375,16838.30078125
13826.6259765625,11978.3125,16926.625
13826.6259765625,11978.3125,16926.625
14011.2548828125,11858.7509765625,16723.740234375
14430.5068359375,11719.84375,16485.140625
14387.958984375,11845.3701171875,16711.63671875
14137.98046875,11850.8798828125,16715.943359375
14137.98046875,11850.8798828125,16715.943359375
13648.8427734375,12131.2080078125,17198.646484375
#
14538.9375,11655.533203125,16370.583984375
13902.8251953125,11923.0615234375,16838.30078125
13826.6259765625,11978.3125,16926.625
13826.6259765625,11978.3125,16926.625
14011.2548828125,11858.7509765625,16723.740234375
14430.5068359375,11719.84375,16485.140625
14387.958984375,11845.3701171875,16711.63671875
14137.98046875,11850.8798828125,16715.943359375
14137.98046875,11850.8798828125,16715.943359375
13648.8427734375,12131.2080078125,17198.646484375
#
14538.9375,11655.533203125,16370.583984375
13902.8251953125,11923.0615234375,16838.30078125
13826.6259765625,11978.3125,16926.625
13826.6259765625,11978.3125,16926.625
14011.2548828125,11858.7509765625,16723.740234375
14430.5068359375,11719.84375,16485.140625
14387.958984375,11845.3701171875,16711.63671875
14137.98046875,11850.8798828125,16715.943359375
14137.98046875,11850.8798828125,16715.943359375
13648.8427734375,12131.2080078125,17198.646484375
#
14538.9375,11655.533203125,16370.583984375
13902.8251953125,11923.0615234375,16838.30078125
13826.6259765625,11978.3125,16926.625
13826.6259765625,11978.3125,16926.625
14011.2548828125,11858.7509765625,16723.740234375
14430.5068359375,11719.84375,16485.140625
14387.958984375,11845.3701171875,16711.63671875
14137.98046875,11850.8798828125,16715.943359375
14137.98046875,11850.8798828125,16715.943359375
13648.8427734375,12131.2080078125,17198.646484375
#
14538.9375,11655.533203125,16370.583984375
13902.8251953125,11923.0615234375,16838.30078125
13826.6259765625,11978.3125,16926.625
13826.6259765625,11978.3125,16926.625
14011.2548828125,11858.7509765625,16723.740234375
14430.5068359375,11719.84375,16485.140625
14387.958984375,11845.3701171875,16711.63671875
14137.98046875,11850.8798828125,16715.943359375
14137.98046875,11850.8798828125,16715.943359375
13648.8427734375,12131.2080078125,17198.646484375
#
14538.9375,11655.533203125,16370.583984375
13902.8251953125,11923.0615234375,16838.30078125
13826.6259765625,11978.3125,16926.625
13826.6259765625,11978.3125,16926.625
14011.2548828125,11858.7509765625,16723.740234375
14430.5068359375,11719.84375,16485.140625
14387.958984375,11845.3701171875,16711.63671875
14137.98046875,11850.8798828125,16715.943359375
14137.98046875,11850.8798828125,16715.943359375
13648.8427734375,12131.2080078125,17198.646484375
#
14538.9375,11655.533203125,16370.583984375
13902.8251953125,11923.0615234375,16838.30078125
13826.6259765625,11978.3125,16926.625
13826.6259765625,11978.3125,16926.625
14011.2548828125,11858.7509765625,16723.740234375
14430.5068359375,11719.84375,16485.140625
14387.958984375,11845.3701171875,16711.63671875
14137.98046875,11850.8798828125,16715.943359375
14137.98046875,11850.8798828125,16715.943359375
13648.8427734375,12131.2080078125,17198.646484375
#
14538.9375,11655.533203125,16370.583984375
13902.8251953125,11923.0615234375,16838.30078125
13826.6259765625,11978.3125,16926.625
13826.6259765625,11978.3125,16926.625
14011.2548828125,11858.7509765625,16723.740234375
14430.5068359375,11719.84375,16485.140625
14387.958984375,11845.3701171875,16711.63671875
14137.98046875,11850.8798828125,16715.943359375
14137.98046875,11850.8798828125,16715.943359375
13648.8427734375,12131.2080078125,17198.646484375
#
14538.9375,11655.533203125,16370.583984375
13902.8251953125,11923.0615234375,16838.30078125
13826.6259765625,11978.3125,16926.625
13826.6259765625,11978.3125,16926.625
14011.2548828125,11858.7509765625,16723.740234375
14430.5068359375,11719.84375,16485.140625
14387.958984375,11845.3701171875,16711.63671875
14137.98046875,11850.8798828125,16715.943359375
14137.98046875,11850.8798828125,16715.943359375
13648.8427734375,12131.2080078125,17198.646484375
#
14538.9375,11655.533203125,16370.583984375
13902.8251953125,11923.0615234375,16838.30078125
13826.6259765625,11978.3125,16926.625
13826.6259765625,11978.3125,16926.625
14011.2548828125,11858.7509765625,16723.740234375
14430.5068359375,11719.84375,16485.140625
14387.958984375,11845.3701171875,16711.63671875
14137.98046875,11850.8798828125,16715.943359375
14137.98046875,11850.8798828125,16715.943359375
13648.8427734375,12131.2080078125,17198.646484375
#
14538.9375,11655.533203125,16370.583984375
13902.8251953125,11923.0615234375,16838.30078125
13826.6259765625,11978.3125,16926.625
13826.6259765625,11978.3125,16926.625
14011.2548828125,11858.7509765625,16723.740234375
14430.5068359375,11719.84375,16485.140625
14387.958984375,11845.3701171875,16711.63671875
14137.98046875,11850.8798828125,16715.943359375
14137.98046875,11850.8798828125,16715.943359375
13648.8427734375,12131.2080078125,17198.646484375
#
14538.9375,11655.533203125,16370.583984375
13902.8251953125,11923.0615234375,16838.30078125
13826.6259765625,11978.3125,16926.625
13826.6259765625,11978.3125,16926.625
14011.2548828125,11858.7509765625,16723.740234375
14430.5068359375,11719.84375,16485.140625
14387.958984375,11845.3701171875,16711.63671875
14137.98046875,11850.8798828125,16715.943359375
14137.98046875,11850.8798828125,16715.943359375
13648.8427734375,12131.2080078125,17198.646484375
#
14538.9375,11655.533203125,16370.583984375
13902.8251953125,11923.0615234375,16838.30078125
13826.6259765625,11978.3125,16926.625
13826.6259765625,11978.3125,16926.625
14011.2548828125,11858.7509765625,16723.740234375
14430.5068359375,11719.84375,16485.140625
14387.958984375,11845.3701171875,16711.63671875
14137.98046875,11850.8798828125,16715.943359375
14137.98046875,11850.8798828125,16715.943359375
13648.8427734375,12131.2080078125,17198.646484375
#
14538.9375,11655.533203125,16370.583984375
13902.8251953125,11923.0615234375,16838.30078125
13826.6259765625,11978.3125,16926.625
13826.6259765625,11978.3125,16926.625
14011.2548828125,11858.7509765625,16723.740234375
14430.5068359375,11719.84375,16485.140625
14387.958984375,11845.3701171875,16711.63671875
14137.98046875,11850.8798828125,16715.943359375
14137.98046875,11850.8798828125,16715.943359375
13648.8427734375,12131.2080078125,17198.646484375
#
14538.9375,11655.533203125,16370.583984375
13902.8251953125,11923.0615234375,16838.30078125
13826.6259765625,11978.3125,16926.625
13826.6259765625,11978.3125,16926.625
14011.2548828125,11858.7509765625,16723.740234375
14430.5068359375,11719.84375,16485.140625
14387.958984375,11845.3701171875,16711.63671875
14137.98046875,11850.8798828125,16715.943359375
14137.98046875,11850.8798828125,16715.943359375
13648.8427734375,12131.2080078125,17198.646484375
#
14538.9375,11655.533203125,16370.583984375
13902.8251953125,11923.0615234375,16838.30078125
13826.6259765625,11978.3125,16926.625
13826.6259765625,11978.3125,16926.625
14011.2548828125,11858.7509765625,16723.740234375
14430.5068359375,11719.84375,16485.140625
14387.958984375,11845.3701171875,16711.63671875
14137.98046875,11850.8798828125,16715.943359375
14137.98046875,11850.8798828125,16715.943359375
13648.8427734375,12131.2080078125,17198.646484375
#
14538.9375,11655.533203125,16370.583984375
13902.8251953125,11923.0615234375,16838.30078125
13826.6259765625,11978.3125,16926.625
13826.6259765625,11978.3125,16926.625
14011.2548828125,11858.7509765625,16723.740234375
14430.5068359375,11719.84375,16485.140625
13929.22265625,11922.69140625,16838.169921875
14387.958984375,11845.3701171875,16711.63671875
14137.98046875,11850.8798828125,16715.943359375
14137.98046875,11850.8798828125,16715.943359375
13648.8427734375,12131.2080078125,17198.646484375
#
14538.9375,11655.533203125,16370.583984375
13902.8251953125,11923.0615234375,16838.30078125
13826.6259765625,11978.3125,16926.625
13826.6259765625,11978.3125,16926.625
14011.2548828125,11858.7509765625,16723.740234375
14430.5068359375,11719.84375,16485.140625
13929.22265625,11922.69140625,16838.169921875
14387.958984375,11845.3701171875,16711.63671875
14137.98046875,11850.8798828125,16715.943359375
14137.98046875,11850.8798828125,16715.943359375
14410.5869140625,11819.53515625,16669.974609375
13648.8427734375,12131.2080078125,17198.646484375
#
14538.9375,11655.533203125,16370.583984375
13902.8251953125,11923.0615234375,16838.30078125
13826.6259765625,11978.3125,16926.625
13826.6259765625,11978.3125,16926.625
14011.2548828125,11858.7509765625,16723.740234375
14430.5068359375,11719.84375,16485.140625
13929.22265625,11922.69140625,16838.169921875
14387.958984375,11845.3701171875,16711.63671875
14137.98046875,11850.8798828125,16715.943359375
14137.98046875,11850.8798828125,16715.943359375
14410.5869140625,11819.53515625,16669.974609375
13648.8427734375,12131.2080078125,17198.646484375
#
14538.9375,11655.533203125,16370.583984375
13902.8251953125,11923.0615234375,16838.30078125
13826.6259765625,11978.3125,16926.625
13826.6259765625,11978.3125,16926.625
14011.2548828125,11858.7509765625,16723.740234375
14430.5068359375,11719.84375,16485.140625
13929.22265625,11922.69140625,16838.169921875
14387.958984375,11845.3701171875,16711.63671875
14137.98046875,11850.8798828125,16715.943359375
14137.98046875,11850.8798828125,16715.943359375
14410.5869140625,11819.53515625,16669.974609375
13648.8427734375,12131.2080078125,17198.646484375
#
14538.9375,11655.533203125,16370.583984375
13902.8251953125,11923.0615234375,16838.30078125
13826.6259765625,11978.3125,16926.625
13826.6259765625,11978.3125,16926.625
14011.2548828125,11858.7509765625,16723.740234375
14430.5068359375,11719.84375,16485.140625
13929.22265625,11922.69140625,16838.169921875
14387.958984375,11845.3701171875,16711.63671875
14137.98046875,11850.8798828125,16715.943359375
14137.98046875,11850.8798828125,16715.943359375
14410.5869140625,11819.53515625,16669.974609375
13648.8427734375,12131.2080078125,17198.646484375
#
14538.9375,11655.533203125,16370.583984375
13902.8251953125,11923.0615234375,16838.30078125
13826.6259765625,11978.3125,16926.625
13826.6259765625,11978.3125,16926.625
14011.2548828125,11858.7509765625,16723.740234375
14430.5068359375,11719.84375,16485.140625
13929.22265625,11922.69140625,16838.169921875
14387.958984375,11845.3701171875,16711.63671875
14137.98046875,11850.8798828125,16715.943359375
14137.98046875,11850.8798828125,16715.943359375
14410.5869140625,11819.53515625,16669.974609375
13648.8427734375,12131.2080078125,17198.646484375
