#
12869.87890625 66805.8984375 12869.87890625
28688.19140625 2268.0 37254.0
29829.3359375 57300.0 960.0
19522.400390625 67420.0 5141.9482421875
18495.80078125 37584.0 12975.0908203125
28688.19140625 2268.0 37254.0
27952.3359375 32660.0 1668.0
28688.19140625 2268.0 37254.0
28294.078125 32532.0 1571.0
28688.19140625 2268.0 37254.0
28688.19140625 2268.0 37254.0
28688.19140625 2268.0 37254.0
28688.19140625 2268.0 37254.0
18495.80078125 37584.0 12975.0908203125
26767.654296875 36430.0 1526.0
28688.19140625 2268.0 37254.0
28688.19140625 2268.0 37254.0
18495.80078125 37584.0 12975.0908203125
28688.19140625 2268.0 37254.0
27952.3359375 32660.0 1668.0
12869.87890625 66805.8984375 12869.87890625
12869.87890625 66805.8984375 12869.87890625
72027.703125 14125.2724609375 1315.0
27952.3359375 32660.0 1668.0
27952.3359375 32660.0 1668.0
26767.654296875 36430.0 1526.0
18495.80078125 37584.0 12975.0908203125
60682.69921875 16412.181640625 1427.0
27952.3359375 32660.0 1668.0
27952.3359375 32660.0 1668.0
60682.69921875 16412.181640625 1427.0
27952.3359375 32660.0 1668.0
18495.80078125 37584.0 12975.0908203125
12869.87890625 66805.8984375 12869.87890625
28688.19140625 2268.0 37254.0
28688.19140625 2268.0 37254.0
28688.19140625 2268.0 37254.0
28294.078125 32532.0 1571.0
26767.654296875 36430.0 1526.0
28688.19140625 2268.0 37254.0
27952.3359375 32660.0 1668.0
28688.19140625 2268.0 37254.0
28688.19140625 2268.0 37254.0
28688.19140625 2268.0 37254.0
28066.078125 2748.0 41368.0
27952.3359375 32660.0 1668.0
28688.19140625 2268.0 37254.0
27952.3359375 32660.0 1668.0
28688.19140625 2268.0 37254.0
27952.3359375 32660.0 1668.0
27952.3359375 32660.0 1668.0
28688.19140625 2268.0 37254.0
26767.654296875 36430.0 1526.0
18495.80078125 37584.0 12975.0908203125
28294.078125 32532.0 1571.0
27952.3359375 32660.0 1668.0
72027.703125 14125.2724609375 1315.0
27952.3359375 32660.0 1668.0
28688.19140625 2268.0 37254.0
27952.3359375 32660.0 1668.0
27952.3359375 32660.0 1668.0
19522.400390625 67420.0 5141.9482421875
72027.703125 14125.2724609375 1315.0
28688.19140625 2268.0 37254.0
28688.19140625 2268.0 37254.0
26767.654296875 36430.0 1526.0
27952.3359375 32660.0 1668.0
28688.19140625 2268.0 37254.0
28688.19140625 2268.0 37254.0
28688.19140625 2268.0 37254.0
28066.078125 2748.0 41368.0
27952.3359375 32660.0 1668.0
72027.703125 14125.2724609375 1315.0
25770.560546875 42488.0 1483.0
27952.3359375 32660.0 1668.0
60682.69921875 16412.181640625 1427.0
18495.80078125 37584.0 12975.0908203125
27952.3359375 32660.0 1668.0
72027.703125 14125.2724609375 1315.0
77128.5 14183.4541015625 1150.0
26767.654296875 36430.0 1526.0
29970.892578125 2334.0 36750.0
28688.19140625 2268.0 37254.0
12869.87890625 66805.8984375 12869.87890625
28688.19140625 2268.0 37254.0
72027.703125 14125.2724609375 1315.0
25770.560546875 42488.0 1483.0
60682.69921875 16412.181640625 1427.0
27952.3359375 32660.0 1668.0
27952.3359375 32660.0 1668.0
27952.3359375 32660.0 1668.0
28688.19140625 2268.0 37254.0
28688.19140625 2268.0 37254.0
25770.560546875 42488.0 1483.0
28294.078125 32532.0 1571.0
27952.3359375 32660.0 1668.0
27952.3359375 32660.0 1668.0
27952.3359375 32660.0 1668.0
27952.3359375 32660.0 1668.0
28688.19140625 2268.0 37254.0
#
