#
160487.0,0.06533333333333333,0.09266666666666666,0.007333333333333333,0.6966666666666667,0.07533333333333334,0.8313333333333334,0.7787247474747475	
148999.0,0.014,0.10666666666666667,0.006,0.5353333333333333,0.08066666666666666,0.9106666666666666,0.7870522995522995	
#
160487.0,0.06533333333333333,0.09266666666666666,0.007333333333333333,0.6966666666666667,0.07533333333333334,0.8313333333333334,0.7787247474747475	
148999.0,0.014,0.10666666666666667,0.006,0.5353333333333333,0.08066666666666666,0.9106666666666666,0.7870522995522995	
140920.0,0.04733333333333333,0.078,0.005333333333333333,0.7046666666666667,0.09866666666666667,0.7906666666666666,0.7316644091847265	
#
147385.0,0.06933333333333333,0.10133333333333333,0.006666666666666667,0.6273333333333333,0.098,0.866,0.803677536231884	
148999.0,0.014,0.10666666666666667,0.006,0.5353333333333333,0.08066666666666666,0.9106666666666666,0.7870522995522995	
140920.0,0.04733333333333333,0.078,0.005333333333333333,0.7046666666666667,0.09866666666666667,0.7906666666666666,0.7316644091847265	
160487.0,0.06533333333333333,0.09266666666666666,0.007333333333333333,0.6966666666666667,0.07533333333333334,0.8313333333333334,0.7787247474747475	
#
147033.0,0.176,0.09666666666666666,0.006666666666666667,0.792,0.09,0.8193333333333334,0.7802173913043479	
148999.0,0.014,0.10666666666666667,0.006,0.5353333333333333,0.08066666666666666,0.9106666666666666,0.7870522995522995	
140920.0,0.04733333333333333,0.078,0.005333333333333333,0.7046666666666667,0.09866666666666667,0.7906666666666666,0.7316644091847265	
145037.0,0.04466666666666667,0.10466666666666667,0.007333333333333333,0.58,0.09133333333333334,0.9173333333333333,0.8206793206793207	
160487.0,0.06533333333333333,0.09266666666666666,0.007333333333333333,0.6966666666666667,0.07533333333333334,0.8313333333333334,0.7787247474747475	
#
147033.0,0.176,0.09666666666666666,0.006666666666666667,0.792,0.09,0.8193333333333334,0.7802173913043479	
148999.0,0.014,0.10666666666666667,0.006,0.5353333333333333,0.08066666666666666,0.9106666666666666,0.7870522995522995	
140920.0,0.04733333333333333,0.078,0.005333333333333333,0.7046666666666667,0.09866666666666667,0.7906666666666666,0.7316644091847265	
145037.0,0.04466666666666667,0.10466666666666667,0.007333333333333333,0.58,0.09133333333333334,0.9173333333333333,0.8206793206793207	
160487.0,0.06533333333333333,0.09266666666666666,0.007333333333333333,0.6966666666666667,0.07533333333333334,0.8313333333333334,0.7787247474747475	
#
147033.0,0.176,0.09666666666666666,0.006666666666666667,0.792,0.09,0.8193333333333334,0.7802173913043479	
140920.0,0.04733333333333333,0.078,0.005333333333333333,0.7046666666666667,0.09866666666666667,0.7906666666666666,0.7316644091847265	
145037.0,0.04466666666666667,0.10466666666666667,0.007333333333333333,0.58,0.09133333333333334,0.9173333333333333,0.8206793206793207	
148999.0,0.014,0.10666666666666667,0.006,0.5353333333333333,0.08066666666666666,0.9106666666666666,0.7870522995522995	
160487.0,0.06533333333333333,0.09266666666666666,0.007333333333333333,0.6966666666666667,0.07533333333333334,0.8313333333333334,0.7787247474747475	
#
145037.0,0.04466666666666667,0.10466666666666667,0.007333333333333333,0.58,0.09133333333333334,0.9173333333333333,0.8206793206793207	
144329.0,0.03666666666666667,0.11133333333333334,0.006,0.5666666666666667,0.112,0.896,0.7797623672623673	
147033.0,0.176,0.09666666666666666,0.006666666666666667,0.792,0.09,0.8193333333333334,0.7802173913043479	
140920.0,0.04733333333333333,0.078,0.005333333333333333,0.7046666666666667,0.09866666666666667,0.7906666666666666,0.7316644091847265	
148999.0,0.014,0.10666666666666667,0.006,0.5353333333333333,0.08066666666666666,0.9106666666666666,0.7870522995522995	
160487.0,0.06533333333333333,0.09266666666666666,0.007333333333333333,0.6966666666666667,0.07533333333333334,0.8313333333333334,0.7787247474747475	
#
145037.0,0.04466666666666667,0.10466666666666667,0.007333333333333333,0.58,0.09133333333333334,0.9173333333333333,0.8206793206793207	
144329.0,0.03666666666666667,0.11133333333333334,0.006,0.5666666666666667,0.112,0.896,0.7797623672623673	
147033.0,0.176,0.09666666666666666,0.006666666666666667,0.792,0.09,0.8193333333333334,0.7802173913043479	
140920.0,0.04733333333333333,0.078,0.005333333333333333,0.7046666666666667,0.09866666666666667,0.7906666666666666,0.7316644091847265	
142625.0,0.07533333333333334,0.098,0.005333333333333333,0.604,0.108,0.906,0.7541246118012422	
140410.0,0.16266666666666665,0.09266666666666666,0.006,0.6993333333333334,0.10733333333333334,0.908,0.767659890466908	
144220.0,0.05466666666666667,0.11133333333333334,0.006,0.5653333333333334,0.106,0.9173333333333333,0.7900005087505088	
148999.0,0.014,0.10666666666666667,0.006,0.5353333333333333,0.08066666666666666,0.9106666666666666,0.7870522995522995	
160487.0,0.06533333333333333,0.09266666666666666,0.007333333333333333,0.6966666666666667,0.07533333333333334,0.8313333333333334,0.7787247474747475	
#
145037.0,0.04466666666666667,0.10466666666666667,0.007333333333333333,0.58,0.09133333333333334,0.9173333333333333,0.8206793206793207	
144329.0,0.03666666666666667,0.11133333333333334,0.006,0.5666666666666667,0.112,0.896,0.7797623672623673	
147033.0,0.176,0.09666666666666666,0.006666666666666667,0.792,0.09,0.8193333333333334,0.7802173913043479	
140920.0,0.04733333333333333,0.078,0.005333333333333333,0.7046666666666667,0.09866666666666667,0.7906666666666666,0.7316644091847265	
142625.0,0.07533333333333334,0.098,0.005333333333333333,0.604,0.108,0.906,0.7541246118012422	
140410.0,0.16266666666666665,0.09266666666666666,0.006,0.6993333333333334,0.10733333333333334,0.908,0.767659890466908	
144220.0,0.05466666666666667,0.11133333333333334,0.006,0.5653333333333334,0.106,0.9173333333333333,0.7900005087505088	
148999.0,0.014,0.10666666666666667,0.006,0.5353333333333333,0.08066666666666666,0.9106666666666666,0.7870522995522995	
160487.0,0.06533333333333333,0.09266666666666666,0.007333333333333333,0.6966666666666667,0.07533333333333334,0.8313333333333334,0.7787247474747475	
#
138541.0,0.076,0.11533333333333333,0.004666666666666667,0.7033333333333334,0.10533333333333333,0.832,0.7012151014251855	
144329.0,0.03666666666666667,0.11133333333333334,0.006,0.5666666666666667,0.112,0.896,0.7797623672623673	
147033.0,0.176,0.09666666666666666,0.006666666666666667,0.792,0.09,0.8193333333333334,0.7802173913043479	
145037.0,0.04466666666666667,0.10466666666666667,0.007333333333333333,0.58,0.09133333333333334,0.9173333333333333,0.8206793206793207	
140410.0,0.16266666666666665,0.09266666666666666,0.006,0.6993333333333334,0.10733333333333334,0.908,0.767659890466908	
140920.0,0.04733333333333333,0.078,0.005333333333333333,0.7046666666666667,0.09866666666666667,0.7906666666666666,0.7316644091847265	
142625.0,0.07533333333333334,0.098,0.005333333333333333,0.604,0.108,0.906,0.7541246118012422	
144220.0,0.05466666666666667,0.11133333333333334,0.006,0.5653333333333334,0.106,0.9173333333333333,0.7900005087505088	
148999.0,0.014,0.10666666666666667,0.006,0.5353333333333333,0.08066666666666666,0.9106666666666666,0.7870522995522995	
160487.0,0.06533333333333333,0.09266666666666666,0.007333333333333333,0.6966666666666667,0.07533333333333334,0.8313333333333334,0.7787247474747475	
#
138541.0,0.076,0.11533333333333333,0.004666666666666667,0.7033333333333334,0.10533333333333333,0.832,0.7012151014251855	
144329.0,0.03666666666666667,0.11133333333333334,0.006,0.5666666666666667,0.112,0.896,0.7797623672623673	
136883.0,0.08466666666666667,0.104,0.004666666666666667,0.6886666666666666,0.118,0.8513333333333334,0.7367543171114599	
140410.0,0.16266666666666665,0.09266666666666666,0.006,0.6993333333333334,0.10733333333333334,0.908,0.767659890466908	
147033.0,0.176,0.09666666666666666,0.006666666666666667,0.792,0.09,0.8193333333333334,0.7802173913043479	
140920.0,0.04733333333333333,0.078,0.005333333333333333,0.7046666666666667,0.09866666666666667,0.7906666666666666,0.7316644091847265	
145037.0,0.04466666666666667,0.10466666666666667,0.007333333333333333,0.58,0.09133333333333334,0.9173333333333333,0.8206793206793207	
142625.0,0.07533333333333334,0.098,0.005333333333333333,0.604,0.108,0.906,0.7541246118012422	
144220.0,0.05466666666666667,0.11133333333333334,0.006,0.5653333333333334,0.106,0.9173333333333333,0.7900005087505088	
148999.0,0.014,0.10666666666666667,0.006,0.5353333333333333,0.08066666666666666,0.9106666666666666,0.7870522995522995	
160487.0,0.06533333333333333,0.09266666666666666,0.007333333333333333,0.6966666666666667,0.07533333333333334,0.8313333333333334,0.7787247474747475	
#
138541.0,0.076,0.11533333333333333,0.004666666666666667,0.7033333333333334,0.10533333333333333,0.832,0.7012151014251855	
144329.0,0.03666666666666667,0.11133333333333334,0.006,0.5666666666666667,0.112,0.896,0.7797623672623673	
136883.0,0.08466666666666667,0.104,0.004666666666666667,0.6886666666666666,0.118,0.8513333333333334,0.7367543171114599	
140410.0,0.16266666666666665,0.09266666666666666,0.006,0.6993333333333334,0.10733333333333334,0.908,0.767659890466908	
147033.0,0.176,0.09666666666666666,0.006666666666666667,0.792,0.09,0.8193333333333334,0.7802173913043479	
140920.0,0.04733333333333333,0.078,0.005333333333333333,0.7046666666666667,0.09866666666666667,0.7906666666666666,0.7316644091847265	
145037.0,0.04466666666666667,0.10466666666666667,0.007333333333333333,0.58,0.09133333333333334,0.9173333333333333,0.8206793206793207	
142625.0,0.07533333333333334,0.098,0.005333333333333333,0.604,0.108,0.906,0.7541246118012422	
144220.0,0.05466666666666667,0.11133333333333334,0.006,0.5653333333333334,0.106,0.9173333333333333,0.7900005087505088	
148999.0,0.014,0.10666666666666667,0.006,0.5353333333333333,0.08066666666666666,0.9106666666666666,0.7870522995522995	
160487.0,0.06533333333333333,0.09266666666666666,0.007333333333333333,0.6966666666666667,0.07533333333333334,0.8313333333333334,0.7787247474747475	
#
134071.0,0.04466666666666667,0.1,0.004,0.6046666666666667,0.12266666666666666,0.854,0.6941620879120879	
144329.0,0.03666666666666667,0.11133333333333334,0.006,0.5666666666666667,0.112,0.896,0.7797623672623673	
147033.0,0.176,0.09666666666666666,0.006666666666666667,0.792,0.09,0.8193333333333334,0.7802173913043479	
145037.0,0.04466666666666667,0.10466666666666667,0.007333333333333333,0.58,0.09133333333333334,0.9173333333333333,0.8206793206793207	
144220.0,0.05466666666666667,0.11133333333333334,0.006,0.5653333333333334,0.106,0.9173333333333333,0.7900005087505088	
148999.0,0.014,0.10666666666666667,0.006,0.5353333333333333,0.08066666666666666,0.9106666666666666,0.7870522995522995	
160487.0,0.06533333333333333,0.09266666666666666,0.007333333333333333,0.6966666666666667,0.07533333333333334,0.8313333333333334,0.7787247474747475	
#
134071.0,0.04466666666666667,0.1,0.004,0.6046666666666667,0.12266666666666666,0.854,0.6941620879120879	
147033.0,0.176,0.09666666666666666,0.006666666666666667,0.792,0.09,0.8193333333333334,0.7802173913043479	
145037.0,0.04466666666666667,0.10466666666666667,0.007333333333333333,0.58,0.09133333333333334,0.9173333333333333,0.8206793206793207	
144329.0,0.03666666666666667,0.11133333333333334,0.006,0.5666666666666667,0.112,0.896,0.7797623672623673	
144220.0,0.05466666666666667,0.11133333333333334,0.006,0.5653333333333334,0.106,0.9173333333333333,0.7900005087505088	
148999.0,0.014,0.10666666666666667,0.006,0.5353333333333333,0.08066666666666666,0.9106666666666666,0.7870522995522995	
160487.0,0.06533333333333333,0.09266666666666666,0.007333333333333333,0.6966666666666667,0.07533333333333334,0.8313333333333334,0.7787247474747475	
#
134071.0,0.04466666666666667,0.1,0.004,0.6046666666666667,0.12266666666666666,0.854,0.6941620879120879	
144329.0,0.03666666666666667,0.11133333333333334,0.006,0.5666666666666667,0.112,0.896,0.7797623672623673	
145037.0,0.04466666666666667,0.10466666666666667,0.007333333333333333,0.58,0.09133333333333334,0.9173333333333333,0.8206793206793207	
144220.0,0.05466666666666667,0.11133333333333334,0.006,0.5653333333333334,0.106,0.9173333333333333,0.7900005087505088	
147033.0,0.176,0.09666666666666666,0.006666666666666667,0.792,0.09,0.8193333333333334,0.7802173913043479	
148999.0,0.014,0.10666666666666667,0.006,0.5353333333333333,0.08066666666666666,0.9106666666666666,0.7870522995522995	
160487.0,0.06533333333333333,0.09266666666666666,0.007333333333333333,0.6966666666666667,0.07533333333333334,0.8313333333333334,0.7787247474747475	
#
134071.0,0.04466666666666667,0.1,0.004,0.6046666666666667,0.12266666666666666,0.854,0.6941620879120879	
144329.0,0.03666666666666667,0.11133333333333334,0.006,0.5666666666666667,0.112,0.896,0.7797623672623673	
145037.0,0.04466666666666667,0.10466666666666667,0.007333333333333333,0.58,0.09133333333333334,0.9173333333333333,0.8206793206793207	
144220.0,0.05466666666666667,0.11133333333333334,0.006,0.5653333333333334,0.106,0.9173333333333333,0.7900005087505088	
147033.0,0.176,0.09666666666666666,0.006666666666666667,0.792,0.09,0.8193333333333334,0.7802173913043479	
148999.0,0.014,0.10666666666666667,0.006,0.5353333333333333,0.08066666666666666,0.9106666666666666,0.7870522995522995	
160487.0,0.06533333333333333,0.09266666666666666,0.007333333333333333,0.6966666666666667,0.07533333333333334,0.8313333333333334,0.7787247474747475	
#
134071.0,0.04466666666666667,0.1,0.004,0.6046666666666667,0.12266666666666666,0.854,0.6941620879120879	
135475.0,0.06466666666666666,0.108,0.004666666666666667,0.628,0.12,0.8573333333333333,0.7428651059085842	
144336.0,0.074,0.11533333333333333,0.006,0.63,0.108,0.87,0.7740847115847116	
145037.0,0.04466666666666667,0.10466666666666667,0.007333333333333333,0.58,0.09133333333333334,0.9173333333333333,0.8206793206793207	
147033.0,0.176,0.09666666666666666,0.006666666666666667,0.792,0.09,0.8193333333333334,0.7802173913043479	
148999.0,0.014,0.10666666666666667,0.006,0.5353333333333333,0.08066666666666666,0.9106666666666666,0.7870522995522995	
160487.0,0.06533333333333333,0.09266666666666666,0.007333333333333333,0.6966666666666667,0.07533333333333334,0.8313333333333334,0.7787247474747475	
#
134071.0,0.04466666666666667,0.1,0.004,0.6046666666666667,0.12266666666666666,0.854,0.6941620879120879	
135475.0,0.06466666666666666,0.108,0.004666666666666667,0.628,0.12,0.8573333333333333,0.7428651059085842	
138277.0,0.09733333333333333,0.10466666666666667,0.004666666666666667,0.7286666666666667,0.09866666666666667,0.838,0.7180431369872364	
136883.0,0.08466666666666667,0.104,0.004666666666666667,0.6886666666666666,0.118,0.8513333333333334,0.7367543171114599	
145037.0,0.04466666666666667,0.10466666666666667,0.007333333333333333,0.58,0.09133333333333334,0.9173333333333333,0.8206793206793207	
147033.0,0.176,0.09666666666666666,0.006666666666666667,0.792,0.09,0.8193333333333334,0.7802173913043479	
148999.0,0.014,0.10666666666666667,0.006,0.5353333333333333,0.08066666666666666,0.9106666666666666,0.7870522995522995	
160487.0,0.06533333333333333,0.09266666666666666,0.007333333333333333,0.6966666666666667,0.07533333333333334,0.8313333333333334,0.7787247474747475	
#
134071.0,0.04466666666666667,0.1,0.004,0.6046666666666667,0.12266666666666666,0.854,0.6941620879120879	
135475.0,0.06466666666666666,0.108,0.004666666666666667,0.628,0.12,0.8573333333333333,0.7428651059085842	
138277.0,0.09733333333333333,0.10466666666666667,0.004666666666666667,0.7286666666666667,0.09866666666666667,0.838,0.7180431369872364	
136883.0,0.08466666666666667,0.104,0.004666666666666667,0.6886666666666666,0.118,0.8513333333333334,0.7367543171114599	
145037.0,0.04466666666666667,0.10466666666666667,0.007333333333333333,0.58,0.09133333333333334,0.9173333333333333,0.8206793206793207	
147033.0,0.176,0.09666666666666666,0.006666666666666667,0.792,0.09,0.8193333333333334,0.7802173913043479	
148999.0,0.014,0.10666666666666667,0.006,0.5353333333333333,0.08066666666666666,0.9106666666666666,0.7870522995522995	
160487.0,0.06533333333333333,0.09266666666666666,0.007333333333333333,0.6966666666666667,0.07533333333333334,0.8313333333333334,0.7787247474747475	
#
134071.0,0.04466666666666667,0.1,0.004,0.6046666666666667,0.12266666666666666,0.854,0.6941620879120879	
135475.0,0.06466666666666666,0.108,0.004666666666666667,0.628,0.12,0.8573333333333333,0.7428651059085842	
138277.0,0.09733333333333333,0.10466666666666667,0.004666666666666667,0.7286666666666667,0.09866666666666667,0.838,0.7180431369872364	
136143.0,0.062,0.11466666666666667,0.005333333333333333,0.6326666666666667,0.11666666666666667,0.8566666666666667,0.7631951381951382	
145037.0,0.04466666666666667,0.10466666666666667,0.007333333333333333,0.58,0.09133333333333334,0.9173333333333333,0.8206793206793207	
147033.0,0.176,0.09666666666666666,0.006666666666666667,0.792,0.09,0.8193333333333334,0.7802173913043479	
148999.0,0.014,0.10666666666666667,0.006,0.5353333333333333,0.08066666666666666,0.9106666666666666,0.7870522995522995	
160487.0,0.06533333333333333,0.09266666666666666,0.007333333333333333,0.6966666666666667,0.07533333333333334,0.8313333333333334,0.7787247474747475	
#
133030.0,0.08466666666666667,0.11466666666666667,0.004,0.6953333333333334,0.12266666666666666,0.84,0.68871336996337	
135475.0,0.06466666666666666,0.108,0.004666666666666667,0.628,0.12,0.8573333333333333,0.7428651059085842	
138277.0,0.09733333333333333,0.10466666666666667,0.004666666666666667,0.7286666666666667,0.09866666666666667,0.838,0.7180431369872364	
134071.0,0.04466666666666667,0.1,0.004,0.6046666666666667,0.12266666666666666,0.854,0.6941620879120879	
136143.0,0.062,0.11466666666666667,0.005333333333333333,0.6326666666666667,0.11666666666666667,0.8566666666666667,0.7631951381951382	
145037.0,0.04466666666666667,0.10466666666666667,0.007333333333333333,0.58,0.09133333333333334,0.9173333333333333,0.8206793206793207	
147033.0,0.176,0.09666666666666666,0.006666666666666667,0.792,0.09,0.8193333333333334,0.7802173913043479	
148999.0,0.014,0.10666666666666667,0.006,0.5353333333333333,0.08066666666666666,0.9106666666666666,0.7870522995522995	
160487.0,0.06533333333333333,0.09266666666666666,0.007333333333333333,0.6966666666666667,0.07533333333333334,0.8313333333333334,0.7787247474747475	
#
133030.0,0.08466666666666667,0.11466666666666667,0.004,0.6953333333333334,0.12266666666666666,0.84,0.68871336996337	
134071.0,0.04466666666666667,0.1,0.004,0.6046666666666667,0.12266666666666666,0.854,0.6941620879120879	
135475.0,0.06466666666666666,0.108,0.004666666666666667,0.628,0.12,0.8573333333333333,0.7428651059085842	
138277.0,0.09733333333333333,0.10466666666666667,0.004666666666666667,0.7286666666666667,0.09866666666666667,0.838,0.7180431369872364	
136143.0,0.062,0.11466666666666667,0.005333333333333333,0.6326666666666667,0.11666666666666667,0.8566666666666667,0.7631951381951382	
145037.0,0.04466666666666667,0.10466666666666667,0.007333333333333333,0.58,0.09133333333333334,0.9173333333333333,0.8206793206793207	
147033.0,0.176,0.09666666666666666,0.006666666666666667,0.792,0.09,0.8193333333333334,0.7802173913043479	
148999.0,0.014,0.10666666666666667,0.006,0.5353333333333333,0.08066666666666666,0.9106666666666666,0.7870522995522995	
160487.0,0.06533333333333333,0.09266666666666666,0.007333333333333333,0.6966666666666667,0.07533333333333334,0.8313333333333334,0.7787247474747475	
#
133030.0,0.08466666666666667,0.11466666666666667,0.004,0.6953333333333334,0.12266666666666666,0.84,0.68871336996337	
134071.0,0.04466666666666667,0.1,0.004,0.6046666666666667,0.12266666666666666,0.854,0.6941620879120879	
135475.0,0.06466666666666666,0.108,0.004666666666666667,0.628,0.12,0.8573333333333333,0.7428651059085842	
136143.0,0.062,0.11466666666666667,0.005333333333333333,0.6326666666666667,0.11666666666666667,0.8566666666666667,0.7631951381951382	
138277.0,0.09733333333333333,0.10466666666666667,0.004666666666666667,0.7286666666666667,0.09866666666666667,0.838,0.7180431369872364	
145037.0,0.04466666666666667,0.10466666666666667,0.007333333333333333,0.58,0.09133333333333334,0.9173333333333333,0.8206793206793207	
147033.0,0.176,0.09666666666666666,0.006666666666666667,0.792,0.09,0.8193333333333334,0.7802173913043479	
148999.0,0.014,0.10666666666666667,0.006,0.5353333333333333,0.08066666666666666,0.9106666666666666,0.7870522995522995	
160487.0,0.06533333333333333,0.09266666666666666,0.007333333333333333,0.6966666666666667,0.07533333333333334,0.8313333333333334,0.7787247474747475	
#
133030.0,0.08466666666666667,0.11466666666666667,0.004,0.6953333333333334,0.12266666666666666,0.84,0.68871336996337	
134071.0,0.04466666666666667,0.1,0.004,0.6046666666666667,0.12266666666666666,0.854,0.6941620879120879	
135475.0,0.06466666666666666,0.108,0.004666666666666667,0.628,0.12,0.8573333333333333,0.7428651059085842	
136143.0,0.062,0.11466666666666667,0.005333333333333333,0.6326666666666667,0.11666666666666667,0.8566666666666667,0.7631951381951382	
138277.0,0.09733333333333333,0.10466666666666667,0.004666666666666667,0.7286666666666667,0.09866666666666667,0.838,0.7180431369872364	
145037.0,0.04466666666666667,0.10466666666666667,0.007333333333333333,0.58,0.09133333333333334,0.9173333333333333,0.8206793206793207	
147033.0,0.176,0.09666666666666666,0.006666666666666667,0.792,0.09,0.8193333333333334,0.7802173913043479	
148999.0,0.014,0.10666666666666667,0.006,0.5353333333333333,0.08066666666666666,0.9106666666666666,0.7870522995522995	
160487.0,0.06533333333333333,0.09266666666666666,0.007333333333333333,0.6966666666666667,0.07533333333333334,0.8313333333333334,0.7787247474747475	
#
133030.0,0.08466666666666667,0.11466666666666667,0.004,0.6953333333333334,0.12266666666666666,0.84,0.68871336996337	
134071.0,0.04466666666666667,0.1,0.004,0.6046666666666667,0.12266666666666666,0.854,0.6941620879120879	
135475.0,0.06466666666666666,0.108,0.004666666666666667,0.628,0.12,0.8573333333333333,0.7428651059085842	
136399.0,0.05733333333333333,0.10066666666666667,0.004666666666666667,0.6226666666666667,0.11533333333333333,0.8666666666666667,0.7284523120989286	
136143.0,0.062,0.11466666666666667,0.005333333333333333,0.6326666666666667,0.11666666666666667,0.8566666666666667,0.7631951381951382	
138277.0,0.09733333333333333,0.10466666666666667,0.004666666666666667,0.7286666666666667,0.09866666666666667,0.838,0.7180431369872364	
145037.0,0.04466666666666667,0.10466666666666667,0.007333333333333333,0.58,0.09133333333333334,0.9173333333333333,0.8206793206793207	
147033.0,0.176,0.09666666666666666,0.006666666666666667,0.792,0.09,0.8193333333333334,0.7802173913043479	
148999.0,0.014,0.10666666666666667,0.006,0.5353333333333333,0.08066666666666666,0.9106666666666666,0.7870522995522995	
160487.0,0.06533333333333333,0.09266666666666666,0.007333333333333333,0.6966666666666667,0.07533333333333334,0.8313333333333334,0.7787247474747475	
#
133030.0,0.08466666666666667,0.11466666666666667,0.004,0.6953333333333334,0.12266666666666666,0.84,0.68871336996337	
134071.0,0.04466666666666667,0.1,0.004,0.6046666666666667,0.12266666666666666,0.854,0.6941620879120879	
135915.0,0.09333333333333334,0.086,0.004,0.688,0.10733333333333334,0.8546666666666667,0.681134867547911	
135475.0,0.06466666666666666,0.108,0.004666666666666667,0.628,0.12,0.8573333333333333,0.7428651059085842	
138277.0,0.09733333333333333,0.10466666666666667,0.004666666666666667,0.7286666666666667,0.09866666666666667,0.838,0.7180431369872364	
145037.0,0.04466666666666667,0.10466666666666667,0.007333333333333333,0.58,0.09133333333333334,0.9173333333333333,0.8206793206793207	
147033.0,0.176,0.09666666666666666,0.006666666666666667,0.792,0.09,0.8193333333333334,0.7802173913043479	
148999.0,0.014,0.10666666666666667,0.006,0.5353333333333333,0.08066666666666666,0.9106666666666666,0.7870522995522995	
160487.0,0.06533333333333333,0.09266666666666666,0.007333333333333333,0.6966666666666667,0.07533333333333334,0.8313333333333334,0.7787247474747475	
#
133030.0,0.08466666666666667,0.11466666666666667,0.004,0.6953333333333334,0.12266666666666666,0.84,0.68871336996337	
134071.0,0.04466666666666667,0.1,0.004,0.6046666666666667,0.12266666666666666,0.854,0.6941620879120879	
135915.0,0.09333333333333334,0.086,0.004,0.688,0.10733333333333334,0.8546666666666667,0.681134867547911	
135475.0,0.06466666666666666,0.108,0.004666666666666667,0.628,0.12,0.8573333333333333,0.7428651059085842	
138277.0,0.09733333333333333,0.10466666666666667,0.004666666666666667,0.7286666666666667,0.09866666666666667,0.838,0.7180431369872364	
145037.0,0.04466666666666667,0.10466666666666667,0.007333333333333333,0.58,0.09133333333333334,0.9173333333333333,0.8206793206793207	
147033.0,0.176,0.09666666666666666,0.006666666666666667,0.792,0.09,0.8193333333333334,0.7802173913043479	
148999.0,0.014,0.10666666666666667,0.006,0.5353333333333333,0.08066666666666666,0.9106666666666666,0.7870522995522995	
160487.0,0.06533333333333333,0.09266666666666666,0.007333333333333333,0.6966666666666667,0.07533333333333334,0.8313333333333334,0.7787247474747475	
#
133030.0,0.08466666666666667,0.11466666666666667,0.004,0.6953333333333334,0.12266666666666666,0.84,0.68871336996337	
134071.0,0.04466666666666667,0.1,0.004,0.6046666666666667,0.12266666666666666,0.854,0.6941620879120879	
135915.0,0.09333333333333334,0.086,0.004,0.688,0.10733333333333334,0.8546666666666667,0.681134867547911	
135475.0,0.06466666666666666,0.108,0.004666666666666667,0.628,0.12,0.8573333333333333,0.7428651059085842	
138277.0,0.09733333333333333,0.10466666666666667,0.004666666666666667,0.7286666666666667,0.09866666666666667,0.838,0.7180431369872364	
145037.0,0.04466666666666667,0.10466666666666667,0.007333333333333333,0.58,0.09133333333333334,0.9173333333333333,0.8206793206793207	
147033.0,0.176,0.09666666666666666,0.006666666666666667,0.792,0.09,0.8193333333333334,0.7802173913043479	
148999.0,0.014,0.10666666666666667,0.006,0.5353333333333333,0.08066666666666666,0.9106666666666666,0.7870522995522995	
160487.0,0.06533333333333333,0.09266666666666666,0.007333333333333333,0.6966666666666667,0.07533333333333334,0.8313333333333334,0.7787247474747475	
#
133030.0,0.08466666666666667,0.11466666666666667,0.004,0.6953333333333334,0.12266666666666666,0.84,0.68871336996337	
134071.0,0.04466666666666667,0.1,0.004,0.6046666666666667,0.12266666666666666,0.854,0.6941620879120879	
135915.0,0.09333333333333334,0.086,0.004,0.688,0.10733333333333334,0.8546666666666667,0.681134867547911	
135475.0,0.06466666666666666,0.108,0.004666666666666667,0.628,0.12,0.8573333333333333,0.7428651059085842	
138277.0,0.09733333333333333,0.10466666666666667,0.004666666666666667,0.7286666666666667,0.09866666666666667,0.838,0.7180431369872364	
145037.0,0.04466666666666667,0.10466666666666667,0.007333333333333333,0.58,0.09133333333333334,0.9173333333333333,0.8206793206793207	
147033.0,0.176,0.09666666666666666,0.006666666666666667,0.792,0.09,0.8193333333333334,0.7802173913043479	
148999.0,0.014,0.10666666666666667,0.006,0.5353333333333333,0.08066666666666666,0.9106666666666666,0.7870522995522995	
160487.0,0.06533333333333333,0.09266666666666666,0.007333333333333333,0.6966666666666667,0.07533333333333334,0.8313333333333334,0.7787247474747475	
#
133030.0,0.08466666666666667,0.11466666666666667,0.004,0.6953333333333334,0.12266666666666666,0.84,0.68871336996337	
134071.0,0.04466666666666667,0.1,0.004,0.6046666666666667,0.12266666666666666,0.854,0.6941620879120879	
135915.0,0.09333333333333334,0.086,0.004,0.688,0.10733333333333334,0.8546666666666667,0.681134867547911	
135475.0,0.06466666666666666,0.108,0.004666666666666667,0.628,0.12,0.8573333333333333,0.7428651059085842	
138277.0,0.09733333333333333,0.10466666666666667,0.004666666666666667,0.7286666666666667,0.09866666666666667,0.838,0.7180431369872364	
145037.0,0.04466666666666667,0.10466666666666667,0.007333333333333333,0.58,0.09133333333333334,0.9173333333333333,0.8206793206793207	
147033.0,0.176,0.09666666666666666,0.006666666666666667,0.792,0.09,0.8193333333333334,0.7802173913043479	
148999.0,0.014,0.10666666666666667,0.006,0.5353333333333333,0.08066666666666666,0.9106666666666666,0.7870522995522995	
160487.0,0.06533333333333333,0.09266666666666666,0.007333333333333333,0.6966666666666667,0.07533333333333334,0.8313333333333334,0.7787247474747475	
#
133030.0,0.08466666666666667,0.11466666666666667,0.004,0.6953333333333334,0.12266666666666666,0.84,0.68871336996337	
134071.0,0.04466666666666667,0.1,0.004,0.6046666666666667,0.12266666666666666,0.854,0.6941620879120879	
135915.0,0.09333333333333334,0.086,0.004,0.688,0.10733333333333334,0.8546666666666667,0.681134867547911	
135475.0,0.06466666666666666,0.108,0.004666666666666667,0.628,0.12,0.8573333333333333,0.7428651059085842	
138277.0,0.09733333333333333,0.10466666666666667,0.004666666666666667,0.7286666666666667,0.09866666666666667,0.838,0.7180431369872364	
145037.0,0.04466666666666667,0.10466666666666667,0.007333333333333333,0.58,0.09133333333333334,0.9173333333333333,0.8206793206793207	
147033.0,0.176,0.09666666666666666,0.006666666666666667,0.792,0.09,0.8193333333333334,0.7802173913043479	
148999.0,0.014,0.10666666666666667,0.006,0.5353333333333333,0.08066666666666666,0.9106666666666666,0.7870522995522995	
160487.0,0.06533333333333333,0.09266666666666666,0.007333333333333333,0.6966666666666667,0.07533333333333334,0.8313333333333334,0.7787247474747475	
#
133030.0,0.08466666666666667,0.11466666666666667,0.004,0.6953333333333334,0.12266666666666666,0.84,0.68871336996337	
134071.0,0.04466666666666667,0.1,0.004,0.6046666666666667,0.12266666666666666,0.854,0.6941620879120879	
135915.0,0.09333333333333334,0.086,0.004,0.688,0.10733333333333334,0.8546666666666667,0.681134867547911	
135475.0,0.06466666666666666,0.108,0.004666666666666667,0.628,0.12,0.8573333333333333,0.7428651059085842	
138277.0,0.09733333333333333,0.10466666666666667,0.004666666666666667,0.7286666666666667,0.09866666666666667,0.838,0.7180431369872364	
145037.0,0.04466666666666667,0.10466666666666667,0.007333333333333333,0.58,0.09133333333333334,0.9173333333333333,0.8206793206793207	
147033.0,0.176,0.09666666666666666,0.006666666666666667,0.792,0.09,0.8193333333333334,0.7802173913043479	
148999.0,0.014,0.10666666666666667,0.006,0.5353333333333333,0.08066666666666666,0.9106666666666666,0.7870522995522995	
160487.0,0.06533333333333333,0.09266666666666666,0.007333333333333333,0.6966666666666667,0.07533333333333334,0.8313333333333334,0.7787247474747475	
#
133030.0,0.08466666666666667,0.11466666666666667,0.004,0.6953333333333334,0.12266666666666666,0.84,0.68871336996337	
134071.0,0.04466666666666667,0.1,0.004,0.6046666666666667,0.12266666666666666,0.854,0.6941620879120879	
135915.0,0.09333333333333334,0.086,0.004,0.688,0.10733333333333334,0.8546666666666667,0.681134867547911	
135475.0,0.06466666666666666,0.108,0.004666666666666667,0.628,0.12,0.8573333333333333,0.7428651059085842	
138277.0,0.09733333333333333,0.10466666666666667,0.004666666666666667,0.7286666666666667,0.09866666666666667,0.838,0.7180431369872364	
145037.0,0.04466666666666667,0.10466666666666667,0.007333333333333333,0.58,0.09133333333333334,0.9173333333333333,0.8206793206793207	
147033.0,0.176,0.09666666666666666,0.006666666666666667,0.792,0.09,0.8193333333333334,0.7802173913043479	
148999.0,0.014,0.10666666666666667,0.006,0.5353333333333333,0.08066666666666666,0.9106666666666666,0.7870522995522995	
160487.0,0.06533333333333333,0.09266666666666666,0.007333333333333333,0.6966666666666667,0.07533333333333334,0.8313333333333334,0.7787247474747475	
#
133030.0,0.08466666666666667,0.11466666666666667,0.004,0.6953333333333334,0.12266666666666666,0.84,0.68871336996337	
134071.0,0.04466666666666667,0.1,0.004,0.6046666666666667,0.12266666666666666,0.854,0.6941620879120879	
135915.0,0.09333333333333334,0.086,0.004,0.688,0.10733333333333334,0.8546666666666667,0.681134867547911	
135475.0,0.06466666666666666,0.108,0.004666666666666667,0.628,0.12,0.8573333333333333,0.7428651059085842	
138277.0,0.09733333333333333,0.10466666666666667,0.004666666666666667,0.7286666666666667,0.09866666666666667,0.838,0.7180431369872364	
145037.0,0.04466666666666667,0.10466666666666667,0.007333333333333333,0.58,0.09133333333333334,0.9173333333333333,0.8206793206793207	
147033.0,0.176,0.09666666666666666,0.006666666666666667,0.792,0.09,0.8193333333333334,0.7802173913043479	
148999.0,0.014,0.10666666666666667,0.006,0.5353333333333333,0.08066666666666666,0.9106666666666666,0.7870522995522995	
160487.0,0.06533333333333333,0.09266666666666666,0.007333333333333333,0.6966666666666667,0.07533333333333334,0.8313333333333334,0.7787247474747475	
#
133030.0,0.08466666666666667,0.11466666666666667,0.004,0.6953333333333334,0.12266666666666666,0.84,0.68871336996337	
134071.0,0.04466666666666667,0.1,0.004,0.6046666666666667,0.12266666666666666,0.854,0.6941620879120879	
135915.0,0.09333333333333334,0.086,0.004,0.688,0.10733333333333334,0.8546666666666667,0.681134867547911	
135475.0,0.06466666666666666,0.108,0.004666666666666667,0.628,0.12,0.8573333333333333,0.7428651059085842	
138277.0,0.09733333333333333,0.10466666666666667,0.004666666666666667,0.7286666666666667,0.09866666666666667,0.838,0.7180431369872364	
145037.0,0.04466666666666667,0.10466666666666667,0.007333333333333333,0.58,0.09133333333333334,0.9173333333333333,0.8206793206793207	
147033.0,0.176,0.09666666666666666,0.006666666666666667,0.792,0.09,0.8193333333333334,0.7802173913043479	
148999.0,0.014,0.10666666666666667,0.006,0.5353333333333333,0.08066666666666666,0.9106666666666666,0.7870522995522995	
160487.0,0.06533333333333333,0.09266666666666666,0.007333333333333333,0.6966666666666667,0.07533333333333334,0.8313333333333334,0.7787247474747475	
#
133030.0,0.08466666666666667,0.11466666666666667,0.004,0.6953333333333334,0.12266666666666666,0.84,0.68871336996337	
134071.0,0.04466666666666667,0.1,0.004,0.6046666666666667,0.12266666666666666,0.854,0.6941620879120879	
135915.0,0.09333333333333334,0.086,0.004,0.688,0.10733333333333334,0.8546666666666667,0.681134867547911	
135475.0,0.06466666666666666,0.108,0.004666666666666667,0.628,0.12,0.8573333333333333,0.7428651059085842	
138277.0,0.09733333333333333,0.10466666666666667,0.004666666666666667,0.7286666666666667,0.09866666666666667,0.838,0.7180431369872364	
145037.0,0.04466666666666667,0.10466666666666667,0.007333333333333333,0.58,0.09133333333333334,0.9173333333333333,0.8206793206793207	
147033.0,0.176,0.09666666666666666,0.006666666666666667,0.792,0.09,0.8193333333333334,0.7802173913043479	
148999.0,0.014,0.10666666666666667,0.006,0.5353333333333333,0.08066666666666666,0.9106666666666666,0.7870522995522995	
160487.0,0.06533333333333333,0.09266666666666666,0.007333333333333333,0.6966666666666667,0.07533333333333334,0.8313333333333334,0.7787247474747475	
#
133030.0,0.08466666666666667,0.11466666666666667,0.004,0.6953333333333334,0.12266666666666666,0.84,0.68871336996337	
134071.0,0.04466666666666667,0.1,0.004,0.6046666666666667,0.12266666666666666,0.854,0.6941620879120879	
135915.0,0.09333333333333334,0.086,0.004,0.688,0.10733333333333334,0.8546666666666667,0.681134867547911	
135475.0,0.06466666666666666,0.108,0.004666666666666667,0.628,0.12,0.8573333333333333,0.7428651059085842	
138277.0,0.09733333333333333,0.10466666666666667,0.004666666666666667,0.7286666666666667,0.09866666666666667,0.838,0.7180431369872364	
145037.0,0.04466666666666667,0.10466666666666667,0.007333333333333333,0.58,0.09133333333333334,0.9173333333333333,0.8206793206793207	
147033.0,0.176,0.09666666666666666,0.006666666666666667,0.792,0.09,0.8193333333333334,0.7802173913043479	
148999.0,0.014,0.10666666666666667,0.006,0.5353333333333333,0.08066666666666666,0.9106666666666666,0.7870522995522995	
160487.0,0.06533333333333333,0.09266666666666666,0.007333333333333333,0.6966666666666667,0.07533333333333334,0.8313333333333334,0.7787247474747475	
#
133030.0,0.08466666666666667,0.11466666666666667,0.004,0.6953333333333334,0.12266666666666666,0.84,0.68871336996337	
134071.0,0.04466666666666667,0.1,0.004,0.6046666666666667,0.12266666666666666,0.854,0.6941620879120879	
135915.0,0.09333333333333334,0.086,0.004,0.688,0.10733333333333334,0.8546666666666667,0.681134867547911	
135475.0,0.06466666666666666,0.108,0.004666666666666667,0.628,0.12,0.8573333333333333,0.7428651059085842	
138277.0,0.09733333333333333,0.10466666666666667,0.004666666666666667,0.7286666666666667,0.09866666666666667,0.838,0.7180431369872364	
145037.0,0.04466666666666667,0.10466666666666667,0.007333333333333333,0.58,0.09133333333333334,0.9173333333333333,0.8206793206793207	
147033.0,0.176,0.09666666666666666,0.006666666666666667,0.792,0.09,0.8193333333333334,0.7802173913043479	
148999.0,0.014,0.10666666666666667,0.006,0.5353333333333333,0.08066666666666666,0.9106666666666666,0.7870522995522995	
160487.0,0.06533333333333333,0.09266666666666666,0.007333333333333333,0.6966666666666667,0.07533333333333334,0.8313333333333334,0.7787247474747475	
#
133030.0,0.08466666666666667,0.11466666666666667,0.004,0.6953333333333334,0.12266666666666666,0.84,0.68871336996337	
134071.0,0.04466666666666667,0.1,0.004,0.6046666666666667,0.12266666666666666,0.854,0.6941620879120879	
135915.0,0.09333333333333334,0.086,0.004,0.688,0.10733333333333334,0.8546666666666667,0.681134867547911	
135475.0,0.06466666666666666,0.108,0.004666666666666667,0.628,0.12,0.8573333333333333,0.7428651059085842	
138277.0,0.09733333333333333,0.10466666666666667,0.004666666666666667,0.7286666666666667,0.09866666666666667,0.838,0.7180431369872364	
145037.0,0.04466666666666667,0.10466666666666667,0.007333333333333333,0.58,0.09133333333333334,0.9173333333333333,0.8206793206793207	
147033.0,0.176,0.09666666666666666,0.006666666666666667,0.792,0.09,0.8193333333333334,0.7802173913043479	
148999.0,0.014,0.10666666666666667,0.006,0.5353333333333333,0.08066666666666666,0.9106666666666666,0.7870522995522995	
160487.0,0.06533333333333333,0.09266666666666666,0.007333333333333333,0.6966666666666667,0.07533333333333334,0.8313333333333334,0.7787247474747475	
#
133030.0,0.08466666666666667,0.11466666666666667,0.004,0.6953333333333334,0.12266666666666666,0.84,0.68871336996337	
134071.0,0.04466666666666667,0.1,0.004,0.6046666666666667,0.12266666666666666,0.854,0.6941620879120879	
135915.0,0.09333333333333334,0.086,0.004,0.688,0.10733333333333334,0.8546666666666667,0.681134867547911	
135475.0,0.06466666666666666,0.108,0.004666666666666667,0.628,0.12,0.8573333333333333,0.7428651059085842	
138277.0,0.09733333333333333,0.10466666666666667,0.004666666666666667,0.7286666666666667,0.09866666666666667,0.838,0.7180431369872364	
145037.0,0.04466666666666667,0.10466666666666667,0.007333333333333333,0.58,0.09133333333333334,0.9173333333333333,0.8206793206793207	
147033.0,0.176,0.09666666666666666,0.006666666666666667,0.792,0.09,0.8193333333333334,0.7802173913043479	
148999.0,0.014,0.10666666666666667,0.006,0.5353333333333333,0.08066666666666666,0.9106666666666666,0.7870522995522995	
160487.0,0.06533333333333333,0.09266666666666666,0.007333333333333333,0.6966666666666667,0.07533333333333334,0.8313333333333334,0.7787247474747475	
#
133030.0,0.08466666666666667,0.11466666666666667,0.004,0.6953333333333334,0.12266666666666666,0.84,0.68871336996337	
134071.0,0.04466666666666667,0.1,0.004,0.6046666666666667,0.12266666666666666,0.854,0.6941620879120879	
135915.0,0.09333333333333334,0.086,0.004,0.688,0.10733333333333334,0.8546666666666667,0.681134867547911	
135475.0,0.06466666666666666,0.108,0.004666666666666667,0.628,0.12,0.8573333333333333,0.7428651059085842	
138277.0,0.09733333333333333,0.10466666666666667,0.004666666666666667,0.7286666666666667,0.09866666666666667,0.838,0.7180431369872364	
145037.0,0.04466666666666667,0.10466666666666667,0.007333333333333333,0.58,0.09133333333333334,0.9173333333333333,0.8206793206793207	
147033.0,0.176,0.09666666666666666,0.006666666666666667,0.792,0.09,0.8193333333333334,0.7802173913043479	
148999.0,0.014,0.10666666666666667,0.006,0.5353333333333333,0.08066666666666666,0.9106666666666666,0.7870522995522995	
160487.0,0.06533333333333333,0.09266666666666666,0.007333333333333333,0.6966666666666667,0.07533333333333334,0.8313333333333334,0.7787247474747475	
#
133030.0,0.08466666666666667,0.11466666666666667,0.004,0.6953333333333334,0.12266666666666666,0.84,0.68871336996337	
134071.0,0.04466666666666667,0.1,0.004,0.6046666666666667,0.12266666666666666,0.854,0.6941620879120879	
135915.0,0.09333333333333334,0.086,0.004,0.688,0.10733333333333334,0.8546666666666667,0.681134867547911	
135475.0,0.06466666666666666,0.108,0.004666666666666667,0.628,0.12,0.8573333333333333,0.7428651059085842	
138277.0,0.09733333333333333,0.10466666666666667,0.004666666666666667,0.7286666666666667,0.09866666666666667,0.838,0.7180431369872364	
145037.0,0.04466666666666667,0.10466666666666667,0.007333333333333333,0.58,0.09133333333333334,0.9173333333333333,0.8206793206793207	
147033.0,0.176,0.09666666666666666,0.006666666666666667,0.792,0.09,0.8193333333333334,0.7802173913043479	
148999.0,0.014,0.10666666666666667,0.006,0.5353333333333333,0.08066666666666666,0.9106666666666666,0.7870522995522995	
160487.0,0.06533333333333333,0.09266666666666666,0.007333333333333333,0.6966666666666667,0.07533333333333334,0.8313333333333334,0.7787247474747475	
#
133030.0,0.08466666666666667,0.11466666666666667,0.004,0.6953333333333334,0.12266666666666666,0.84,0.68871336996337	
134071.0,0.04466666666666667,0.1,0.004,0.6046666666666667,0.12266666666666666,0.854,0.6941620879120879	
135915.0,0.09333333333333334,0.086,0.004,0.688,0.10733333333333334,0.8546666666666667,0.681134867547911	
135475.0,0.06466666666666666,0.108,0.004666666666666667,0.628,0.12,0.8573333333333333,0.7428651059085842	
138277.0,0.09733333333333333,0.10466666666666667,0.004666666666666667,0.7286666666666667,0.09866666666666667,0.838,0.7180431369872364	
145037.0,0.04466666666666667,0.10466666666666667,0.007333333333333333,0.58,0.09133333333333334,0.9173333333333333,0.8206793206793207	
147033.0,0.176,0.09666666666666666,0.006666666666666667,0.792,0.09,0.8193333333333334,0.7802173913043479	
148999.0,0.014,0.10666666666666667,0.006,0.5353333333333333,0.08066666666666666,0.9106666666666666,0.7870522995522995	
160487.0,0.06533333333333333,0.09266666666666666,0.007333333333333333,0.6966666666666667,0.07533333333333334,0.8313333333333334,0.7787247474747475	
#
133030.0,0.08466666666666667,0.11466666666666667,0.004,0.6953333333333334,0.12266666666666666,0.84,0.68871336996337	
134071.0,0.04466666666666667,0.1,0.004,0.6046666666666667,0.12266666666666666,0.854,0.6941620879120879	
135915.0,0.09333333333333334,0.086,0.004,0.688,0.10733333333333334,0.8546666666666667,0.681134867547911	
135475.0,0.06466666666666666,0.108,0.004666666666666667,0.628,0.12,0.8573333333333333,0.7428651059085842	
138277.0,0.09733333333333333,0.10466666666666667,0.004666666666666667,0.7286666666666667,0.09866666666666667,0.838,0.7180431369872364	
145037.0,0.04466666666666667,0.10466666666666667,0.007333333333333333,0.58,0.09133333333333334,0.9173333333333333,0.8206793206793207	
147033.0,0.176,0.09666666666666666,0.006666666666666667,0.792,0.09,0.8193333333333334,0.7802173913043479	
148999.0,0.014,0.10666666666666667,0.006,0.5353333333333333,0.08066666666666666,0.9106666666666666,0.7870522995522995	
160487.0,0.06533333333333333,0.09266666666666666,0.007333333333333333,0.6966666666666667,0.07533333333333334,0.8313333333333334,0.7787247474747475	
#
133030.0,0.08466666666666667,0.11466666666666667,0.004,0.6953333333333334,0.12266666666666666,0.84,0.68871336996337	
134071.0,0.04466666666666667,0.1,0.004,0.6046666666666667,0.12266666666666666,0.854,0.6941620879120879	
135915.0,0.09333333333333334,0.086,0.004,0.688,0.10733333333333334,0.8546666666666667,0.681134867547911	
135475.0,0.06466666666666666,0.108,0.004666666666666667,0.628,0.12,0.8573333333333333,0.7428651059085842	
138277.0,0.09733333333333333,0.10466666666666667,0.004666666666666667,0.7286666666666667,0.09866666666666667,0.838,0.7180431369872364	
145037.0,0.04466666666666667,0.10466666666666667,0.007333333333333333,0.58,0.09133333333333334,0.9173333333333333,0.8206793206793207	
147033.0,0.176,0.09666666666666666,0.006666666666666667,0.792,0.09,0.8193333333333334,0.7802173913043479	
148999.0,0.014,0.10666666666666667,0.006,0.5353333333333333,0.08066666666666666,0.9106666666666666,0.7870522995522995	
160487.0,0.06533333333333333,0.09266666666666666,0.007333333333333333,0.6966666666666667,0.07533333333333334,0.8313333333333334,0.7787247474747475	
#
133030.0,0.08466666666666667,0.11466666666666667,0.004,0.6953333333333334,0.12266666666666666,0.84,0.68871336996337	
134071.0,0.04466666666666667,0.1,0.004,0.6046666666666667,0.12266666666666666,0.854,0.6941620879120879	
135915.0,0.09333333333333334,0.086,0.004,0.688,0.10733333333333334,0.8546666666666667,0.681134867547911	
135475.0,0.06466666666666666,0.108,0.004666666666666667,0.628,0.12,0.8573333333333333,0.7428651059085842	
138277.0,0.09733333333333333,0.10466666666666667,0.004666666666666667,0.7286666666666667,0.09866666666666667,0.838,0.7180431369872364	
145037.0,0.04466666666666667,0.10466666666666667,0.007333333333333333,0.58,0.09133333333333334,0.9173333333333333,0.8206793206793207	
147033.0,0.176,0.09666666666666666,0.006666666666666667,0.792,0.09,0.8193333333333334,0.7802173913043479	
148999.0,0.014,0.10666666666666667,0.006,0.5353333333333333,0.08066666666666666,0.9106666666666666,0.7870522995522995	
160487.0,0.06533333333333333,0.09266666666666666,0.007333333333333333,0.6966666666666667,0.07533333333333334,0.8313333333333334,0.7787247474747475	
#
133030.0,0.08466666666666667,0.11466666666666667,0.004,0.6953333333333334,0.12266666666666666,0.84,0.68871336996337	
134071.0,0.04466666666666667,0.1,0.004,0.6046666666666667,0.12266666666666666,0.854,0.6941620879120879	
135915.0,0.09333333333333334,0.086,0.004,0.688,0.10733333333333334,0.8546666666666667,0.681134867547911	
135475.0,0.06466666666666666,0.108,0.004666666666666667,0.628,0.12,0.8573333333333333,0.7428651059085842	
138277.0,0.09733333333333333,0.10466666666666667,0.004666666666666667,0.7286666666666667,0.09866666666666667,0.838,0.7180431369872364	
145037.0,0.04466666666666667,0.10466666666666667,0.007333333333333333,0.58,0.09133333333333334,0.9173333333333333,0.8206793206793207	
147033.0,0.176,0.09666666666666666,0.006666666666666667,0.792,0.09,0.8193333333333334,0.7802173913043479	
148999.0,0.014,0.10666666666666667,0.006,0.5353333333333333,0.08066666666666666,0.9106666666666666,0.7870522995522995	
160487.0,0.06533333333333333,0.09266666666666666,0.007333333333333333,0.6966666666666667,0.07533333333333334,0.8313333333333334,0.7787247474747475	
#
133030.0,0.08466666666666667,0.11466666666666667,0.004,0.6953333333333334,0.12266666666666666,0.84,0.68871336996337	
134071.0,0.04466666666666667,0.1,0.004,0.6046666666666667,0.12266666666666666,0.854,0.6941620879120879	
135915.0,0.09333333333333334,0.086,0.004,0.688,0.10733333333333334,0.8546666666666667,0.681134867547911	
135475.0,0.06466666666666666,0.108,0.004666666666666667,0.628,0.12,0.8573333333333333,0.7428651059085842	
138277.0,0.09733333333333333,0.10466666666666667,0.004666666666666667,0.7286666666666667,0.09866666666666667,0.838,0.7180431369872364	
145037.0,0.04466666666666667,0.10466666666666667,0.007333333333333333,0.58,0.09133333333333334,0.9173333333333333,0.8206793206793207	
147033.0,0.176,0.09666666666666666,0.006666666666666667,0.792,0.09,0.8193333333333334,0.7802173913043479	
148999.0,0.014,0.10666666666666667,0.006,0.5353333333333333,0.08066666666666666,0.9106666666666666,0.7870522995522995	
160487.0,0.06533333333333333,0.09266666666666666,0.007333333333333333,0.6966666666666667,0.07533333333333334,0.8313333333333334,0.7787247474747475	
#
133030.0,0.08466666666666667,0.11466666666666667,0.004,0.6953333333333334,0.12266666666666666,0.84,0.68871336996337	
134071.0,0.04466666666666667,0.1,0.004,0.6046666666666667,0.12266666666666666,0.854,0.6941620879120879	
135915.0,0.09333333333333334,0.086,0.004,0.688,0.10733333333333334,0.8546666666666667,0.681134867547911	
135475.0,0.06466666666666666,0.108,0.004666666666666667,0.628,0.12,0.8573333333333333,0.7428651059085842	
138277.0,0.09733333333333333,0.10466666666666667,0.004666666666666667,0.7286666666666667,0.09866666666666667,0.838,0.7180431369872364	
145037.0,0.04466666666666667,0.10466666666666667,0.007333333333333333,0.58,0.09133333333333334,0.9173333333333333,0.8206793206793207	
147033.0,0.176,0.09666666666666666,0.006666666666666667,0.792,0.09,0.8193333333333334,0.7802173913043479	
148999.0,0.014,0.10666666666666667,0.006,0.5353333333333333,0.08066666666666666,0.9106666666666666,0.7870522995522995	
160487.0,0.06533333333333333,0.09266666666666666,0.007333333333333333,0.6966666666666667,0.07533333333333334,0.8313333333333334,0.7787247474747475	
#
133030.0,0.08466666666666667,0.11466666666666667,0.004,0.6953333333333334,0.12266666666666666,0.84,0.68871336996337	
134071.0,0.04466666666666667,0.1,0.004,0.6046666666666667,0.12266666666666666,0.854,0.6941620879120879	
135915.0,0.09333333333333334,0.086,0.004,0.688,0.10733333333333334,0.8546666666666667,0.681134867547911	
135475.0,0.06466666666666666,0.108,0.004666666666666667,0.628,0.12,0.8573333333333333,0.7428651059085842	
138277.0,0.09733333333333333,0.10466666666666667,0.004666666666666667,0.7286666666666667,0.09866666666666667,0.838,0.7180431369872364	
145037.0,0.04466666666666667,0.10466666666666667,0.007333333333333333,0.58,0.09133333333333334,0.9173333333333333,0.8206793206793207	
147033.0,0.176,0.09666666666666666,0.006666666666666667,0.792,0.09,0.8193333333333334,0.7802173913043479	
148999.0,0.014,0.10666666666666667,0.006,0.5353333333333333,0.08066666666666666,0.9106666666666666,0.7870522995522995	
160487.0,0.06533333333333333,0.09266666666666666,0.007333333333333333,0.6966666666666667,0.07533333333333334,0.8313333333333334,0.7787247474747475	
#
133030.0,0.08466666666666667,0.11466666666666667,0.004,0.6953333333333334,0.12266666666666666,0.84,0.68871336996337	
134071.0,0.04466666666666667,0.1,0.004,0.6046666666666667,0.12266666666666666,0.854,0.6941620879120879	
135915.0,0.09333333333333334,0.086,0.004,0.688,0.10733333333333334,0.8546666666666667,0.681134867547911	
135475.0,0.06466666666666666,0.108,0.004666666666666667,0.628,0.12,0.8573333333333333,0.7428651059085842	
138277.0,0.09733333333333333,0.10466666666666667,0.004666666666666667,0.7286666666666667,0.09866666666666667,0.838,0.7180431369872364	
145037.0,0.04466666666666667,0.10466666666666667,0.007333333333333333,0.58,0.09133333333333334,0.9173333333333333,0.8206793206793207	
147033.0,0.176,0.09666666666666666,0.006666666666666667,0.792,0.09,0.8193333333333334,0.7802173913043479	
148999.0,0.014,0.10666666666666667,0.006,0.5353333333333333,0.08066666666666666,0.9106666666666666,0.7870522995522995	
160487.0,0.06533333333333333,0.09266666666666666,0.007333333333333333,0.6966666666666667,0.07533333333333334,0.8313333333333334,0.7787247474747475	
#
133030.0,0.08466666666666667,0.11466666666666667,0.004,0.6953333333333334,0.12266666666666666,0.84,0.68871336996337	
134071.0,0.04466666666666667,0.1,0.004,0.6046666666666667,0.12266666666666666,0.854,0.6941620879120879	
135915.0,0.09333333333333334,0.086,0.004,0.688,0.10733333333333334,0.8546666666666667,0.681134867547911	
135475.0,0.06466666666666666,0.108,0.004666666666666667,0.628,0.12,0.8573333333333333,0.7428651059085842	
138277.0,0.09733333333333333,0.10466666666666667,0.004666666666666667,0.7286666666666667,0.09866666666666667,0.838,0.7180431369872364	
145037.0,0.04466666666666667,0.10466666666666667,0.007333333333333333,0.58,0.09133333333333334,0.9173333333333333,0.8206793206793207	
147033.0,0.176,0.09666666666666666,0.006666666666666667,0.792,0.09,0.8193333333333334,0.7802173913043479	
148999.0,0.014,0.10666666666666667,0.006,0.5353333333333333,0.08066666666666666,0.9106666666666666,0.7870522995522995	
160487.0,0.06533333333333333,0.09266666666666666,0.007333333333333333,0.6966666666666667,0.07533333333333334,0.8313333333333334,0.7787247474747475	
#
133030.0,0.08466666666666667,0.11466666666666667,0.004,0.6953333333333334,0.12266666666666666,0.84,0.68871336996337	
134071.0,0.04466666666666667,0.1,0.004,0.6046666666666667,0.12266666666666666,0.854,0.6941620879120879	
135915.0,0.09333333333333334,0.086,0.004,0.688,0.10733333333333334,0.8546666666666667,0.681134867547911	
135475.0,0.06466666666666666,0.108,0.004666666666666667,0.628,0.12,0.8573333333333333,0.7428651059085842	
138277.0,0.09733333333333333,0.10466666666666667,0.004666666666666667,0.7286666666666667,0.09866666666666667,0.838,0.7180431369872364	
145037.0,0.04466666666666667,0.10466666666666667,0.007333333333333333,0.58,0.09133333333333334,0.9173333333333333,0.8206793206793207	
147033.0,0.176,0.09666666666666666,0.006666666666666667,0.792,0.09,0.8193333333333334,0.7802173913043479	
148999.0,0.014,0.10666666666666667,0.006,0.5353333333333333,0.08066666666666666,0.9106666666666666,0.7870522995522995	
160487.0,0.06533333333333333,0.09266666666666666,0.007333333333333333,0.6966666666666667,0.07533333333333334,0.8313333333333334,0.7787247474747475	
#
133030.0,0.08466666666666667,0.11466666666666667,0.004,0.6953333333333334,0.12266666666666666,0.84,0.68871336996337	
134071.0,0.04466666666666667,0.1,0.004,0.6046666666666667,0.12266666666666666,0.854,0.6941620879120879	
135915.0,0.09333333333333334,0.086,0.004,0.688,0.10733333333333334,0.8546666666666667,0.681134867547911	
135475.0,0.06466666666666666,0.108,0.004666666666666667,0.628,0.12,0.8573333333333333,0.7428651059085842	
138277.0,0.09733333333333333,0.10466666666666667,0.004666666666666667,0.7286666666666667,0.09866666666666667,0.838,0.7180431369872364	
145037.0,0.04466666666666667,0.10466666666666667,0.007333333333333333,0.58,0.09133333333333334,0.9173333333333333,0.8206793206793207	
147033.0,0.176,0.09666666666666666,0.006666666666666667,0.792,0.09,0.8193333333333334,0.7802173913043479	
148999.0,0.014,0.10666666666666667,0.006,0.5353333333333333,0.08066666666666666,0.9106666666666666,0.7870522995522995	
160487.0,0.06533333333333333,0.09266666666666666,0.007333333333333333,0.6966666666666667,0.07533333333333334,0.8313333333333334,0.7787247474747475	
#
133030.0,0.08466666666666667,0.11466666666666667,0.004,0.6953333333333334,0.12266666666666666,0.84,0.68871336996337	
134071.0,0.04466666666666667,0.1,0.004,0.6046666666666667,0.12266666666666666,0.854,0.6941620879120879	
135915.0,0.09333333333333334,0.086,0.004,0.688,0.10733333333333334,0.8546666666666667,0.681134867547911	
135475.0,0.06466666666666666,0.108,0.004666666666666667,0.628,0.12,0.8573333333333333,0.7428651059085842	
138277.0,0.09733333333333333,0.10466666666666667,0.004666666666666667,0.7286666666666667,0.09866666666666667,0.838,0.7180431369872364	
145037.0,0.04466666666666667,0.10466666666666667,0.007333333333333333,0.58,0.09133333333333334,0.9173333333333333,0.8206793206793207	
147033.0,0.176,0.09666666666666666,0.006666666666666667,0.792,0.09,0.8193333333333334,0.7802173913043479	
148999.0,0.014,0.10666666666666667,0.006,0.5353333333333333,0.08066666666666666,0.9106666666666666,0.7870522995522995	
160487.0,0.06533333333333333,0.09266666666666666,0.007333333333333333,0.6966666666666667,0.07533333333333334,0.8313333333333334,0.7787247474747475	
#
133030.0,0.08466666666666667,0.11466666666666667,0.004,0.6953333333333334,0.12266666666666666,0.84,0.68871336996337	
134071.0,0.04466666666666667,0.1,0.004,0.6046666666666667,0.12266666666666666,0.854,0.6941620879120879	
135915.0,0.09333333333333334,0.086,0.004,0.688,0.10733333333333334,0.8546666666666667,0.681134867547911	
135475.0,0.06466666666666666,0.108,0.004666666666666667,0.628,0.12,0.8573333333333333,0.7428651059085842	
138277.0,0.09733333333333333,0.10466666666666667,0.004666666666666667,0.7286666666666667,0.09866666666666667,0.838,0.7180431369872364	
145037.0,0.04466666666666667,0.10466666666666667,0.007333333333333333,0.58,0.09133333333333334,0.9173333333333333,0.8206793206793207	
147033.0,0.176,0.09666666666666666,0.006666666666666667,0.792,0.09,0.8193333333333334,0.7802173913043479	
148999.0,0.014,0.10666666666666667,0.006,0.5353333333333333,0.08066666666666666,0.9106666666666666,0.7870522995522995	
160487.0,0.06533333333333333,0.09266666666666666,0.007333333333333333,0.6966666666666667,0.07533333333333334,0.8313333333333334,0.7787247474747475	
#
133030.0,0.08466666666666667,0.11466666666666667,0.004,0.6953333333333334,0.12266666666666666,0.84,0.68871336996337	
134071.0,0.04466666666666667,0.1,0.004,0.6046666666666667,0.12266666666666666,0.854,0.6941620879120879	
135915.0,0.09333333333333334,0.086,0.004,0.688,0.10733333333333334,0.8546666666666667,0.681134867547911	
135475.0,0.06466666666666666,0.108,0.004666666666666667,0.628,0.12,0.8573333333333333,0.7428651059085842	
138277.0,0.09733333333333333,0.10466666666666667,0.004666666666666667,0.7286666666666667,0.09866666666666667,0.838,0.7180431369872364	
145037.0,0.04466666666666667,0.10466666666666667,0.007333333333333333,0.58,0.09133333333333334,0.9173333333333333,0.8206793206793207	
147033.0,0.176,0.09666666666666666,0.006666666666666667,0.792,0.09,0.8193333333333334,0.7802173913043479	
148999.0,0.014,0.10666666666666667,0.006,0.5353333333333333,0.08066666666666666,0.9106666666666666,0.7870522995522995	
160487.0,0.06533333333333333,0.09266666666666666,0.007333333333333333,0.6966666666666667,0.07533333333333334,0.8313333333333334,0.7787247474747475	
#
133030.0,0.08466666666666667,0.11466666666666667,0.004,0.6953333333333334,0.12266666666666666,0.84,0.68871336996337	
134071.0,0.04466666666666667,0.1,0.004,0.6046666666666667,0.12266666666666666,0.854,0.6941620879120879	
135915.0,0.09333333333333334,0.086,0.004,0.688,0.10733333333333334,0.8546666666666667,0.681134867547911	
135475.0,0.06466666666666666,0.108,0.004666666666666667,0.628,0.12,0.8573333333333333,0.7428651059085842	
138277.0,0.09733333333333333,0.10466666666666667,0.004666666666666667,0.7286666666666667,0.09866666666666667,0.838,0.7180431369872364	
145037.0,0.04466666666666667,0.10466666666666667,0.007333333333333333,0.58,0.09133333333333334,0.9173333333333333,0.8206793206793207	
147033.0,0.176,0.09666666666666666,0.006666666666666667,0.792,0.09,0.8193333333333334,0.7802173913043479	
148999.0,0.014,0.10666666666666667,0.006,0.5353333333333333,0.08066666666666666,0.9106666666666666,0.7870522995522995	
160487.0,0.06533333333333333,0.09266666666666666,0.007333333333333333,0.6966666666666667,0.07533333333333334,0.8313333333333334,0.7787247474747475	
#
133030.0,0.08466666666666667,0.11466666666666667,0.004,0.6953333333333334,0.12266666666666666,0.84,0.68871336996337	
134071.0,0.04466666666666667,0.1,0.004,0.6046666666666667,0.12266666666666666,0.854,0.6941620879120879	
135915.0,0.09333333333333334,0.086,0.004,0.688,0.10733333333333334,0.8546666666666667,0.681134867547911	
135475.0,0.06466666666666666,0.108,0.004666666666666667,0.628,0.12,0.8573333333333333,0.7428651059085842	
138277.0,0.09733333333333333,0.10466666666666667,0.004666666666666667,0.7286666666666667,0.09866666666666667,0.838,0.7180431369872364	
145037.0,0.04466666666666667,0.10466666666666667,0.007333333333333333,0.58,0.09133333333333334,0.9173333333333333,0.8206793206793207	
147033.0,0.176,0.09666666666666666,0.006666666666666667,0.792,0.09,0.8193333333333334,0.7802173913043479	
148999.0,0.014,0.10666666666666667,0.006,0.5353333333333333,0.08066666666666666,0.9106666666666666,0.7870522995522995	
160487.0,0.06533333333333333,0.09266666666666666,0.007333333333333333,0.6966666666666667,0.07533333333333334,0.8313333333333334,0.7787247474747475	
#
133030.0,0.08466666666666667,0.11466666666666667,0.004,0.6953333333333334,0.12266666666666666,0.84,0.68871336996337	
133030.0,0.08466666666666667,0.11466666666666667,0.004,0.6953333333333334,0.12266666666666666,0.84,0.68871336996337	
