#
3.7589170932769775,0.14814814925193787
2.7731945514678955,0.614814817905426
3.1173346042633057,0.5333333611488342
2.8678641319274902,0.5777778029441833
3.1549012660980225,0.2370370328426361
#
3.1549012660980225,0.2370370328426361
1.1432384252548218,2.396287679672241
0.8385766744613647,2.4414405822753906
1.8503347635269165,1.6944736242294312
1.3955700397491455,1.8992843627929688
1.3574382066726685,2.290041446685791
1.798168420791626,1.8504409790039062
3.1173346042633057,0.5333333611488342
3.7589170932769775,0.14814814925193787
2.7731945514678955,0.614814817905426
2.8678641319274902,0.5777778029441833
#
3.1549012660980225,0.2370370328426361
1.1432384252548218,2.396287679672241
2.4443247318267822,1.1279715299606323
1.6434824466705322,1.1581205129623413
0.8385766744613647,2.4414405822753906
2.389089822769165,1.1428899765014648
2.5649776458740234,0.9632582664489746
1.3574382066726685,2.290041446685791
2.022468328475952,1.1444615125656128
1.3955700397491455,1.8992843627929688
3.1173346042633057,0.5333333611488342
3.7589170932769775,0.14814814925193787
2.7731945514678955,0.614814817905426
2.8678641319274902,0.5777778029441833
#
3.1549012660980225,0.2370370328426361
1.1432384252548218,2.396287679672241
1.871227741241455,0.842465877532959
1.6434824466705322,1.1581205129623413
0.8385766744613647,2.4414405822753906
1.5022177696228027,1.5217701196670532
1.2563551664352417,1.5856962203979492
3.1173346042633057,0.5333333611488342
3.7589170932769775,0.14814814925193787
2.7731945514678955,0.614814817905426
2.8678641319274902,0.5777778029441833
#
3.1549012660980225,0.2370370328426361
1.871227741241455,0.842465877532959
1.1041278839111328,1.840295672416687
0.88441401720047,1.9770560264587402
1.6434824466705322,1.1581205129623413
1.1745270490646362,1.7017161846160889
0.8385766744613647,2.4414405822753906
1.5022177696228027,1.5217701196670532
1.2563551664352417,1.5856962203979492
3.1173346042633057,0.5333333611488342
3.7589170932769775,0.14814814925193787
2.7731945514678955,0.614814817905426
2.8678641319274902,0.5777778029441833
#
3.1549012660980225,0.2370370328426361
0.88441401720047,1.9770560264587402
1.871227741241455,0.842465877532959
1.1041278839111328,1.840295672416687
1.6434824466705322,1.1581205129623413
2.125586748123169,0.4236842095851898
1.1745270490646362,1.7017161846160889
0.8385766744613647,2.4414405822753906
1.5022177696228027,1.5217701196670532
1.2563551664352417,1.5856962203979492
3.7589170932769775,0.14814814925193787
#
3.1549012660980225,0.2370370328426361
0.88441401720047,1.9770560264587402
1.1041278839111328,1.840295672416687
1.6434824466705322,1.1581205129623413
1.871227741241455,0.842465877532959
1.8302092552185059,1.011842131614685
2.125586748123169,0.4236842095851898
1.1745270490646362,1.7017161846160889
0.8385766744613647,2.4414405822753906
1.5022177696228027,1.5217701196670532
3.7589170932769775,0.14814814925193787
#
3.1549012660980225,0.2370370328426361
0.88441401720047,1.9770560264587402
1.1041278839111328,1.840295672416687
1.6434824466705322,1.1581205129623413
2.0563344955444336,0.8187220692634583
1.8302092552185059,1.011842131614685
2.125586748123169,0.4236842095851898
1.871227741241455,0.842465877532959
1.1745270490646362,1.7017161846160889
0.8385766744613647,2.4414405822753906
1.5022177696228027,1.5217701196670532
3.7589170932769775,0.14814814925193787
#
2.125586748123169,0.4236842095851898
0.88441401720047,1.9770560264587402
1.1041278839111328,1.840295672416687
1.6434824466705322,1.1581205129623413
2.0563344955444336,0.8187220692634583
3.1549012660980225,0.2370370328426361
1.8097796440124512,0.9836536645889282
1.871227741241455,0.842465877532959
1.1745270490646362,1.7017161846160889
0.8385766744613647,2.4414405822753906
1.5022177696228027,1.5217701196670532
3.7589170932769775,0.14814814925193787
#
2.125586748123169,0.4236842095851898
0.88441401720047,1.9770560264587402
1.398657202720642,1.4080830812454224
1.6434824466705322,1.1581205129623413
2.0563344955444336,0.8187220692634583
1.329592227935791,1.5502476692199707
3.1549012660980225,0.2370370328426361
1.8097796440124512,0.9836536645889282
1.871227741241455,0.842465877532959
1.1745270490646362,1.7017161846160889
0.8385766744613647,2.4414405822753906
3.7589170932769775,0.14814814925193787
#
2.125586748123169,0.4236842095851898
0.88441401720047,1.9770560264587402
1.1259973049163818,1.2616167068481445
1.6434824466705322,1.1581205129623413
2.0563344955444336,0.8187220692634583
3.1549012660980225,0.2370370328426361
1.8097796440124512,0.9836536645889282
1.871227741241455,0.842465877532959
0.8385766744613647,2.4414405822753906
3.7589170932769775,0.14814814925193787
#
2.125586748123169,0.4236842095851898
0.88441401720047,1.9770560264587402
1.1259973049163818,1.2616167068481445
1.6434824466705322,1.1581205129623413
2.0563344955444336,0.8187220692634583
3.1549012660980225,0.2370370328426361
1.8097796440124512,0.9836536645889282
1.871227741241455,0.842465877532959
1.1047286987304688,1.5139365196228027
0.8385766744613647,2.4414405822753906
3.7589170932769775,0.14814814925193787
#
2.125586748123169,0.4236842095851898
0.88441401720047,1.9770560264587402
1.1259973049163818,1.2616167068481445
2.0563344955444336,0.8187220692634583
1.5506943464279175,1.1497700214385986
3.1549012660980225,0.2370370328426361
1.8097796440124512,0.9836536645889282
1.871227741241455,0.842465877532959
1.1047286987304688,1.5139365196228027
0.8385766744613647,2.4414405822753906
3.7589170932769775,0.14814814925193787
#
2.125586748123169,0.4236842095851898
0.88441401720047,1.9770560264587402
1.1259973049163818,1.2616167068481445
2.0563344955444336,0.8187220692634583
1.5506943464279175,1.1497700214385986
3.1549012660980225,0.2370370328426361
1.8097796440124512,0.9836536645889282
1.871227741241455,0.842465877532959
1.0683388710021973,1.7968723773956299
1.1047286987304688,1.5139365196228027
0.8385766744613647,2.4414405822753906
3.7589170932769775,0.14814814925193787
#
2.125586748123169,0.4236842095851898
0.88441401720047,1.9770560264587402
1.1259973049163818,1.2616167068481445
1.5506943464279175,1.1497700214385986
2.0563344955444336,0.8187220692634583
3.1549012660980225,0.2370370328426361
1.8097796440124512,0.9836536645889282
1.871227741241455,0.842465877532959
1.0683388710021973,1.7968723773956299
1.1047286987304688,1.5139365196228027
0.8385766744613647,2.4414405822753906
3.7589170932769775,0.14814814925193787
#
2.125586748123169,0.4236842095851898
0.88441401720047,1.9770560264587402
1.5014824867248535,1.1523714065551758
1.1259973049163818,1.2616167068481445
1.5506943464279175,1.1497700214385986
2.0563344955444336,0.8187220692634583
3.1549012660980225,0.2370370328426361
1.8097796440124512,0.9836536645889282
1.871227741241455,0.842465877532959
1.0683388710021973,1.7968723773956299
1.1047286987304688,1.5139365196228027
0.8385766744613647,2.4414405822753906
3.7589170932769775,0.14814814925193787
#
2.125586748123169,0.4236842095851898
0.88441401720047,1.9770560264587402
1.5014824867248535,1.1523714065551758
1.1259973049163818,1.2616167068481445
1.364475965499878,1.2001303434371948
1.5506943464279175,1.1497700214385986
2.0563344955444336,0.8187220692634583
3.1549012660980225,0.2370370328426361
1.67323899269104,0.9894463419914246
1.8097796440124512,0.9836536645889282
1.871227741241455,0.842465877532959
1.0683388710021973,1.7968723773956299
1.1047286987304688,1.5139365196228027
0.8385766744613647,2.4414405822753906
3.7589170932769775,0.14814814925193787
#
2.125586748123169,0.4236842095851898
0.88441401720047,1.9770560264587402
1.050078272819519,1.7890477180480957
1.5014824867248535,1.1523714065551758
1.1259973049163818,1.2616167068481445
1.364475965499878,1.2001303434371948
1.5506943464279175,1.1497700214385986
2.0563344955444336,0.8187220692634583
3.1549012660980225,0.2370370328426361
1.67323899269104,0.9894463419914246
1.8097796440124512,0.9836536645889282
1.871227741241455,0.842465877532959
1.1047286987304688,1.5139365196228027
0.8385766744613647,2.4414405822753906
3.7589170932769775,0.14814814925193787
#
2.125586748123169,0.4236842095851898
0.88441401720047,1.9770560264587402
1.050078272819519,1.7890477180480957
1.4726247787475586,1.1059842109680176
1.364475965499878,1.2001303434371948
1.1259973049163818,1.2616167068481445
2.0563344955444336,0.8187220692634583
3.1549012660980225,0.2370370328426361
1.67323899269104,0.9894463419914246
1.8097796440124512,0.9836536645889282
1.871227741241455,0.842465877532959
1.078637957572937,1.4892799854278564
0.8385766744613647,2.4414405822753906
3.7589170932769775,0.14814814925193787
#
2.125586748123169,0.4236842095851898
0.88441401720047,1.9770560264587402
1.050078272819519,1.7890477180480957
1.4726247787475586,1.1059842109680176
1.364475965499878,1.2001303434371948
1.1259973049163818,1.2616167068481445
1.573498010635376,0.9688872694969177
1.7838541269302368,0.7275260090827942
2.034688949584961,0.7151904106140137
3.1549012660980225,0.2370370328426361
1.078637957572937,1.4892799854278564
0.8385766744613647,2.4414405822753906
3.7589170932769775,0.14814814925193787
#
2.125586748123169,0.4236842095851898
0.88441401720047,1.9770560264587402
1.050078272819519,1.7890477180480957
1.4726247787475586,1.1059842109680176
1.364475965499878,1.2001303434371948
1.1259973049163818,1.2616167068481445
1.573498010635376,0.9688872694969177
1.7838541269302368,0.7275260090827942
2.034688949584961,0.7151904106140137
3.1549012660980225,0.2370370328426361
1.078637957572937,1.4892799854278564
0.8385766744613647,2.4414405822753906
3.7589170932769775,0.14814814925193787
#
2.125586748123169,0.4236842095851898
0.88441401720047,1.9770560264587402
1.050078272819519,1.7890477180480957
1.4726247787475586,1.1059842109680176
1.364475965499878,1.2001303434371948
1.1259973049163818,1.2616167068481445
1.573498010635376,0.9688872694969177
1.7838541269302368,0.7275260090827942
2.034688949584961,0.7151904106140137
3.1549012660980225,0.2370370328426361
1.078637957572937,1.4892799854278564
0.8385766744613647,2.4414405822753906
3.7589170932769775,0.14814814925193787
#
2.125586748123169,0.4236842095851898
0.88441401720047,1.9770560264587402
1.050078272819519,1.7890477180480957
1.4726247787475586,1.1059842109680176
1.364475965499878,1.2001303434371948
1.1259973049163818,1.2616167068481445
1.573498010635376,0.9688872694969177
1.7838541269302368,0.7275260090827942
2.034688949584961,0.7151904106140137
3.1549012660980225,0.2370370328426361
2.030712127685547,0.7261050343513489
1.078637957572937,1.4892799854278564
0.8385766744613647,2.4414405822753906
3.7589170932769775,0.14814814925193787
#
2.125586748123169,0.4236842095851898
0.88441401720047,1.9770560264587402
1.050078272819519,1.7890477180480957
1.4726247787475586,1.1059842109680176
1.364475965499878,1.2001303434371948
1.1259973049163818,1.2616167068481445
1.573498010635376,0.9688872694969177
1.7838541269302368,0.7275260090827942
2.034688949584961,0.7151904106140137
3.1549012660980225,0.2370370328426361
2.030712127685547,0.7261050343513489
1.078637957572937,1.4892799854278564
0.8385766744613647,2.4414405822753906
3.7589170932769775,0.14814814925193787
#
2.125586748123169,0.4236842095851898
0.88441401720047,1.9770560264587402
1.050078272819519,1.7890477180480957
1.4726247787475586,1.1059842109680176
1.1259973049163818,1.2616167068481445
1.573498010635376,0.9688872694969177
1.7838541269302368,0.7275260090827942
2.034688949584961,0.7151904106140137
3.1549012660980225,0.2370370328426361
1.1446309089660645,1.1922684907913208
2.030712127685547,0.7261050343513489
1.078637957572937,1.4892799854278564
0.8385766744613647,2.4414405822753906
3.7589170932769775,0.14814814925193787
#
2.125586748123169,0.4236842095851898
0.88441401720047,1.9770560264587402
1.050078272819519,1.7890477180480957
1.4726247787475586,1.1059842109680176
1.1259973049163818,1.2616167068481445
1.573498010635376,0.9688872694969177
1.7838541269302368,0.7275260090827942
2.034688949584961,0.7151904106140137
3.1549012660980225,0.2370370328426361
1.1446309089660645,1.1922684907913208
2.030712127685547,0.7261050343513489
1.078637957572937,1.4892799854278564
0.8385766744613647,2.4414405822753906
3.7589170932769775,0.14814814925193787
#
2.125586748123169,0.4236842095851898
0.88441401720047,1.9770560264587402
1.050078272819519,1.7890477180480957
1.1453696489334106,0.9786416292190552
1.1259973049163818,1.2616167068481445
1.573498010635376,0.9688872694969177
1.7838541269302368,0.7275260090827942
2.034688949584961,0.7151904106140137
3.1549012660980225,0.2370370328426361
1.1446309089660645,1.1922684907913208
2.030712127685547,0.7261050343513489
1.078637957572937,1.4892799854278564
0.8385766744613647,2.4414405822753906
3.7589170932769775,0.14814814925193787
#
2.125586748123169,0.4236842095851898
0.88441401720047,1.9770560264587402
2.065028667449951,0.660664439201355
1.050078272819519,1.7890477180480957
1.1453696489334106,0.9786416292190552
1.1259973049163818,1.2616167068481445
1.573498010635376,0.9688872694969177
1.7838541269302368,0.7275260090827942
2.034688949584961,0.7151904106140137
3.1549012660980225,0.2370370328426361
1.1446309089660645,1.1922684907913208
2.030712127685547,0.7261050343513489
1.078637957572937,1.4892799854278564
0.8385766744613647,2.4414405822753906
3.7589170932769775,0.14814814925193787
#
2.125586748123169,0.4236842095851898
0.88441401720047,1.9770560264587402
2.065028667449951,0.660664439201355
1.050078272819519,1.7890477180480957
1.1453696489334106,0.9786416292190552
1.1259973049163818,1.2616167068481445
1.573498010635376,0.9688872694969177
1.7838541269302368,0.7275260090827942
2.034688949584961,0.7151904106140137
3.1549012660980225,0.2370370328426361
1.1446309089660645,1.1922684907913208
2.030712127685547,0.7261050343513489
1.078637957572937,1.4892799854278564
0.8385766744613647,2.4414405822753906
3.7589170932769775,0.14814814925193787
#
2.125586748123169,0.4236842095851898
0.88441401720047,1.9770560264587402
2.065028667449951,0.660664439201355
1.050078272819519,1.7890477180480957
1.1453696489334106,0.9786416292190552
1.1259973049163818,1.2616167068481445
1.573498010635376,0.9688872694969177
1.7838541269302368,0.7275260090827942
2.034688949584961,0.7151904106140137
3.1549012660980225,0.2370370328426361
1.1446309089660645,1.1922684907913208
2.030712127685547,0.7261050343513489
1.078637957572937,1.4892799854278564
0.8385766744613647,2.4414405822753906
3.7589170932769775,0.14814814925193787
#
2.125586748123169,0.4236842095851898
0.88441401720047,1.9770560264587402
2.065028667449951,0.660664439201355
1.050078272819519,1.7890477180480957
1.1453696489334106,0.9786416292190552
1.1259973049163818,1.2616167068481445
1.573498010635376,0.9688872694969177
1.7838541269302368,0.7275260090827942
2.034688949584961,0.7151904106140137
3.1549012660980225,0.2370370328426361
1.1446309089660645,1.1922684907913208
2.030712127685547,0.7261050343513489
1.078637957572937,1.4892799854278564
0.8385766744613647,2.4414405822753906
3.7589170932769775,0.14814814925193787
#
2.125586748123169,0.4236842095851898
0.88441401720047,1.9770560264587402
2.065028667449951,0.660664439201355
1.050078272819519,1.7890477180480957
1.1453696489334106,0.9786416292190552
1.1259973049163818,1.2616167068481445
1.573498010635376,0.9688872694969177
1.7838541269302368,0.7275260090827942
3.1549012660980225,0.2370370328426361
1.1446309089660645,1.1922684907913208
1.8365449905395508,0.6790854930877686
1.686241865158081,0.8629289865493774
1.078637957572937,1.4892799854278564
0.8385766744613647,2.4414405822753906
3.7589170932769775,0.14814814925193787
#
2.125586748123169,0.4236842095851898
0.88441401720047,1.9770560264587402
2.065028667449951,0.660664439201355
1.050078272819519,1.7890477180480957
1.1453696489334106,0.9786416292190552
1.1259973049163818,1.2616167068481445
1.573498010635376,0.9688872694969177
1.7747743129730225,0.6783486604690552
3.1549012660980225,0.2370370328426361
1.1446309089660645,1.1922684907913208
1.686241865158081,0.8629289865493774
1.078637957572937,1.4892799854278564
0.8385766744613647,2.4414405822753906
3.7589170932769775,0.14814814925193787
#
2.125586748123169,0.4236842095851898
0.88441401720047,1.9770560264587402
2.065028667449951,0.660664439201355
1.050078272819519,1.7890477180480957
1.1453696489334106,0.9786416292190552
1.1259973049163818,1.2616167068481445
1.573498010635376,0.9688872694969177
1.7747743129730225,0.6783486604690552
3.1549012660980225,0.2370370328426361
1.1446309089660645,1.1922684907913208
1.686241865158081,0.8629289865493774
1.078637957572937,1.4892799854278564
0.8385766744613647,2.4414405822753906
3.7589170932769775,0.14814814925193787
#
2.125586748123169,0.4236842095851898
0.88441401720047,1.9770560264587402
2.065028667449951,0.660664439201355
1.050078272819519,1.7890477180480957
1.1453696489334106,0.9786416292190552
1.1259973049163818,1.2616167068481445
1.573498010635376,0.9688872694969177
1.7747743129730225,0.6783486604690552
1.9280102252960205,0.6681740283966064
3.1549012660980225,0.2370370328426361
1.1446309089660645,1.1922684907913208
1.686241865158081,0.8629289865493774
1.078637957572937,1.4892799854278564
0.8385766744613647,2.4414405822753906
3.7589170932769775,0.14814814925193787
#
2.125586748123169,0.4236842095851898
0.88441401720047,1.9770560264587402
2.065028667449951,0.660664439201355
1.050078272819519,1.7890477180480957
1.1453696489334106,0.9786416292190552
1.1259973049163818,1.2616167068481445
1.7747743129730225,0.6783486604690552
1.9280102252960205,0.6681740283966064
3.1549012660980225,0.2370370328426361
1.1446309089660645,1.1922684907913208
1.686241865158081,0.8629289865493774
1.573498010635376,0.9688872694969177
1.078637957572937,1.4892799854278564
0.8385766744613647,2.4414405822753906
3.7589170932769775,0.14814814925193787
#
2.125586748123169,0.4236842095851898
0.88441401720047,1.9770560264587402
2.065028667449951,0.660664439201355
1.050078272819519,1.7890477180480957
1.1453696489334106,0.9786416292190552
1.1259973049163818,1.2616167068481445
1.7747743129730225,0.6783486604690552
1.9280102252960205,0.6681740283966064
3.1549012660980225,0.2370370328426361
1.1446309089660645,1.1922684907913208
1.686241865158081,0.8629289865493774
1.573498010635376,0.9688872694969177
1.078637957572937,1.4892799854278564
0.8385766744613647,2.4414405822753906
3.7589170932769775,0.14814814925193787
#
2.125586748123169,0.4236842095851898
0.88441401720047,1.9770560264587402
2.065028667449951,0.660664439201355
1.050078272819519,1.7890477180480957
1.1453696489334106,0.9786416292190552
1.1259973049163818,1.2616167068481445
1.7747743129730225,0.6783486604690552
1.9280102252960205,0.6681740283966064
3.1549012660980225,0.2370370328426361
1.1446309089660645,1.1922684907913208
1.686241865158081,0.8629289865493774
1.573498010635376,0.9688872694969177
1.078637957572937,1.4892799854278564
0.8385766744613647,2.4414405822753906
3.7589170932769775,0.14814814925193787
#
2.125586748123169,0.4236842095851898
0.88441401720047,1.9770560264587402
2.065028667449951,0.660664439201355
1.050078272819519,1.7890477180480957
1.1453696489334106,0.9786416292190552
1.1259973049163818,1.2616167068481445
1.7747743129730225,0.6783486604690552
1.9280102252960205,0.6681740283966064
3.1549012660980225,0.2370370328426361
1.1446309089660645,1.1922684907913208
1.686241865158081,0.8629289865493774
1.573498010635376,0.9688872694969177
1.078637957572937,1.4892799854278564
0.8385766744613647,2.4414405822753906
3.7589170932769775,0.14814814925193787
#
2.125586748123169,0.4236842095851898
0.88441401720047,1.9770560264587402
1.898769736289978,0.5318783521652222
1.050078272819519,1.7890477180480957
1.9959396123886108,0.5021454691886902
1.1453696489334106,0.9786416292190552
1.1259973049163818,1.2616167068481445
1.7747743129730225,0.6783486604690552
3.1549012660980225,0.2370370328426361
1.1446309089660645,1.1922684907913208
1.686241865158081,0.8629289865493774
1.573498010635376,0.9688872694969177
1.078637957572937,1.4892799854278564
0.8385766744613647,2.4414405822753906
3.7589170932769775,0.14814814925193787
#
2.125586748123169,0.4236842095851898
0.88441401720047,1.9770560264587402
1.5231781005859375,0.7473506331443787
1.050078272819519,1.7890477180480957
1.9959396123886108,0.5021454691886902
1.1453696489334106,0.9786416292190552
1.1259973049163818,1.2616167068481445
1.898769736289978,0.5318783521652222
1.7747743129730225,0.6783486604690552
3.1549012660980225,0.2370370328426361
1.1446309089660645,1.1922684907913208
1.078637957572937,1.4892799854278564
0.8385766744613647,2.4414405822753906
3.7589170932769775,0.14814814925193787
#
2.125586748123169,0.4236842095851898
0.88441401720047,1.9770560264587402
1.5231781005859375,0.7473506331443787
1.050078272819519,1.7890477180480957
1.9959396123886108,0.5021454691886902
1.1453696489334106,0.9786416292190552
1.1259973049163818,1.2616167068481445
1.898769736289978,0.5318783521652222
1.7747743129730225,0.6783486604690552
3.1549012660980225,0.2370370328426361
1.1446309089660645,1.1922684907913208
1.078637957572937,1.4892799854278564
0.8385766744613647,2.4414405822753906
3.7589170932769775,0.14814814925193787
#
2.125586748123169,0.4236842095851898
0.88441401720047,1.9770560264587402
1.5231781005859375,0.7473506331443787
1.050078272819519,1.7890477180480957
1.9959396123886108,0.5021454691886902
1.1453696489334106,0.9786416292190552
1.1259973049163818,1.2616167068481445
1.898769736289978,0.5318783521652222
1.7747743129730225,0.6783486604690552
3.1549012660980225,0.2370370328426361
1.1446309089660645,1.1922684907913208
1.078637957572937,1.4892799854278564
0.8385766744613647,2.4414405822753906
3.7589170932769775,0.14814814925193787
#
2.125586748123169,0.4236842095851898
0.88441401720047,1.9770560264587402
1.5231781005859375,0.7473506331443787
1.050078272819519,1.7890477180480957
1.9959396123886108,0.5021454691886902
1.1453696489334106,0.9786416292190552
1.1259973049163818,1.2616167068481445
1.898769736289978,0.5318783521652222
1.7747743129730225,0.6783486604690552
3.1549012660980225,0.2370370328426361
1.1446309089660645,1.1922684907913208
1.078637957572937,1.4892799854278564
0.8385766744613647,2.4414405822753906
3.7589170932769775,0.14814814925193787
#
2.125586748123169,0.4236842095851898
0.88441401720047,1.9770560264587402
1.5231781005859375,0.7473506331443787
1.050078272819519,1.7890477180480957
1.9959396123886108,0.5021454691886902
1.1453696489334106,0.9786416292190552
1.1259973049163818,1.2616167068481445
1.898769736289978,0.5318783521652222
1.7747743129730225,0.6783486604690552
3.1549012660980225,0.2370370328426361
1.1446309089660645,1.1922684907913208
1.078637957572937,1.4892799854278564
0.8385766744613647,2.4414405822753906
3.7589170932769775,0.14814814925193787
#
2.125586748123169,0.4236842095851898
0.88441401720047,1.9770560264587402
1.5231781005859375,0.7473506331443787
1.050078272819519,1.7890477180480957
1.9959396123886108,0.5021454691886902
1.1453696489334106,0.9786416292190552
1.1259973049163818,1.2616167068481445
1.898769736289978,0.5318783521652222
1.7747743129730225,0.6783486604690552
3.1549012660980225,0.2370370328426361
1.1446309089660645,1.1922684907913208
1.078637957572937,1.4892799854278564
0.8385766744613647,2.4414405822753906
3.7589170932769775,0.14814814925193787
#
2.125586748123169,0.4236842095851898
0.88441401720047,1.9770560264587402
1.5231781005859375,0.7473506331443787
1.050078272819519,1.7890477180480957
1.9959396123886108,0.5021454691886902
1.1453696489334106,0.9786416292190552
1.1259973049163818,1.2616167068481445
1.898769736289978,0.5318783521652222
1.7747743129730225,0.6783486604690552
3.1549012660980225,0.2370370328426361
1.1446309089660645,1.1922684907913208
1.078637957572937,1.4892799854278564
0.8385766744613647,2.4414405822753906
3.7589170932769775,0.14814814925193787
#
2.125586748123169,0.4236842095851898
0.88441401720047,1.9770560264587402
1.5231781005859375,0.7473506331443787
1.050078272819519,1.7890477180480957
1.9959396123886108,0.5021454691886902
1.1453696489334106,0.9786416292190552
1.1259973049163818,1.2616167068481445
1.898769736289978,0.5318783521652222
1.7747743129730225,0.6783486604690552
3.1549012660980225,0.2370370328426361
1.1446309089660645,1.1922684907913208
1.078637957572937,1.4892799854278564
0.8385766744613647,2.4414405822753906
3.7589170932769775,0.14814814925193787
#
2.125586748123169,0.4236842095851898
0.88441401720047,1.9770560264587402
1.5231781005859375,0.7473506331443787
1.050078272819519,1.7890477180480957
1.9959396123886108,0.5021454691886902
1.1453696489334106,0.9786416292190552
1.1259973049163818,1.2616167068481445
1.898769736289978,0.5318783521652222
1.7747743129730225,0.6783486604690552
3.1549012660980225,0.2370370328426361
1.1446309089660645,1.1922684907913208
1.078637957572937,1.4892799854278564
0.8385766744613647,2.4414405822753906
3.7589170932769775,0.14814814925193787
#
2.125586748123169,0.4236842095851898
0.88441401720047,1.9770560264587402
1.050078272819519,1.7890477180480957
1.9959396123886108,0.5021454691886902
1.1453696489334106,0.9786416292190552
1.1259973049163818,1.2616167068481445
1.898769736289978,0.5318783521652222
1.7747743129730225,0.6783486604690552
3.1549012660980225,0.2370370328426361
1.1446309089660645,1.1922684907913208
1.5231781005859375,0.7473506331443787
1.078637957572937,1.4892799854278564
0.8385766744613647,2.4414405822753906
3.7589170932769775,0.14814814925193787
#
2.125586748123169,0.4236842095851898
0.88441401720047,1.9770560264587402
1.050078272819519,1.7890477180480957
1.9959396123886108,0.5021454691886902
1.1453696489334106,0.9786416292190552
1.1259973049163818,1.2616167068481445
1.898769736289978,0.5318783521652222
1.7747743129730225,0.6783486604690552
3.1549012660980225,0.2370370328426361
1.1446309089660645,1.1922684907913208
1.5231781005859375,0.7473506331443787
1.078637957572937,1.4892799854278564
0.8385766744613647,2.4414405822753906
3.7589170932769775,0.14814814925193787
#
2.125586748123169,0.4236842095851898
0.88441401720047,1.9770560264587402
1.050078272819519,1.7890477180480957
1.9959396123886108,0.5021454691886902
1.1453696489334106,0.9786416292190552
1.1259973049163818,1.2616167068481445
2.681975841522217,0.3768805265426636
1.898769736289978,0.5318783521652222
1.7747743129730225,0.6783486604690552
3.0508852005004883,0.21747928857803345
1.1446309089660645,1.1922684907913208
1.5231781005859375,0.7473506331443787
1.078637957572937,1.4892799854278564
0.8385766744613647,2.4414405822753906
3.7589170932769775,0.14814814925193787
#
3.0508852005004883,0.21747928857803345
0.88441401720047,1.9770560264587402
1.050078272819519,1.7890477180480957
1.9959396123886108,0.5021454691886902
2.125586748123169,0.4236842095851898
1.1453696489334106,0.9786416292190552
1.1259973049163818,1.2616167068481445
2.681975841522217,0.3768805265426636
1.898769736289978,0.5318783521652222
1.7747743129730225,0.6783486604690552
1.1446309089660645,1.1922684907913208
1.5231781005859375,0.7473506331443787
1.078637957572937,1.4892799854278564
0.8385766744613647,2.4414405822753906
3.7589170932769775,0.14814814925193787
#
3.0508852005004883,0.21747928857803345
0.88441401720047,1.9770560264587402
1.050078272819519,1.7890477180480957
1.9959396123886108,0.5021454691886902
2.125586748123169,0.4236842095851898
1.1453696489334106,0.9786416292190552
1.1259973049163818,1.2616167068481445
2.681975841522217,0.3768805265426636
1.898769736289978,0.5318783521652222
1.7747743129730225,0.6783486604690552
1.1446309089660645,1.1922684907913208
1.5231781005859375,0.7473506331443787
1.078637957572937,1.4892799854278564
0.8385766744613647,2.4414405822753906
3.7589170932769775,0.14814814925193787
#
3.0508852005004883,0.21747928857803345
0.88441401720047,1.9770560264587402
1.050078272819519,1.7890477180480957
1.9959396123886108,0.5021454691886902
2.125586748123169,0.4236842095851898
1.1453696489334106,0.9786416292190552
1.1259973049163818,1.2616167068481445
2.681975841522217,0.3768805265426636
1.898769736289978,0.5318783521652222
1.7747743129730225,0.6783486604690552
1.1446309089660645,1.1922684907913208
1.5231781005859375,0.7473506331443787
1.078637957572937,1.4892799854278564
0.8385766744613647,2.4414405822753906
3.7589170932769775,0.14814814925193787
#
3.0508852005004883,0.21747928857803345
0.88441401720047,1.9770560264587402
1.050078272819519,1.7890477180480957
1.9959396123886108,0.5021454691886902
2.125586748123169,0.4236842095851898
1.1453696489334106,0.9786416292190552
1.1259973049163818,1.2616167068481445
2.681975841522217,0.3768805265426636
1.898769736289978,0.5318783521652222
1.7747743129730225,0.6783486604690552
1.1446309089660645,1.1922684907913208
1.5231781005859375,0.7473506331443787
1.078637957572937,1.4892799854278564
0.8385766744613647,2.4414405822753906
3.7589170932769775,0.14814814925193787
#
3.0508852005004883,0.21747928857803345
0.88441401720047,1.9770560264587402
1.050078272819519,1.7890477180480957
1.9959396123886108,0.5021454691886902
2.125586748123169,0.4236842095851898
1.1453696489334106,0.9786416292190552
1.1259973049163818,1.2616167068481445
2.681975841522217,0.3768805265426636
1.898769736289978,0.5318783521652222
1.7747743129730225,0.6783486604690552
1.1446309089660645,1.1922684907913208
1.4990661144256592,0.8161221742630005
1.5231781005859375,0.7473506331443787
1.078637957572937,1.4892799854278564
0.8385766744613647,2.4414405822753906
3.7589170932769775,0.14814814925193787
#
3.0508852005004883,0.21747928857803345
0.88441401720047,1.9770560264587402
1.050078272819519,1.7890477180480957
1.9959396123886108,0.5021454691886902
2.125586748123169,0.4236842095851898
1.1453696489334106,0.9786416292190552
1.1259973049163818,1.2616167068481445
2.681975841522217,0.3768805265426636
1.898769736289978,0.5318783521652222
1.7747743129730225,0.6783486604690552
1.1446309089660645,1.1922684907913208
1.4783103466033936,0.7350015044212341
2.279684066772461,0.383777379989624
1.078637957572937,1.4892799854278564
0.8385766744613647,2.4414405822753906
3.7589170932769775,0.14814814925193787
#
3.0508852005004883,0.21747928857803345
0.88441401720047,1.9770560264587402
1.050078272819519,1.7890477180480957
1.9959396123886108,0.5021454691886902
2.125586748123169,0.4236842095851898
1.1453696489334106,0.9786416292190552
1.1259973049163818,1.2616167068481445
2.279684066772461,0.383777379989624
1.898769736289978,0.5318783521652222
1.7747743129730225,0.6783486604690552
1.1446309089660645,1.1922684907913208
1.4783103466033936,0.7350015044212341
2.681975841522217,0.3768805265426636
1.078637957572937,1.4892799854278564
0.8385766744613647,2.4414405822753906
3.7589170932769775,0.14814814925193787
#
3.0508852005004883,0.21747928857803345
0.88441401720047,1.9770560264587402
1.050078272819519,1.7890477180480957
1.9959396123886108,0.5021454691886902
2.125586748123169,0.4236842095851898
1.1453696489334106,0.9786416292190552
1.1259973049163818,1.2616167068481445
2.279684066772461,0.383777379989624
1.898769736289978,0.5318783521652222
1.7747743129730225,0.6783486604690552
1.1446309089660645,1.1922684907913208
1.4783103466033936,0.7350015044212341
2.681975841522217,0.3768805265426636
1.078637957572937,1.4892799854278564
