#
13940.099609375,69550.0,2232.0
15185.900390625,84000.0,1248.0
15861.5,44500.0,1872.0
17184.30078125,41900.0,1680.0
16913.099609375,41950.0,1668.0
16913.099609375,41950.0,1668.0
15932.099609375,47600.0,1356.0
15067.900390625,51000.0,1776.0
16868.900390625,47300.0,1824.0
16521.0,48950.0,1296.0
17309.099609375,43000.0,1656.0
16877.30078125,41800.0,2016.0
17182.900390625,35550.0,1824.0
16283.5,40200.0,2208.0
#
13940.099609375,69550.0,2232.0
15185.900390625,84000.0,1248.0
15861.5,44500.0,1872.0
14975.900390625,52550.0,1500.0
16283.5,40200.0,2208.0
17348.30078125,41600.0,1608.0
17182.900390625,35550.0,1824.0
13985.5,61950.0,1908.0
13985.5,61950.0,1908.0
#
15185.900390625,84000.0,1248.0
15861.5,44500.0,1872.0
13914.5,54300.0,1896.0
16283.5,40200.0,2208.0
17348.30078125,41600.0,1608.0
17182.900390625,35550.0,1824.0
14429.5,56150.0,1452.0
14975.900390625,52550.0,1500.0
#
13914.5,54300.0,1896.0
16654.80078125,66550.0,1236.0
15861.5,44500.0,1872.0
13311.599609375,55950.0,1884.0
16283.5,40200.0,2208.0
17348.30078125,41600.0,1608.0
13508.900390625,56650.0,1848.0
17182.900390625,35550.0,1824.0
14429.5,56150.0,1452.0
#
13311.599609375,55950.0,1884.0
16358.2998046875,56250.0,1092.0
15861.5,44500.0,1872.0
17429.5,39150.0,1356.0
16283.5,40200.0,2208.0
17348.30078125,41600.0,1608.0
13508.900390625,56650.0,1848.0
17182.900390625,35550.0,1824.0
13914.5,54300.0,1896.0
#
13311.599609375,55950.0,1884.0
17429.5,39150.0,1356.0
17053.400390625,59150.0,828.0
16283.5,40200.0,2208.0
16283.5,40200.0,2208.0
13508.900390625,56650.0,1848.0
17182.900390625,35550.0,1824.0
#
13311.599609375,55950.0,1884.0
17429.5,39150.0,1356.0
17053.400390625,59150.0,828.0
16283.5,40200.0,2208.0
16283.5,40200.0,2208.0
13508.900390625,56650.0,1848.0
17182.900390625,35550.0,1824.0
#
13311.599609375,55950.0,1884.0
17429.5,39150.0,1356.0
17053.400390625,59150.0,828.0
16283.5,40200.0,2208.0
16283.5,40200.0,2208.0
13508.900390625,56650.0,1848.0
17182.900390625,35550.0,1824.0
#
13311.599609375,55950.0,1884.0
17429.5,39150.0,1356.0
17053.400390625,59150.0,828.0
16283.5,40200.0,2208.0
16283.5,40200.0,2208.0
17182.900390625,35550.0,1824.0
#
13311.599609375,55950.0,1884.0
17429.5,39150.0,1356.0
17392.0,60000.0,804.0
17182.900390625,35550.0,1824.0
16283.5,40200.0,2208.0
16283.5,40200.0,2208.0
17053.400390625,59150.0,828.0
#
13311.599609375,55950.0,1884.0
17182.900390625,35550.0,1824.0
17392.0,60000.0,804.0
17429.5,39150.0,1356.0
17429.5,39150.0,1356.0
17053.400390625,59150.0,828.0
#
13311.599609375,55950.0,1884.0
17182.900390625,35550.0,1824.0
17392.0,60000.0,804.0
17429.5,39150.0,1356.0
17429.5,39150.0,1356.0
17053.400390625,59150.0,828.0
#
13311.599609375,55950.0,1884.0
17182.900390625,35550.0,1824.0
17392.0,60000.0,804.0
17429.5,39150.0,1356.0
17429.5,39150.0,1356.0
17053.400390625,59150.0,828.0
#
13311.599609375,55950.0,1884.0
17182.900390625,35550.0,1824.0
17392.0,60000.0,804.0
17429.5,39150.0,1356.0
17429.5,39150.0,1356.0
17053.400390625,59150.0,828.0
#
13311.599609375,55950.0,1884.0
17182.900390625,35550.0,1824.0
17392.0,60000.0,804.0
17429.5,39150.0,1356.0
17429.5,39150.0,1356.0
17053.400390625,59150.0,828.0
#
13311.599609375,55950.0,1884.0
17182.900390625,35550.0,1824.0
17392.0,60000.0,804.0
17429.5,39150.0,1356.0
17429.5,39150.0,1356.0
17053.400390625,59150.0,828.0
#
13311.599609375,55950.0,1884.0
17182.900390625,35550.0,1824.0
17392.0,60000.0,804.0
17429.5,39150.0,1356.0
17429.5,39150.0,1356.0
17053.400390625,59150.0,828.0
#
13311.599609375,55950.0,1884.0
17182.900390625,35550.0,1824.0
17392.0,60000.0,804.0
17429.5,39150.0,1356.0
17429.5,39150.0,1356.0
17053.400390625,59150.0,828.0
#
13311.599609375,55950.0,1884.0
17182.900390625,35550.0,1824.0
17392.0,60000.0,804.0
17429.5,39150.0,1356.0
17429.5,39150.0,1356.0
17053.400390625,59150.0,828.0
#
13311.599609375,55950.0,1884.0
17182.900390625,35550.0,1824.0
17392.0,60000.0,804.0
18634.30078125,38200.0,1020.0
18634.30078125,38200.0,1020.0
#
13311.599609375,55950.0,1884.0
17182.900390625,35550.0,1824.0
17392.0,60000.0,804.0
18634.30078125,38200.0,1020.0
18634.30078125,38200.0,1020.0
#
13311.599609375,55950.0,1884.0
17182.900390625,35550.0,1824.0
17392.0,60000.0,804.0
18634.30078125,38200.0,1020.0
18634.30078125,38200.0,1020.0
15922.400390625,40350.0,1908.0
15922.400390625,40350.0,1908.0
#
13311.599609375,55950.0,1884.0
17182.900390625,35550.0,1824.0
17392.0,60000.0,804.0
18634.30078125,38200.0,1020.0
18634.30078125,38200.0,1020.0
15922.400390625,40350.0,1908.0
15922.400390625,40350.0,1908.0
#
13311.599609375,55950.0,1884.0
17182.900390625,35550.0,1824.0
17392.0,60000.0,804.0
18634.30078125,38200.0,1020.0
18634.30078125,38200.0,1020.0
15922.400390625,40350.0,1908.0
15922.400390625,40350.0,1908.0
#
13311.599609375,55950.0,1884.0
17182.900390625,35550.0,1824.0
17392.0,60000.0,804.0
18634.30078125,38200.0,1020.0
18634.30078125,38200.0,1020.0
15922.400390625,40350.0,1908.0
15922.400390625,40350.0,1908.0
#
13311.599609375,55950.0,1884.0
17182.900390625,35550.0,1824.0
17392.0,60000.0,804.0
18634.30078125,38200.0,1020.0
18634.30078125,38200.0,1020.0
15922.400390625,40350.0,1908.0
15922.400390625,40350.0,1908.0
#
13311.599609375,55950.0,1884.0
17182.900390625,35550.0,1824.0
17392.0,60000.0,804.0
18634.30078125,38200.0,1020.0
18634.30078125,38200.0,1020.0
15922.400390625,40350.0,1908.0
15922.400390625,40350.0,1908.0
#
13311.599609375,55950.0,1884.0
17182.900390625,35550.0,1824.0
17392.0,60000.0,804.0
18634.30078125,38200.0,1020.0
18634.30078125,38200.0,1020.0
15922.400390625,40350.0,1908.0
15922.400390625,40350.0,1908.0
#
13311.599609375,55950.0,1884.0
17182.900390625,35550.0,1824.0
17392.0,60000.0,804.0
18634.30078125,38200.0,1020.0
18634.30078125,38200.0,1020.0
15922.400390625,40350.0,1908.0
15922.400390625,40350.0,1908.0
#
13311.599609375,55950.0,1884.0
17182.900390625,35550.0,1824.0
17392.0,60000.0,804.0
18634.30078125,38200.0,1020.0
18634.30078125,38200.0,1020.0
15922.400390625,40350.0,1908.0
15922.400390625,40350.0,1908.0
16948.80078125,39850.0,1320.0
#
13311.599609375,55950.0,1884.0
17182.900390625,35550.0,1824.0
17392.0,60000.0,804.0
18634.30078125,38200.0,1020.0
18634.30078125,38200.0,1020.0
15922.400390625,40350.0,1908.0
15922.400390625,40350.0,1908.0
16948.80078125,39850.0,1320.0
#
13311.599609375,55950.0,1884.0
17182.900390625,35550.0,1824.0
17392.0,60000.0,804.0
18634.30078125,38200.0,1020.0
18634.30078125,38200.0,1020.0
15922.400390625,40350.0,1908.0
15922.400390625,40350.0,1908.0
16948.80078125,39850.0,1320.0
#
13311.599609375,55950.0,1884.0
17182.900390625,35550.0,1824.0
17392.0,60000.0,804.0
18634.30078125,38200.0,1020.0
18634.30078125,38200.0,1020.0
15922.400390625,40350.0,1908.0
15922.400390625,40350.0,1908.0
16948.80078125,39850.0,1320.0
#
13311.599609375,55950.0,1884.0
17182.900390625,35550.0,1824.0
17392.0,60000.0,804.0
18634.30078125,38200.0,1020.0
18634.30078125,38200.0,1020.0
15922.400390625,40350.0,1908.0
15922.400390625,40350.0,1908.0
16948.80078125,39850.0,1320.0
#
13311.599609375,55950.0,1884.0
17182.900390625,35550.0,1824.0
17392.0,60000.0,804.0
18634.30078125,38200.0,1020.0
18634.30078125,38200.0,1020.0
15922.400390625,40350.0,1908.0
15922.400390625,40350.0,1908.0
16948.80078125,39850.0,1320.0
#
13311.599609375,55950.0,1884.0
17182.900390625,35550.0,1824.0
17392.0,60000.0,804.0
18634.30078125,38200.0,1020.0
18634.30078125,38200.0,1020.0
15922.400390625,40350.0,1908.0
15922.400390625,40350.0,1908.0
16948.80078125,39850.0,1320.0
#
13311.599609375,55950.0,1884.0
17182.900390625,35550.0,1824.0
17392.0,60000.0,804.0
18634.30078125,38200.0,1020.0
18634.30078125,38200.0,1020.0
15922.400390625,40350.0,1908.0
15922.400390625,40350.0,1908.0
16948.80078125,39850.0,1320.0
#
13311.599609375,55950.0,1884.0
17182.900390625,35550.0,1824.0
17392.0,60000.0,804.0
18634.30078125,38200.0,1020.0
18634.30078125,38200.0,1020.0
15922.400390625,40350.0,1908.0
15922.400390625,40350.0,1908.0
16948.80078125,39850.0,1320.0
#
13311.599609375,55950.0,1884.0
17182.900390625,35550.0,1824.0
17392.0,60000.0,804.0
18634.30078125,38200.0,1020.0
18634.30078125,38200.0,1020.0
15922.400390625,40350.0,1908.0
15922.400390625,40350.0,1908.0
16948.80078125,39850.0,1320.0
#
13311.599609375,55950.0,1884.0
17182.900390625,35550.0,1824.0
17392.0,60000.0,804.0
18634.30078125,38200.0,1020.0
18634.30078125,38200.0,1020.0
15922.400390625,40350.0,1908.0
15922.400390625,40350.0,1908.0
16948.80078125,39850.0,1320.0
#
13311.599609375,55950.0,1884.0
17392.0,60000.0,804.0
16966.099609375,35250.0,1656.0
16966.099609375,35250.0,1656.0
18634.30078125,38200.0,1020.0
18634.30078125,38200.0,1020.0
15922.400390625,40350.0,1908.0
15922.400390625,40350.0,1908.0
#
13311.599609375,55950.0,1884.0
16966.099609375,35250.0,1656.0
17392.0,60000.0,804.0
18634.30078125,38200.0,1020.0
15922.400390625,40350.0,1908.0
#
13311.599609375,55950.0,1884.0
16966.099609375,35250.0,1656.0
17392.0,60000.0,804.0
18634.30078125,38200.0,1020.0
15922.400390625,40350.0,1908.0
#
13311.599609375,55950.0,1884.0
16966.099609375,35250.0,1656.0
17392.0,60000.0,804.0
18634.30078125,38200.0,1020.0
15922.400390625,40350.0,1908.0
#
13311.599609375,55950.0,1884.0
16966.099609375,35250.0,1656.0
17392.0,60000.0,804.0
18634.30078125,38200.0,1020.0
15922.400390625,40350.0,1908.0
#
13311.599609375,55950.0,1884.0
16966.099609375,35250.0,1656.0
17392.0,60000.0,804.0
18634.30078125,38200.0,1020.0
15922.400390625,40350.0,1908.0
#
13311.599609375,55950.0,1884.0
16966.099609375,35250.0,1656.0
17392.0,60000.0,804.0
18634.30078125,38200.0,1020.0
15922.400390625,40350.0,1908.0
#
13311.599609375,55950.0,1884.0
16966.099609375,35250.0,1656.0
17392.0,60000.0,804.0
18634.30078125,38200.0,1020.0
15922.400390625,40350.0,1908.0
#
13311.599609375,55950.0,1884.0
16966.099609375,35250.0,1656.0
17392.0,60000.0,804.0
18634.30078125,38200.0,1020.0
15922.400390625,40350.0,1908.0
#
13311.599609375,55950.0,1884.0
16966.099609375,35250.0,1656.0
17392.0,60000.0,804.0
18634.30078125,38200.0,1020.0
15922.400390625,40350.0,1908.0
#
13311.599609375,55950.0,1884.0
16966.099609375,35250.0,1656.0
17392.0,60000.0,804.0
18634.30078125,38200.0,1020.0
15922.400390625,40350.0,1908.0
#
13311.599609375,55950.0,1884.0
16966.099609375,35250.0,1656.0
17392.0,60000.0,804.0
18634.30078125,38200.0,1020.0
15922.400390625,40350.0,1908.0
#
13311.599609375,55950.0,1884.0
16966.099609375,35250.0,1656.0
17392.0,60000.0,804.0
18634.30078125,38200.0,1020.0
15922.400390625,40350.0,1908.0
#
13311.599609375,55950.0,1884.0
16966.099609375,35250.0,1656.0
17392.0,60000.0,804.0
18634.30078125,38200.0,1020.0
15922.400390625,40350.0,1908.0
#
13311.599609375,55950.0,1884.0
16966.099609375,35250.0,1656.0
17392.0,60000.0,804.0
18634.30078125,38200.0,1020.0
15922.400390625,40350.0,1908.0
#
13311.599609375,55950.0,1884.0
16966.099609375,35250.0,1656.0
17392.0,60000.0,804.0
18634.30078125,38200.0,1020.0
15922.400390625,40350.0,1908.0
#
13311.599609375,55950.0,1884.0
16966.099609375,35250.0,1656.0
17392.0,60000.0,804.0
18634.30078125,38200.0,1020.0
15922.400390625,40350.0,1908.0
#
13311.599609375,55950.0,1884.0
16966.099609375,35250.0,1656.0
17392.0,60000.0,804.0
18634.30078125,38200.0,1020.0
15922.400390625,40350.0,1908.0
#
13311.599609375,55950.0,1884.0
16966.099609375,35250.0,1656.0
17392.0,60000.0,804.0
18634.30078125,38200.0,1020.0
15922.400390625,40350.0,1908.0
#
13311.599609375,55950.0,1884.0
16966.099609375,35250.0,1656.0
17392.0,60000.0,804.0
18634.30078125,38200.0,1020.0
15922.400390625,40350.0,1908.0
#
13311.599609375,55950.0,1884.0
16966.099609375,35250.0,1656.0
17392.0,60000.0,804.0
18634.30078125,38200.0,1020.0
15922.400390625,40350.0,1908.0
#
13311.599609375,55950.0,1884.0
16966.099609375,35250.0,1656.0
17392.0,60000.0,804.0
18634.30078125,38200.0,1020.0
15922.400390625,40350.0,1908.0
#
13311.599609375,55950.0,1884.0
16966.099609375,35250.0,1656.0
17392.0,60000.0,804.0
18634.30078125,38200.0,1020.0
15922.400390625,40350.0,1908.0
#
13311.599609375,55950.0,1884.0
16966.099609375,35250.0,1656.0
17392.0,60000.0,804.0
18634.30078125,38200.0,1020.0
15922.400390625,40350.0,1908.0
#
13311.599609375,55950.0,1884.0
16966.099609375,35250.0,1656.0
17392.0,60000.0,804.0
18634.30078125,38200.0,1020.0
15922.400390625,40350.0,1908.0
#
13311.599609375,55950.0,1884.0
16966.099609375,35250.0,1656.0
17392.0,60000.0,804.0
18634.30078125,38200.0,1020.0
15922.400390625,40350.0,1908.0
#
13311.599609375,55950.0,1884.0
16966.099609375,35250.0,1656.0
17392.0,60000.0,804.0
18634.30078125,38200.0,1020.0
15922.400390625,40350.0,1908.0
#
13311.599609375,55950.0,1884.0
16966.099609375,35250.0,1656.0
17392.0,60000.0,804.0
18634.30078125,38200.0,1020.0
15922.400390625,40350.0,1908.0
#
13311.599609375,55950.0,1884.0
16966.099609375,35250.0,1656.0
17392.0,60000.0,804.0
18634.30078125,38200.0,1020.0
15922.400390625,40350.0,1908.0
#
13311.599609375,55950.0,1884.0
16966.099609375,35250.0,1656.0
17392.0,60000.0,804.0
18634.30078125,38200.0,1020.0
15922.400390625,40350.0,1908.0
#
13311.599609375,55950.0,1884.0
16966.099609375,35250.0,1656.0
17392.0,60000.0,804.0
18634.30078125,38200.0,1020.0
15922.400390625,40350.0,1908.0
#
13311.599609375,55950.0,1884.0
16966.099609375,35250.0,1656.0
17392.0,60000.0,804.0
18634.30078125,38200.0,1020.0
15922.400390625,40350.0,1908.0
#
13311.599609375,55950.0,1884.0
16966.099609375,35250.0,1656.0
17392.0,60000.0,804.0
18634.30078125,38200.0,1020.0
15922.400390625,40350.0,1908.0
#
13311.599609375,55950.0,1884.0
16966.099609375,35250.0,1656.0
17392.0,60000.0,804.0
18634.30078125,38200.0,1020.0
15922.400390625,40350.0,1908.0
#
13311.599609375,55950.0,1884.0
16966.099609375,35250.0,1656.0
17392.0,60000.0,804.0
18634.30078125,38200.0,1020.0
15922.400390625,40350.0,1908.0
#
13311.599609375,55950.0,1884.0
16966.099609375,35250.0,1656.0
17392.0,60000.0,804.0
18634.30078125,38200.0,1020.0
15922.400390625,40350.0,1908.0
#
13311.599609375,55950.0,1884.0
16966.099609375,35250.0,1656.0
17392.0,60000.0,804.0
18634.30078125,38200.0,1020.0
15922.400390625,40350.0,1908.0
#
13311.599609375,55950.0,1884.0
16966.099609375,35250.0,1656.0
17392.0,60000.0,804.0
18634.30078125,38200.0,1020.0
15922.400390625,40350.0,1908.0
#
13311.599609375,55950.0,1884.0
16966.099609375,35250.0,1656.0
17392.0,60000.0,804.0
18634.30078125,38200.0,1020.0
15922.400390625,40350.0,1908.0
#
13311.599609375,55950.0,1884.0
16966.099609375,35250.0,1656.0
17392.0,60000.0,804.0
18634.30078125,38200.0,1020.0
15922.400390625,40350.0,1908.0
#
13311.599609375,55950.0,1884.0
16966.099609375,35250.0,1656.0
17392.0,60000.0,804.0
18634.30078125,38200.0,1020.0
15922.400390625,40350.0,1908.0
#
13311.599609375,55950.0,1884.0
16966.099609375,35250.0,1656.0
17392.0,60000.0,804.0
18634.30078125,38200.0,1020.0
15922.400390625,40350.0,1908.0
#
13311.599609375,55950.0,1884.0
16966.099609375,35250.0,1656.0
17392.0,60000.0,804.0
18634.30078125,38200.0,1020.0
15922.400390625,40350.0,1908.0
#
13311.599609375,55950.0,1884.0
16966.099609375,35250.0,1656.0
17392.0,60000.0,804.0
18634.30078125,38200.0,1020.0
15922.400390625,40350.0,1908.0
#
13311.599609375,55950.0,1884.0
16966.099609375,35250.0,1656.0
17392.0,60000.0,804.0
18634.30078125,38200.0,1020.0
15922.400390625,40350.0,1908.0
#
13311.599609375,55950.0,1884.0
16966.099609375,35250.0,1656.0
17392.0,60000.0,804.0
18634.30078125,38200.0,1020.0
15922.400390625,40350.0,1908.0
#
13311.599609375,55950.0,1884.0
16966.099609375,35250.0,1656.0
17392.0,60000.0,804.0
18634.30078125,38200.0,1020.0
15922.400390625,40350.0,1908.0
#
13311.599609375,55950.0,1884.0
16966.099609375,35250.0,1656.0
17392.0,60000.0,804.0
18634.30078125,38200.0,1020.0
15922.400390625,40350.0,1908.0
#
13311.599609375,55950.0,1884.0
16966.099609375,35250.0,1656.0
17392.0,60000.0,804.0
18634.30078125,38200.0,1020.0
15922.400390625,40350.0,1908.0
#
13311.599609375,55950.0,1884.0
16966.099609375,35250.0,1656.0
17392.0,60000.0,804.0
18634.30078125,38200.0,1020.0
15922.400390625,40350.0,1908.0
#
13311.599609375,55950.0,1884.0
16966.099609375,35250.0,1656.0
17392.0,60000.0,804.0
18634.30078125,38200.0,1020.0
15922.400390625,40350.0,1908.0
#
13311.599609375,55950.0,1884.0
16966.099609375,35250.0,1656.0
17392.0,60000.0,804.0
18634.30078125,38200.0,1020.0
15922.400390625,40350.0,1908.0
#
13311.599609375,55950.0,1884.0
16966.099609375,35250.0,1656.0
17392.0,60000.0,804.0
18634.30078125,38200.0,1020.0
15922.400390625,40350.0,1908.0
#
13311.599609375,55950.0,1884.0
16966.099609375,35250.0,1656.0
17392.0,60000.0,804.0
18634.30078125,38200.0,1020.0
15922.400390625,40350.0,1908.0
#
13311.599609375,55950.0,1884.0
16966.099609375,35250.0,1656.0
17392.0,60000.0,804.0
18634.30078125,38200.0,1020.0
15922.400390625,40350.0,1908.0
#
13311.599609375,55950.0,1884.0
16966.099609375,35250.0,1656.0
17392.0,60000.0,804.0
18634.30078125,38200.0,1020.0
15922.400390625,40350.0,1908.0
#
13311.599609375,55950.0,1884.0
16966.099609375,35250.0,1656.0
17392.0,60000.0,804.0
18634.30078125,38200.0,1020.0
15922.400390625,40350.0,1908.0
#
13311.599609375,55950.0,1884.0
16966.099609375,35250.0,1656.0
17392.0,60000.0,804.0
18634.30078125,38200.0,1020.0
15922.400390625,40350.0,1908.0
#
13311.599609375,55950.0,1884.0
16966.099609375,35250.0,1656.0
17392.0,60000.0,804.0
18634.30078125,38200.0,1020.0
15922.400390625,40350.0,1908.0
#
13311.599609375,55950.0,1884.0
16966.099609375,35250.0,1656.0
17392.0,60000.0,804.0
18634.30078125,38200.0,1020.0
15922.400390625,40350.0,1908.0
#
13311.599609375,55950.0,1884.0
16966.099609375,35250.0,1656.0
17392.0,60000.0,804.0
18634.30078125,38200.0,1020.0
15922.400390625,40350.0,1908.0
#
13311.599609375,55950.0,1884.0
16966.099609375,35250.0,1656.0
17392.0,60000.0,804.0
18634.30078125,38200.0,1020.0
15922.400390625,40350.0,1908.0
#
13311.599609375,55950.0,1884.0
16966.099609375,35250.0,1656.0
17392.0,60000.0,804.0
18634.30078125,38200.0,1020.0
15922.400390625,40350.0,1908.0
#
13311.599609375,55950.0,1884.0
16966.099609375,35250.0,1656.0
17392.0,60000.0,804.0
18634.30078125,38200.0,1020.0
15922.400390625,40350.0,1908.0
#
13311.599609375,55950.0,1884.0
16966.099609375,35250.0,1656.0
17392.0,60000.0,804.0
18634.30078125,38200.0,1020.0
15922.400390625,40350.0,1908.0
#
13311.599609375,55950.0,1884.0
16966.099609375,35250.0,1656.0
17392.0,60000.0,804.0
18634.30078125,38200.0,1020.0
15922.400390625,40350.0,1908.0
#
13311.599609375,55950.0,1884.0
16966.099609375,35250.0,1656.0
17392.0,60000.0,804.0
18634.30078125,38200.0,1020.0
15922.400390625,40350.0,1908.0
#
13311.599609375,55950.0,1884.0
16966.099609375,35250.0,1656.0
17392.0,60000.0,804.0
18634.30078125,38200.0,1020.0
15922.400390625,40350.0,1908.0
#
13311.599609375,55950.0,1884.0
16966.099609375,35250.0,1656.0
17392.0,60000.0,804.0
18634.30078125,38200.0,1020.0
15922.400390625,40350.0,1908.0
#
13311.599609375,55950.0,1884.0
16966.099609375,35250.0,1656.0
17392.0,60000.0,804.0
18634.30078125,38200.0,1020.0
15922.400390625,40350.0,1908.0
#
13311.599609375,55950.0,1884.0
16966.099609375,35250.0,1656.0
17392.0,60000.0,804.0
18634.30078125,38200.0,1020.0
15922.400390625,40350.0,1908.0
#
13311.599609375,55950.0,1884.0
16966.099609375,35250.0,1656.0
17392.0,60000.0,804.0
18634.30078125,38200.0,1020.0
16040.900390625,39000.0,1692.0
16040.900390625,39000.0,1692.0
#
13311.599609375,55950.0,1884.0
16966.099609375,35250.0,1656.0
17392.0,60000.0,804.0
18634.30078125,38200.0,1020.0
16040.900390625,39000.0,1692.0
16040.900390625,39000.0,1692.0
#
13311.599609375,55950.0,1884.0
16966.099609375,35250.0,1656.0
17392.0,60000.0,804.0
18634.30078125,38200.0,1020.0
16040.900390625,39000.0,1692.0
16040.900390625,39000.0,1692.0
#
13311.599609375,55950.0,1884.0
16966.099609375,35250.0,1656.0
17392.0,60000.0,804.0
18634.30078125,38200.0,1020.0
16040.900390625,39000.0,1692.0
16040.900390625,39000.0,1692.0
#
13311.599609375,55950.0,1884.0
16966.099609375,35250.0,1656.0
17392.0,60000.0,804.0
18634.30078125,38200.0,1020.0
16040.900390625,39000.0,1692.0
16040.900390625,39000.0,1692.0
#
13311.599609375,55950.0,1884.0
16966.099609375,35250.0,1656.0
17392.0,60000.0,804.0
18634.30078125,38200.0,1020.0
16040.900390625,39000.0,1692.0
16040.900390625,39000.0,1692.0
#
13311.599609375,55950.0,1884.0
16966.099609375,35250.0,1656.0
17392.0,60000.0,804.0
18634.30078125,38200.0,1020.0
16040.900390625,39000.0,1692.0
16040.900390625,39000.0,1692.0
#
13311.599609375,55950.0,1884.0
16966.099609375,35250.0,1656.0
17392.0,60000.0,804.0
18634.30078125,38200.0,1020.0
16040.900390625,39000.0,1692.0
16040.900390625,39000.0,1692.0
#
13311.599609375,55950.0,1884.0
16966.099609375,35250.0,1656.0
17392.0,60000.0,804.0
18634.30078125,38200.0,1020.0
16040.900390625,39000.0,1692.0
16040.900390625,39000.0,1692.0
#
13311.599609375,55950.0,1884.0
16966.099609375,35250.0,1656.0
17392.0,60000.0,804.0
18634.30078125,38200.0,1020.0
16040.900390625,39000.0,1692.0
16040.900390625,39000.0,1692.0
#
13311.599609375,55950.0,1884.0
16966.099609375,35250.0,1656.0
17392.0,60000.0,804.0
18634.30078125,38200.0,1020.0
16040.900390625,39000.0,1692.0
16040.900390625,39000.0,1692.0
#
13311.599609375,55950.0,1884.0
16966.099609375,35250.0,1656.0
17392.0,60000.0,804.0
18634.30078125,38200.0,1020.0
16040.900390625,39000.0,1692.0
16040.900390625,39000.0,1692.0
#
13311.599609375,55950.0,1884.0
16966.099609375,35250.0,1656.0
17392.0,60000.0,804.0
18634.30078125,38200.0,1020.0
16040.900390625,39000.0,1692.0
16040.900390625,39000.0,1692.0
#
13311.599609375,55950.0,1884.0
16966.099609375,35250.0,1656.0
17392.0,60000.0,804.0
18634.30078125,38200.0,1020.0
16040.900390625,39000.0,1692.0
16040.900390625,39000.0,1692.0
#
13311.599609375,55950.0,1884.0
16966.099609375,35250.0,1656.0
17392.0,60000.0,804.0
18634.30078125,38200.0,1020.0
16040.900390625,39000.0,1692.0
16040.900390625,39000.0,1692.0
#
13311.599609375,55950.0,1884.0
16966.099609375,35250.0,1656.0
17392.0,60000.0,804.0
18634.30078125,38200.0,1020.0
16040.900390625,39000.0,1692.0
16040.900390625,39000.0,1692.0
#
13311.599609375,55950.0,1884.0
16966.099609375,35250.0,1656.0
17392.0,60000.0,804.0
18634.30078125,38200.0,1020.0
16040.900390625,39000.0,1692.0
16040.900390625,39000.0,1692.0
#
13311.599609375,55950.0,1884.0
16966.099609375,35250.0,1656.0
17392.0,60000.0,804.0
18634.30078125,38200.0,1020.0
16040.900390625,39000.0,1692.0
16040.900390625,39000.0,1692.0
#
13311.599609375,55950.0,1884.0
16966.099609375,35250.0,1656.0
17392.0,60000.0,804.0
18634.30078125,38200.0,1020.0
16040.900390625,39000.0,1692.0
16040.900390625,39000.0,1692.0
#
13311.599609375,55950.0,1884.0
16966.099609375,35250.0,1656.0
17392.0,60000.0,804.0
14146.900390625,42500.0,1632.0
15216.2001953125,40700.0,1548.0
18634.30078125,38200.0,1020.0
18634.30078125,38200.0,1020.0
#
13311.599609375,55950.0,1884.0
16966.099609375,35250.0,1656.0
17392.0,60000.0,804.0
14146.900390625,42500.0,1632.0
18634.30078125,38200.0,1020.0
18634.30078125,38200.0,1020.0
15216.2001953125,40700.0,1548.0
#
13311.599609375,55950.0,1884.0
16966.099609375,35250.0,1656.0
17392.0,60000.0,804.0
14850.7998046875,36150.0,1608.0
14850.7998046875,36150.0,1608.0
14146.900390625,42500.0,1632.0
15273.5,41950.0,1164.0
18634.30078125,38200.0,1020.0
#
13311.599609375,55950.0,1884.0
16966.099609375,35250.0,1656.0
17392.0,60000.0,804.0
14850.7998046875,36150.0,1608.0
14850.7998046875,36150.0,1608.0
17150.80078125,34150.0,1344.0
14448.900390625,44650.0,1020.0
14146.900390625,42500.0,1632.0
#
13311.599609375,55950.0,1884.0
17150.80078125,34150.0,1344.0
17392.0,60000.0,804.0
14850.7998046875,36150.0,1608.0
14850.7998046875,36150.0,1608.0
14448.900390625,44650.0,1020.0
14146.900390625,42500.0,1632.0
#
13311.599609375,55950.0,1884.0
17150.80078125,34150.0,1344.0
17392.0,60000.0,804.0
14850.7998046875,36150.0,1608.0
14850.7998046875,36150.0,1608.0
14448.900390625,44650.0,1020.0
14146.900390625,42500.0,1632.0
#
13311.599609375,55950.0,1884.0
17150.80078125,34150.0,1344.0
17392.0,60000.0,804.0
15167.900390625,35050.0,1320.0
15167.900390625,35050.0,1320.0
14850.7998046875,36150.0,1608.0
14850.7998046875,36150.0,1608.0
14329.7998046875,43450.0,1020.0
14146.900390625,42500.0,1632.0
#
13311.599609375,55950.0,1884.0
17150.80078125,34150.0,1344.0
17392.0,60000.0,804.0
15167.900390625,35050.0,1320.0
15167.900390625,35050.0,1320.0
14850.7998046875,36150.0,1608.0
14329.7998046875,43450.0,1020.0
14146.900390625,42500.0,1632.0
#
13311.599609375,55950.0,1884.0
17150.80078125,34150.0,1344.0
17392.0,60000.0,804.0
15167.900390625,35050.0,1320.0
15167.900390625,35050.0,1320.0
14850.7998046875,36150.0,1608.0
14329.7998046875,43450.0,1020.0
14146.900390625,42500.0,1632.0
#
13311.599609375,55950.0,1884.0
17150.80078125,34150.0,1344.0
17392.0,60000.0,804.0
15167.900390625,35050.0,1320.0
15167.900390625,35050.0,1320.0
14850.7998046875,36150.0,1608.0
14329.7998046875,43450.0,1020.0
14146.900390625,42500.0,1632.0
#
13311.599609375,55950.0,1884.0
17150.80078125,34150.0,1344.0
17392.0,60000.0,804.0
15167.900390625,35050.0,1320.0
15167.900390625,35050.0,1320.0
14850.7998046875,36150.0,1608.0
14329.7998046875,43450.0,1020.0
14146.900390625,42500.0,1632.0
#
13311.599609375,55950.0,1884.0
17150.80078125,34150.0,1344.0
17392.0,60000.0,804.0
15167.900390625,35050.0,1320.0
15167.900390625,35050.0,1320.0
14850.7998046875,36150.0,1608.0
14329.7998046875,43450.0,1020.0
14146.900390625,42500.0,1632.0
#
13311.599609375,55950.0,1884.0
17150.80078125,34150.0,1344.0
17392.0,60000.0,804.0
15167.900390625,35050.0,1320.0
15167.900390625,35050.0,1320.0
14850.7998046875,36150.0,1608.0
14329.7998046875,43450.0,1020.0
14146.900390625,42500.0,1632.0
#
13311.599609375,55950.0,1884.0
17150.80078125,34150.0,1344.0
17392.0,60000.0,804.0
15167.900390625,35050.0,1320.0
15167.900390625,35050.0,1320.0
14850.7998046875,36150.0,1608.0
14329.7998046875,43450.0,1020.0
14146.900390625,42500.0,1632.0
#
13311.599609375,55950.0,1884.0
17150.80078125,34150.0,1344.0
17392.0,60000.0,804.0
15167.900390625,35050.0,1320.0
15167.900390625,35050.0,1320.0
14850.7998046875,36150.0,1608.0
14329.7998046875,43450.0,1020.0
14146.900390625,42500.0,1632.0
#
13311.599609375,55950.0,1884.0
17150.80078125,34150.0,1344.0
17392.0,60000.0,804.0
15167.900390625,35050.0,1320.0
15167.900390625,35050.0,1320.0
14850.7998046875,36150.0,1608.0
14329.7998046875,43450.0,1020.0
14146.900390625,42500.0,1632.0
#
13311.599609375,55950.0,1884.0
17150.80078125,34150.0,1344.0
17392.0,60000.0,804.0
15167.900390625,35050.0,1320.0
15167.900390625,35050.0,1320.0
14850.7998046875,36150.0,1608.0
14329.7998046875,43450.0,1020.0
14146.900390625,42500.0,1632.0
#
13311.599609375,55950.0,1884.0
17150.80078125,34150.0,1344.0
17392.0,60000.0,804.0
15167.900390625,35050.0,1320.0
15167.900390625,35050.0,1320.0
14850.7998046875,36150.0,1608.0
14329.7998046875,43450.0,1020.0
13856.7998046875,47450.0,1464.0
14146.900390625,42500.0,1632.0
#
13311.599609375,55950.0,1884.0
17150.80078125,34150.0,1344.0
17392.0,60000.0,804.0
15167.900390625,35050.0,1320.0
15167.900390625,35050.0,1320.0
14850.7998046875,36150.0,1608.0
14329.7998046875,43450.0,1020.0
13856.7998046875,47450.0,1464.0
14146.900390625,42500.0,1632.0
#
13311.599609375,55950.0,1884.0
17150.80078125,34150.0,1344.0
17392.0,60000.0,804.0
15167.900390625,35050.0,1320.0
15167.900390625,35050.0,1320.0
14850.7998046875,36150.0,1608.0
14329.7998046875,43450.0,1020.0
13856.7998046875,47450.0,1464.0
14146.900390625,42500.0,1632.0
#
13311.599609375,55950.0,1884.0
17150.80078125,34150.0,1344.0
17392.0,60000.0,804.0
15167.900390625,35050.0,1320.0
15167.900390625,35050.0,1320.0
14850.7998046875,36150.0,1608.0
14329.7998046875,43450.0,1020.0
13856.7998046875,47450.0,1464.0
14146.900390625,42500.0,1632.0
#
13311.599609375,55950.0,1884.0
17150.80078125,34150.0,1344.0
17392.0,60000.0,804.0
15167.900390625,35050.0,1320.0
15167.900390625,35050.0,1320.0
14850.7998046875,36150.0,1608.0
14329.7998046875,43450.0,1020.0
13856.7998046875,47450.0,1464.0
14146.900390625,42500.0,1632.0
#
13311.599609375,55950.0,1884.0
17150.80078125,34150.0,1344.0
17392.0,60000.0,804.0
15167.900390625,35050.0,1320.0
15167.900390625,35050.0,1320.0
14850.7998046875,36150.0,1608.0
14329.7998046875,43450.0,1020.0
13856.7998046875,47450.0,1464.0
14146.900390625,42500.0,1632.0
#
13311.599609375,55950.0,1884.0
17150.80078125,34150.0,1344.0
17392.0,60000.0,804.0
15167.900390625,35050.0,1320.0
15167.900390625,35050.0,1320.0
13961.7001953125,42800.0,1320.0
14329.7998046875,43450.0,1020.0
#
13311.599609375,55950.0,1884.0
17150.80078125,34150.0,1344.0
17392.0,60000.0,804.0
15167.900390625,35050.0,1320.0
15167.900390625,35050.0,1320.0
13961.7001953125,42800.0,1320.0
14329.7998046875,43450.0,1020.0
#
13311.599609375,55950.0,1884.0
17150.80078125,34150.0,1344.0
17392.0,60000.0,804.0
15167.900390625,35050.0,1320.0
15167.900390625,35050.0,1320.0
13961.7001953125,42800.0,1320.0
14329.7998046875,43450.0,1020.0
#
13311.599609375,55950.0,1884.0
17150.80078125,34150.0,1344.0
17392.0,60000.0,804.0
15167.900390625,35050.0,1320.0
15167.900390625,35050.0,1320.0
13961.7001953125,42800.0,1320.0
14329.7998046875,43450.0,1020.0
#
13311.599609375,55950.0,1884.0
17150.80078125,34150.0,1344.0
17392.0,60000.0,804.0
15167.900390625,35050.0,1320.0
15167.900390625,35050.0,1320.0
13961.7001953125,42800.0,1320.0
14329.7998046875,43450.0,1020.0
#
13311.599609375,55950.0,1884.0
17150.80078125,34150.0,1344.0
17392.0,60000.0,804.0
15167.900390625,35050.0,1320.0
15167.900390625,35050.0,1320.0
13961.7001953125,42800.0,1320.0
14329.7998046875,43450.0,1020.0
#
13311.599609375,55950.0,1884.0
17150.80078125,34150.0,1344.0
17392.0,60000.0,804.0
15167.900390625,35050.0,1320.0
15167.900390625,35050.0,1320.0
13961.7001953125,42800.0,1320.0
14329.7998046875,43450.0,1020.0
#
13311.599609375,55950.0,1884.0
17150.80078125,34150.0,1344.0
17392.0,60000.0,804.0
15167.900390625,35050.0,1320.0
15167.900390625,35050.0,1320.0
13961.7001953125,42800.0,1320.0
14329.7998046875,43450.0,1020.0
#
13311.599609375,55950.0,1884.0
17150.80078125,34150.0,1344.0
17392.0,60000.0,804.0
15167.900390625,35050.0,1320.0
15167.900390625,35050.0,1320.0
13961.7001953125,42800.0,1320.0
14329.7998046875,43450.0,1020.0
#
13311.599609375,55950.0,1884.0
17150.80078125,34150.0,1344.0
17392.0,60000.0,804.0
15167.900390625,35050.0,1320.0
15167.900390625,35050.0,1320.0
13961.7001953125,42800.0,1320.0
14329.7998046875,43450.0,1020.0
#
13311.599609375,55950.0,1884.0
17150.80078125,34150.0,1344.0
17392.0,60000.0,804.0
15167.900390625,35050.0,1320.0
15167.900390625,35050.0,1320.0
13961.7001953125,42800.0,1320.0
15065.7001953125,36550.0,1236.0
14329.7998046875,43450.0,1020.0
#
13311.599609375,55950.0,1884.0
17150.80078125,34150.0,1344.0
17392.0,60000.0,804.0
15167.900390625,35050.0,1320.0
15167.900390625,35050.0,1320.0
13961.7001953125,42800.0,1320.0
15065.7001953125,36550.0,1236.0
14329.7998046875,43450.0,1020.0
#
13311.599609375,55950.0,1884.0
17150.80078125,34150.0,1344.0
17392.0,60000.0,804.0
15167.900390625,35050.0,1320.0
15167.900390625,35050.0,1320.0
13961.7001953125,42800.0,1320.0
15065.7001953125,36550.0,1236.0
14329.7998046875,43450.0,1020.0
#
13311.599609375,55950.0,1884.0
17150.80078125,34150.0,1344.0
17392.0,60000.0,804.0
15167.900390625,35050.0,1320.0
15167.900390625,35050.0,1320.0
13961.7001953125,42800.0,1320.0
15065.7001953125,36550.0,1236.0
14329.7998046875,43450.0,1020.0
#
13311.599609375,55950.0,1884.0
17150.80078125,34150.0,1344.0
17392.0,60000.0,804.0
15167.900390625,35050.0,1320.0
15167.900390625,35050.0,1320.0
13961.7001953125,42800.0,1320.0
15065.7001953125,36550.0,1236.0
14329.7998046875,43450.0,1020.0
#
13311.599609375,55950.0,1884.0
17150.80078125,34150.0,1344.0
17392.0,60000.0,804.0
15167.900390625,35050.0,1320.0
15167.900390625,35050.0,1320.0
13961.7001953125,42800.0,1320.0
15065.7001953125,36550.0,1236.0
14329.7998046875,43450.0,1020.0
#
13311.599609375,55950.0,1884.0
17150.80078125,34150.0,1344.0
17392.0,60000.0,804.0
15167.900390625,35050.0,1320.0
15167.900390625,35050.0,1320.0
13961.7001953125,42800.0,1320.0
15065.7001953125,36550.0,1236.0
14329.7998046875,43450.0,1020.0
#
13311.599609375,55950.0,1884.0
17150.80078125,34150.0,1344.0
17392.0,60000.0,804.0
15167.900390625,35050.0,1320.0
15167.900390625,35050.0,1320.0
13961.7001953125,42800.0,1320.0
15065.7001953125,36550.0,1236.0
14329.7998046875,43450.0,1020.0
#
13311.599609375,55950.0,1884.0
17150.80078125,34150.0,1344.0
17392.0,60000.0,804.0
15167.900390625,35050.0,1320.0
15167.900390625,35050.0,1320.0
13961.7001953125,42800.0,1320.0
15065.7001953125,36550.0,1236.0
14329.7998046875,43450.0,1020.0
#
13311.599609375,55950.0,1884.0
17150.80078125,34150.0,1344.0
17392.0,60000.0,804.0
15167.900390625,35050.0,1320.0
15167.900390625,35050.0,1320.0
13961.7001953125,42800.0,1320.0
15065.7001953125,36550.0,1236.0
14329.7998046875,43450.0,1020.0
#
13311.599609375,55950.0,1884.0
17150.80078125,34150.0,1344.0
17392.0,60000.0,804.0
15167.900390625,35050.0,1320.0
15167.900390625,35050.0,1320.0
13961.7001953125,42800.0,1320.0
15065.7001953125,36550.0,1236.0
14329.7998046875,43450.0,1020.0
#
13311.599609375,55950.0,1884.0
17150.80078125,34150.0,1344.0
17392.0,60000.0,804.0
15167.900390625,35050.0,1320.0
15167.900390625,35050.0,1320.0
13961.7001953125,42800.0,1320.0
15065.7001953125,36550.0,1236.0
14329.7998046875,43450.0,1020.0
#
13311.599609375,55950.0,1884.0
17150.80078125,34150.0,1344.0
17392.0,60000.0,804.0
15167.900390625,35050.0,1320.0
15167.900390625,35050.0,1320.0
13961.7001953125,42800.0,1320.0
15065.7001953125,36550.0,1236.0
14329.7998046875,43450.0,1020.0
#
13311.599609375,55950.0,1884.0
17150.80078125,34150.0,1344.0
17392.0,60000.0,804.0
15167.900390625,35050.0,1320.0
15167.900390625,35050.0,1320.0
13961.7001953125,42800.0,1320.0
15065.7001953125,36550.0,1236.0
14329.7998046875,43450.0,1020.0
#
13311.599609375,55950.0,1884.0
17150.80078125,34150.0,1344.0
17392.0,60000.0,804.0
15167.900390625,35050.0,1320.0
15167.900390625,35050.0,1320.0
13961.7001953125,42800.0,1320.0
15065.7001953125,36550.0,1236.0
14329.7998046875,43450.0,1020.0
#
13311.599609375,55950.0,1884.0
17150.80078125,34150.0,1344.0
17392.0,60000.0,804.0
15167.900390625,35050.0,1320.0
15167.900390625,35050.0,1320.0
13961.7001953125,42800.0,1320.0
15065.7001953125,36550.0,1236.0
14329.7998046875,43450.0,1020.0
#
13311.599609375,55950.0,1884.0
17150.80078125,34150.0,1344.0
17392.0,60000.0,804.0
15167.900390625,35050.0,1320.0
15167.900390625,35050.0,1320.0
13961.7001953125,42800.0,1320.0
15065.7001953125,36550.0,1236.0
14329.7998046875,43450.0,1020.0
#
13311.599609375,55950.0,1884.0
17150.80078125,34150.0,1344.0
17392.0,60000.0,804.0
15167.900390625,35050.0,1320.0
15167.900390625,35050.0,1320.0
13961.7001953125,42800.0,1320.0
15065.7001953125,36550.0,1236.0
14329.7998046875,43450.0,1020.0
#
13311.599609375,55950.0,1884.0
17150.80078125,34150.0,1344.0
17392.0,60000.0,804.0
15167.900390625,35050.0,1320.0
15167.900390625,35050.0,1320.0
13961.7001953125,42800.0,1320.0
15065.7001953125,36550.0,1236.0
14329.7998046875,43450.0,1020.0
#
13311.599609375,55950.0,1884.0
17150.80078125,34150.0,1344.0
17392.0,60000.0,804.0
15167.900390625,35050.0,1320.0
15167.900390625,35050.0,1320.0
13961.7001953125,42800.0,1320.0
15065.7001953125,36550.0,1236.0
14329.7998046875,43450.0,1020.0
#
13311.599609375,55950.0,1884.0
17150.80078125,34150.0,1344.0
17392.0,60000.0,804.0
15167.900390625,35050.0,1320.0
15167.900390625,35050.0,1320.0
13961.7001953125,42800.0,1320.0
15065.7001953125,36550.0,1236.0
14329.7998046875,43450.0,1020.0
#
13311.599609375,55950.0,1884.0
17150.80078125,34150.0,1344.0
17392.0,60000.0,804.0
15167.900390625,35050.0,1320.0
15167.900390625,35050.0,1320.0
13961.7001953125,42800.0,1320.0
15065.7001953125,36550.0,1236.0
14490.2998046875,38550.0,1332.0
14329.7998046875,43450.0,1020.0
#
13311.599609375,55950.0,1884.0
17150.80078125,34150.0,1344.0
17392.0,60000.0,804.0
15167.900390625,35050.0,1320.0
15167.900390625,35050.0,1320.0
13961.7001953125,42800.0,1320.0
15065.7001953125,36550.0,1236.0
14490.2998046875,38550.0,1332.0
14329.7998046875,43450.0,1020.0
#
13311.599609375,55950.0,1884.0
17150.80078125,34150.0,1344.0
17392.0,60000.0,804.0
15167.900390625,35050.0,1320.0
15167.900390625,35050.0,1320.0
13961.7001953125,42800.0,1320.0
15065.7001953125,36550.0,1236.0
14490.2998046875,38550.0,1332.0
14490.2998046875,38550.0,1332.0
14329.7998046875,43450.0,1020.0
#
13311.599609375,55950.0,1884.0
17150.80078125,34150.0,1344.0
17392.0,60000.0,804.0
15167.900390625,35050.0,1320.0
15167.900390625,35050.0,1320.0
13961.7001953125,42800.0,1320.0
15065.7001953125,36550.0,1236.0
14490.2998046875,38550.0,1332.0
14490.2998046875,38550.0,1332.0
14329.7998046875,43450.0,1020.0
#
13311.599609375,55950.0,1884.0
17150.80078125,34150.0,1344.0
17392.0,60000.0,804.0
15167.900390625,35050.0,1320.0
15167.900390625,35050.0,1320.0
13961.7001953125,42800.0,1320.0
15065.7001953125,36550.0,1236.0
14490.2998046875,38550.0,1332.0
14490.2998046875,38550.0,1332.0
14329.7998046875,43450.0,1020.0
#
13311.599609375,55950.0,1884.0
17150.80078125,34150.0,1344.0
17392.0,60000.0,804.0
15167.900390625,35050.0,1320.0
15167.900390625,35050.0,1320.0
13961.7001953125,42800.0,1320.0
15065.7001953125,36550.0,1236.0
14490.2998046875,38550.0,1332.0
14490.2998046875,38550.0,1332.0
14329.7998046875,43450.0,1020.0
#
13311.599609375,55950.0,1884.0
17150.80078125,34150.0,1344.0
17392.0,60000.0,804.0
15167.900390625,35050.0,1320.0
15167.900390625,35050.0,1320.0
13961.7001953125,42800.0,1320.0
15065.7001953125,36550.0,1236.0
14490.2998046875,38550.0,1332.0
14490.2998046875,38550.0,1332.0
14329.7998046875,43450.0,1020.0
#
13311.599609375,55950.0,1884.0
17150.80078125,34150.0,1344.0
17392.0,60000.0,804.0
15167.900390625,35050.0,1320.0
15167.900390625,35050.0,1320.0
13961.7001953125,42800.0,1320.0
15065.7001953125,36550.0,1236.0
14490.2998046875,38550.0,1332.0
14490.2998046875,38550.0,1332.0
14329.7998046875,43450.0,1020.0
#
13311.599609375,55950.0,1884.0
17150.80078125,34150.0,1344.0
17392.0,60000.0,804.0
15167.900390625,35050.0,1320.0
15167.900390625,35050.0,1320.0
13961.7001953125,42800.0,1320.0
15065.7001953125,36550.0,1236.0
14490.2998046875,38550.0,1332.0
14490.2998046875,38550.0,1332.0
14329.7998046875,43450.0,1020.0
#
13311.599609375,55950.0,1884.0
17150.80078125,34150.0,1344.0
17392.0,60000.0,804.0
15167.900390625,35050.0,1320.0
15167.900390625,35050.0,1320.0
13961.7001953125,42800.0,1320.0
15065.7001953125,36550.0,1236.0
14490.2998046875,38550.0,1332.0
14490.2998046875,38550.0,1332.0
14329.7998046875,43450.0,1020.0
#
13311.599609375,55950.0,1884.0
17150.80078125,34150.0,1344.0
17392.0,60000.0,804.0
15167.900390625,35050.0,1320.0
15167.900390625,35050.0,1320.0
13961.7001953125,42800.0,1320.0
15065.7001953125,36550.0,1236.0
14490.2998046875,38550.0,1332.0
14490.2998046875,38550.0,1332.0
14329.7998046875,43450.0,1020.0
#
13311.599609375,55950.0,1884.0
17150.80078125,34150.0,1344.0
17392.0,60000.0,804.0
15167.900390625,35050.0,1320.0
15167.900390625,35050.0,1320.0
13961.7001953125,42800.0,1320.0
15065.7001953125,36550.0,1236.0
14490.2998046875,38550.0,1332.0
14490.2998046875,38550.0,1332.0
14329.7998046875,43450.0,1020.0
#
13311.599609375,55950.0,1884.0
17150.80078125,34150.0,1344.0
17392.0,60000.0,804.0
15167.900390625,35050.0,1320.0
15167.900390625,35050.0,1320.0
13961.7001953125,42800.0,1320.0
15065.7001953125,36550.0,1236.0
14490.2998046875,38550.0,1332.0
14490.2998046875,38550.0,1332.0
14329.7998046875,43450.0,1020.0
#
13311.599609375,55950.0,1884.0
17150.80078125,34150.0,1344.0
17392.0,60000.0,804.0
15167.900390625,35050.0,1320.0
15167.900390625,35050.0,1320.0
13961.7001953125,42800.0,1320.0
16081.5,37550.0,996.0
14490.2998046875,38550.0,1332.0
14490.2998046875,38550.0,1332.0
14329.7998046875,43450.0,1020.0
#
13311.599609375,55950.0,1884.0
17150.80078125,34150.0,1344.0
17392.0,60000.0,804.0
15167.900390625,35050.0,1320.0
15167.900390625,35050.0,1320.0
13961.7001953125,42800.0,1320.0
16081.5,37550.0,996.0
14490.2998046875,38550.0,1332.0
14490.2998046875,38550.0,1332.0
14329.7998046875,43450.0,1020.0
#
13311.599609375,55950.0,1884.0
17150.80078125,34150.0,1344.0
17392.0,60000.0,804.0
15167.900390625,35050.0,1320.0
15167.900390625,35050.0,1320.0
13961.7001953125,42800.0,1320.0
16081.5,37550.0,996.0
14490.2998046875,38550.0,1332.0
14490.2998046875,38550.0,1332.0
14329.7998046875,43450.0,1020.0
#
13311.599609375,55950.0,1884.0
17150.80078125,34150.0,1344.0
17392.0,60000.0,804.0
15167.900390625,35050.0,1320.0
15167.900390625,35050.0,1320.0
13961.7001953125,42800.0,1320.0
16081.5,37550.0,996.0
14490.2998046875,38550.0,1332.0
14490.2998046875,38550.0,1332.0
14329.7998046875,43450.0,1020.0
#
13311.599609375,55950.0,1884.0
17150.80078125,34150.0,1344.0
17392.0,60000.0,804.0
15167.900390625,35050.0,1320.0
15167.900390625,35050.0,1320.0
13961.7001953125,42800.0,1320.0
16081.5,37550.0,996.0
14490.2998046875,38550.0,1332.0
14490.2998046875,38550.0,1332.0
14329.7998046875,43450.0,1020.0
#
13311.599609375,55950.0,1884.0
17150.80078125,34150.0,1344.0
17392.0,60000.0,804.0
15167.900390625,35050.0,1320.0
15167.900390625,35050.0,1320.0
13961.7001953125,42800.0,1320.0
16081.5,37550.0,996.0
14490.2998046875,38550.0,1332.0
14490.2998046875,38550.0,1332.0
14329.7998046875,43450.0,1020.0
#
13311.599609375,55950.0,1884.0
17150.80078125,34150.0,1344.0
17392.0,60000.0,804.0
15167.900390625,35050.0,1320.0
15167.900390625,35050.0,1320.0
13961.7001953125,42800.0,1320.0
16081.5,37550.0,996.0
14490.2998046875,38550.0,1332.0
14490.2998046875,38550.0,1332.0
14329.7998046875,43450.0,1020.0
#
13311.599609375,55950.0,1884.0
17150.80078125,34150.0,1344.0
17392.0,60000.0,804.0
15167.900390625,35050.0,1320.0
15167.900390625,35050.0,1320.0
13961.7001953125,42800.0,1320.0
16081.5,37550.0,996.0
14490.2998046875,38550.0,1332.0
14490.2998046875,38550.0,1332.0
14329.7998046875,43450.0,1020.0
#
13311.599609375,55950.0,1884.0
17150.80078125,34150.0,1344.0
17392.0,60000.0,804.0
15167.900390625,35050.0,1320.0
15167.900390625,35050.0,1320.0
13961.7001953125,42800.0,1320.0
16081.5,37550.0,996.0
14490.2998046875,38550.0,1332.0
14490.2998046875,38550.0,1332.0
14329.7998046875,43450.0,1020.0
#
13311.599609375,55950.0,1884.0
17150.80078125,34150.0,1344.0
17392.0,60000.0,804.0
15167.900390625,35050.0,1320.0
15167.900390625,35050.0,1320.0
13961.7001953125,42800.0,1320.0
16081.5,37550.0,996.0
14490.2998046875,38550.0,1332.0
14490.2998046875,38550.0,1332.0
14329.7998046875,43450.0,1020.0
#
13311.599609375,55950.0,1884.0
17150.80078125,34150.0,1344.0
17392.0,60000.0,804.0
15167.900390625,35050.0,1320.0
15167.900390625,35050.0,1320.0
13961.7001953125,42800.0,1320.0
16081.5,37550.0,996.0
14490.2998046875,38550.0,1332.0
14490.2998046875,38550.0,1332.0
14329.7998046875,43450.0,1020.0
#
13311.599609375,55950.0,1884.0
17150.80078125,34150.0,1344.0
17392.0,60000.0,804.0
15167.900390625,35050.0,1320.0
15167.900390625,35050.0,1320.0
13961.7001953125,42800.0,1320.0
16081.5,37550.0,996.0
14490.2998046875,38550.0,1332.0
14490.2998046875,38550.0,1332.0
14329.7998046875,43450.0,1020.0
#
13311.599609375,55950.0,1884.0
17150.80078125,34150.0,1344.0
17392.0,60000.0,804.0
15167.900390625,35050.0,1320.0
15167.900390625,35050.0,1320.0
13961.7001953125,42800.0,1320.0
16081.5,37550.0,996.0
14490.2998046875,38550.0,1332.0
14490.2998046875,38550.0,1332.0
14329.7998046875,43450.0,1020.0
#
13311.599609375,55950.0,1884.0
17150.80078125,34150.0,1344.0
17392.0,60000.0,804.0
15167.900390625,35050.0,1320.0
15167.900390625,35050.0,1320.0
13961.7001953125,42800.0,1320.0
16081.5,37550.0,996.0
14490.2998046875,38550.0,1332.0
14490.2998046875,38550.0,1332.0
14329.7998046875,43450.0,1020.0
#
13311.599609375,55950.0,1884.0
17150.80078125,34150.0,1344.0
17392.0,60000.0,804.0
15167.900390625,35050.0,1320.0
15167.900390625,35050.0,1320.0
13961.7001953125,42800.0,1320.0
16081.5,37550.0,996.0
14490.2998046875,38550.0,1332.0
14490.2998046875,38550.0,1332.0
14329.7998046875,43450.0,1020.0
#
13311.599609375,55950.0,1884.0
17150.80078125,34150.0,1344.0
17392.0,60000.0,804.0
15167.900390625,35050.0,1320.0
15167.900390625,35050.0,1320.0
13961.7001953125,42800.0,1320.0
16081.5,37550.0,996.0
14490.2998046875,38550.0,1332.0
14490.2998046875,38550.0,1332.0
14329.7998046875,43450.0,1020.0
#
13311.599609375,55950.0,1884.0
17150.80078125,34150.0,1344.0
17392.0,60000.0,804.0
15167.900390625,35050.0,1320.0
15167.900390625,35050.0,1320.0
13961.7001953125,42800.0,1320.0
16081.5,37550.0,996.0
14490.2998046875,38550.0,1332.0
14490.2998046875,38550.0,1332.0
14329.7998046875,43450.0,1020.0
#
13311.599609375,55950.0,1884.0
17150.80078125,34150.0,1344.0
17392.0,60000.0,804.0
15167.900390625,35050.0,1320.0
15167.900390625,35050.0,1320.0
13961.7001953125,42800.0,1320.0
16081.5,37550.0,996.0
14490.2998046875,38550.0,1332.0
14490.2998046875,38550.0,1332.0
14329.7998046875,43450.0,1020.0
#
13311.599609375,55950.0,1884.0
17150.80078125,34150.0,1344.0
17392.0,60000.0,804.0
15167.900390625,35050.0,1320.0
15167.900390625,35050.0,1320.0
13961.7001953125,42800.0,1320.0
16081.5,37550.0,996.0
14490.2998046875,38550.0,1332.0
14490.2998046875,38550.0,1332.0
14329.7998046875,43450.0,1020.0
#
13311.599609375,55950.0,1884.0
17150.80078125,34150.0,1344.0
17392.0,60000.0,804.0
15167.900390625,35050.0,1320.0
15167.900390625,35050.0,1320.0
13805.900390625,41050.0,1656.0
16081.5,37550.0,996.0
14490.2998046875,38550.0,1332.0
13961.7001953125,42800.0,1320.0
14329.7998046875,43450.0,1020.0
#
13311.599609375,55950.0,1884.0
17150.80078125,34150.0,1344.0
17392.0,60000.0,804.0
15167.900390625,35050.0,1320.0
15167.900390625,35050.0,1320.0
13805.900390625,41050.0,1656.0
16081.5,37550.0,996.0
14490.2998046875,38550.0,1332.0
13961.7001953125,42800.0,1320.0
14329.7998046875,43450.0,1020.0
#
13311.599609375,55950.0,1884.0
17150.80078125,34150.0,1344.0
17392.0,60000.0,804.0
15167.900390625,35050.0,1320.0
15167.900390625,35050.0,1320.0
13805.900390625,41050.0,1656.0
16081.5,37550.0,996.0
14490.2998046875,38550.0,1332.0
13961.7001953125,42800.0,1320.0
14329.7998046875,43450.0,1020.0
#
13311.599609375,55950.0,1884.0
17150.80078125,34150.0,1344.0
17392.0,60000.0,804.0
15167.900390625,35050.0,1320.0
15167.900390625,35050.0,1320.0
13805.900390625,41050.0,1656.0
16081.5,37550.0,996.0
14490.2998046875,38550.0,1332.0
13961.7001953125,42800.0,1320.0
14329.7998046875,43450.0,1020.0
#
13311.599609375,55950.0,1884.0
17150.80078125,34150.0,1344.0
17392.0,60000.0,804.0
15167.900390625,35050.0,1320.0
15167.900390625,35050.0,1320.0
13805.900390625,41050.0,1656.0
16081.5,37550.0,996.0
14490.2998046875,38550.0,1332.0
13961.7001953125,42800.0,1320.0
14329.7998046875,43450.0,1020.0
#
13311.599609375,55950.0,1884.0
17150.80078125,34150.0,1344.0
17392.0,60000.0,804.0
15167.900390625,35050.0,1320.0
15167.900390625,35050.0,1320.0
13805.900390625,41050.0,1656.0
16081.5,37550.0,996.0
14490.2998046875,38550.0,1332.0
13961.7001953125,42800.0,1320.0
14329.7998046875,43450.0,1020.0
#
13311.599609375,55950.0,1884.0
17150.80078125,34150.0,1344.0
17392.0,60000.0,804.0
15167.900390625,35050.0,1320.0
15167.900390625,35050.0,1320.0
13805.900390625,41050.0,1656.0
16081.5,37550.0,996.0
14490.2998046875,38550.0,1332.0
13961.7001953125,42800.0,1320.0
14329.7998046875,43450.0,1020.0
#
13311.599609375,55950.0,1884.0
17150.80078125,34150.0,1344.0
17392.0,60000.0,804.0
15167.900390625,35050.0,1320.0
15167.900390625,35050.0,1320.0
13805.900390625,41050.0,1656.0
16081.5,37550.0,996.0
14490.2998046875,38550.0,1332.0
13961.7001953125,42800.0,1320.0
14329.7998046875,43450.0,1020.0
#
13311.599609375,55950.0,1884.0
17150.80078125,34150.0,1344.0
17392.0,60000.0,804.0
15167.900390625,35050.0,1320.0
15167.900390625,35050.0,1320.0
13805.900390625,41050.0,1656.0
16081.5,37550.0,996.0
14490.2998046875,38550.0,1332.0
13961.7001953125,42800.0,1320.0
14329.7998046875,43450.0,1020.0
#
13311.599609375,55950.0,1884.0
17150.80078125,34150.0,1344.0
17392.0,60000.0,804.0
15167.900390625,35050.0,1320.0
15167.900390625,35050.0,1320.0
13805.900390625,41050.0,1656.0
16081.5,37550.0,996.0
14490.2998046875,38550.0,1332.0
13961.7001953125,42800.0,1320.0
14329.7998046875,43450.0,1020.0
#
13311.599609375,55950.0,1884.0
17150.80078125,34150.0,1344.0
17392.0,60000.0,804.0
15167.900390625,35050.0,1320.0
15167.900390625,35050.0,1320.0
13805.900390625,41050.0,1656.0
16081.5,37550.0,996.0
14490.2998046875,38550.0,1332.0
13961.7001953125,42800.0,1320.0
14329.7998046875,43450.0,1020.0
#
13311.599609375,55950.0,1884.0
17150.80078125,34150.0,1344.0
17392.0,60000.0,804.0
15167.900390625,35050.0,1320.0
15167.900390625,35050.0,1320.0
13805.900390625,41050.0,1656.0
16081.5,37550.0,996.0
14490.2998046875,38550.0,1332.0
13961.7001953125,42800.0,1320.0
14329.7998046875,43450.0,1020.0
#
13311.599609375,55950.0,1884.0
17150.80078125,34150.0,1344.0
17392.0,60000.0,804.0
15167.900390625,35050.0,1320.0
15167.900390625,35050.0,1320.0
13805.900390625,41050.0,1656.0
16081.5,37550.0,996.0
14490.2998046875,38550.0,1332.0
13961.7001953125,42800.0,1320.0
14329.7998046875,43450.0,1020.0
#
13311.599609375,55950.0,1884.0
17150.80078125,34150.0,1344.0
17392.0,60000.0,804.0
15167.900390625,35050.0,1320.0
15167.900390625,35050.0,1320.0
13805.900390625,41050.0,1656.0
16081.5,37550.0,996.0
14490.2998046875,38550.0,1332.0
13961.7001953125,42800.0,1320.0
14329.7998046875,43450.0,1020.0
#
13311.599609375,55950.0,1884.0
17150.80078125,34150.0,1344.0
17392.0,60000.0,804.0
15167.900390625,35050.0,1320.0
15167.900390625,35050.0,1320.0
13805.900390625,41050.0,1656.0
16081.5,37550.0,996.0
14490.2998046875,38550.0,1332.0
13961.7001953125,42800.0,1320.0
14329.7998046875,43450.0,1020.0
#
13311.599609375,55950.0,1884.0
17150.80078125,34150.0,1344.0
17392.0,60000.0,804.0
15167.900390625,35050.0,1320.0
15167.900390625,35050.0,1320.0
13805.900390625,41050.0,1656.0
16081.5,37550.0,996.0
14490.2998046875,38550.0,1332.0
13961.7001953125,42800.0,1320.0
14329.7998046875,43450.0,1020.0
#
13311.599609375,55950.0,1884.0
17150.80078125,34150.0,1344.0
17392.0,60000.0,804.0
15167.900390625,35050.0,1320.0
15167.900390625,35050.0,1320.0
13805.900390625,41050.0,1656.0
16081.5,37550.0,996.0
14490.2998046875,38550.0,1332.0
13961.7001953125,42800.0,1320.0
14329.7998046875,43450.0,1020.0
#
13311.599609375,55950.0,1884.0
17150.80078125,34150.0,1344.0
17392.0,60000.0,804.0
15167.900390625,35050.0,1320.0
15167.900390625,35050.0,1320.0
13805.900390625,41050.0,1656.0
16081.5,37550.0,996.0
14490.2998046875,38550.0,1332.0
13961.7001953125,42800.0,1320.0
14329.7998046875,43450.0,1020.0
#
13311.599609375,55950.0,1884.0
17150.80078125,34150.0,1344.0
17392.0,60000.0,804.0
15167.900390625,35050.0,1320.0
15167.900390625,35050.0,1320.0
13805.900390625,41050.0,1656.0
16081.5,37550.0,996.0
14490.2998046875,38550.0,1332.0
13961.7001953125,42800.0,1320.0
14329.7998046875,43450.0,1020.0
#
13311.599609375,55950.0,1884.0
17150.80078125,34150.0,1344.0
17392.0,60000.0,804.0
15167.900390625,35050.0,1320.0
15167.900390625,35050.0,1320.0
13805.900390625,41050.0,1656.0
16081.5,37550.0,996.0
14490.2998046875,38550.0,1332.0
13961.7001953125,42800.0,1320.0
14329.7998046875,43450.0,1020.0
#
13311.599609375,55950.0,1884.0
17150.80078125,34150.0,1344.0
17392.0,60000.0,804.0
15167.900390625,35050.0,1320.0
15167.900390625,35050.0,1320.0
13805.900390625,41050.0,1656.0
16081.5,37550.0,996.0
14490.2998046875,38550.0,1332.0
13961.7001953125,42800.0,1320.0
14329.7998046875,43450.0,1020.0
#
13311.599609375,55950.0,1884.0
17150.80078125,34150.0,1344.0
17392.0,60000.0,804.0
15167.900390625,35050.0,1320.0
15167.900390625,35050.0,1320.0
13805.900390625,41050.0,1656.0
16081.5,37550.0,996.0
14490.2998046875,38550.0,1332.0
13961.7001953125,42800.0,1320.0
14329.7998046875,43450.0,1020.0
#
13311.599609375,55950.0,1884.0
17150.80078125,34150.0,1344.0
17392.0,60000.0,804.0
15167.900390625,35050.0,1320.0
15167.900390625,35050.0,1320.0
13805.900390625,41050.0,1656.0
16081.5,37550.0,996.0
14490.2998046875,38550.0,1332.0
13961.7001953125,42800.0,1320.0
14329.7998046875,43450.0,1020.0
#
13311.599609375,55950.0,1884.0
17150.80078125,34150.0,1344.0
17392.0,60000.0,804.0
15167.900390625,35050.0,1320.0
15167.900390625,35050.0,1320.0
13805.900390625,41050.0,1656.0
16081.5,37550.0,996.0
14490.2998046875,38550.0,1332.0
13961.7001953125,42800.0,1320.0
14329.7998046875,43450.0,1020.0
#
13311.599609375,55950.0,1884.0
17150.80078125,34150.0,1344.0
17392.0,60000.0,804.0
15167.900390625,35050.0,1320.0
15167.900390625,35050.0,1320.0
13805.900390625,41050.0,1656.0
16081.5,37550.0,996.0
14490.2998046875,38550.0,1332.0
13961.7001953125,42800.0,1320.0
14329.7998046875,43450.0,1020.0
#
13311.599609375,55950.0,1884.0
17150.80078125,34150.0,1344.0
17392.0,60000.0,804.0
15167.900390625,35050.0,1320.0
15167.900390625,35050.0,1320.0
13805.900390625,41050.0,1656.0
16081.5,37550.0,996.0
14490.2998046875,38550.0,1332.0
13961.7001953125,42800.0,1320.0
14329.7998046875,43450.0,1020.0
#
13311.599609375,55950.0,1884.0
17150.80078125,34150.0,1344.0
17392.0,60000.0,804.0
15167.900390625,35050.0,1320.0
15167.900390625,35050.0,1320.0
13805.900390625,41050.0,1656.0
16081.5,37550.0,996.0
14490.2998046875,38550.0,1332.0
13961.7001953125,42800.0,1320.0
14329.7998046875,43450.0,1020.0
#
13311.599609375,55950.0,1884.0
17150.80078125,34150.0,1344.0
17392.0,60000.0,804.0
15167.900390625,35050.0,1320.0
15167.900390625,35050.0,1320.0
13805.900390625,41050.0,1656.0
16081.5,37550.0,996.0
14490.2998046875,38550.0,1332.0
13961.7001953125,42800.0,1320.0
14329.7998046875,43450.0,1020.0
#
13311.599609375,55950.0,1884.0
17150.80078125,34150.0,1344.0
17392.0,60000.0,804.0
15167.900390625,35050.0,1320.0
15167.900390625,35050.0,1320.0
13805.900390625,41050.0,1656.0
16081.5,37550.0,996.0
14490.2998046875,38550.0,1332.0
13961.7001953125,42800.0,1320.0
14329.7998046875,43450.0,1020.0
#
13311.599609375,55950.0,1884.0
17150.80078125,34150.0,1344.0
17392.0,60000.0,804.0
15167.900390625,35050.0,1320.0
15167.900390625,35050.0,1320.0
13805.900390625,41050.0,1656.0
16081.5,37550.0,996.0
14490.2998046875,38550.0,1332.0
13961.7001953125,42800.0,1320.0
14329.7998046875,43450.0,1020.0
#
13311.599609375,55950.0,1884.0
17150.80078125,34150.0,1344.0
17392.0,60000.0,804.0
15167.900390625,35050.0,1320.0
15167.900390625,35050.0,1320.0
13805.900390625,41050.0,1656.0
16081.5,37550.0,996.0
14490.2998046875,38550.0,1332.0
13961.7001953125,42800.0,1320.0
14329.7998046875,43450.0,1020.0
#
13311.599609375,55950.0,1884.0
17150.80078125,34150.0,1344.0
17392.0,60000.0,804.0
15167.900390625,35050.0,1320.0
15167.900390625,35050.0,1320.0
13805.900390625,41050.0,1656.0
16081.5,37550.0,996.0
14490.2998046875,38550.0,1332.0
13961.7001953125,42800.0,1320.0
14329.7998046875,43450.0,1020.0
#
13311.599609375,55950.0,1884.0
17150.80078125,34150.0,1344.0
17392.0,60000.0,804.0
15167.900390625,35050.0,1320.0
15167.900390625,35050.0,1320.0
13805.900390625,41050.0,1656.0
16081.5,37550.0,996.0
14490.2998046875,38550.0,1332.0
13961.7001953125,42800.0,1320.0
14329.7998046875,43450.0,1020.0
#
13311.599609375,55950.0,1884.0
17150.80078125,34150.0,1344.0
17392.0,60000.0,804.0
15167.900390625,35050.0,1320.0
15167.900390625,35050.0,1320.0
13805.900390625,41050.0,1656.0
16081.5,37550.0,996.0
14490.2998046875,38550.0,1332.0
13961.7001953125,42800.0,1320.0
14329.7998046875,43450.0,1020.0
#
13311.599609375,55950.0,1884.0
17150.80078125,34150.0,1344.0
17392.0,60000.0,804.0
15167.900390625,35050.0,1320.0
15167.900390625,35050.0,1320.0
13805.900390625,41050.0,1656.0
16081.5,37550.0,996.0
14490.2998046875,38550.0,1332.0
13961.7001953125,42800.0,1320.0
14329.7998046875,43450.0,1020.0
#
13311.599609375,55950.0,1884.0
17150.80078125,34150.0,1344.0
17392.0,60000.0,804.0
15167.900390625,35050.0,1320.0
15167.900390625,35050.0,1320.0
13805.900390625,41050.0,1656.0
16081.5,37550.0,996.0
14490.2998046875,38550.0,1332.0
13961.7001953125,42800.0,1320.0
14329.7998046875,43450.0,1020.0
#
13311.599609375,55950.0,1884.0
17150.80078125,34150.0,1344.0
17392.0,60000.0,804.0
15167.900390625,35050.0,1320.0
15167.900390625,35050.0,1320.0
13805.900390625,41050.0,1656.0
16081.5,37550.0,996.0
14490.2998046875,38550.0,1332.0
13961.7001953125,42800.0,1320.0
14329.7998046875,43450.0,1020.0
#
13311.599609375,55950.0,1884.0
17150.80078125,34150.0,1344.0
17392.0,60000.0,804.0
15167.900390625,35050.0,1320.0
15167.900390625,35050.0,1320.0
13805.900390625,41050.0,1656.0
16081.5,37550.0,996.0
14490.2998046875,38550.0,1332.0
13961.7001953125,42800.0,1320.0
14329.7998046875,43450.0,1020.0
#
13311.599609375,55950.0,1884.0
17150.80078125,34150.0,1344.0
17392.0,60000.0,804.0
15167.900390625,35050.0,1320.0
15167.900390625,35050.0,1320.0
13805.900390625,41050.0,1656.0
16081.5,37550.0,996.0
14490.2998046875,38550.0,1332.0
13961.7001953125,42800.0,1320.0
14329.7998046875,43450.0,1020.0
#
13311.599609375,55950.0,1884.0
17150.80078125,34150.0,1344.0
17392.0,60000.0,804.0
15167.900390625,35050.0,1320.0
15167.900390625,35050.0,1320.0
13805.900390625,41050.0,1656.0
16081.5,37550.0,996.0
14490.2998046875,38550.0,1332.0
13961.7001953125,42800.0,1320.0
14329.7998046875,43450.0,1020.0
#
13311.599609375,55950.0,1884.0
17150.80078125,34150.0,1344.0
17392.0,60000.0,804.0
15167.900390625,35050.0,1320.0
15167.900390625,35050.0,1320.0
13805.900390625,41050.0,1656.0
16081.5,37550.0,996.0
14490.2998046875,38550.0,1332.0
13961.7001953125,42800.0,1320.0
14329.7998046875,43450.0,1020.0
#
13311.599609375,55950.0,1884.0
17150.80078125,34150.0,1344.0
17392.0,60000.0,804.0
15167.900390625,35050.0,1320.0
15167.900390625,35050.0,1320.0
13805.900390625,41050.0,1656.0
16081.5,37550.0,996.0
14490.2998046875,38550.0,1332.0
13961.7001953125,42800.0,1320.0
14329.7998046875,43450.0,1020.0
#
13311.599609375,55950.0,1884.0
17150.80078125,34150.0,1344.0
17392.0,60000.0,804.0
15167.900390625,35050.0,1320.0
15167.900390625,35050.0,1320.0
13805.900390625,41050.0,1656.0
16081.5,37550.0,996.0
14490.2998046875,38550.0,1332.0
13961.7001953125,42800.0,1320.0
14329.7998046875,43450.0,1020.0
#
13311.599609375,55950.0,1884.0
17150.80078125,34150.0,1344.0
17392.0,60000.0,804.0
15167.900390625,35050.0,1320.0
15167.900390625,35050.0,1320.0
13805.900390625,41050.0,1656.0
16081.5,37550.0,996.0
14490.2998046875,38550.0,1332.0
13961.7001953125,42800.0,1320.0
14329.7998046875,43450.0,1020.0
#
13311.599609375,55950.0,1884.0
17150.80078125,34150.0,1344.0
17392.0,60000.0,804.0
15167.900390625,35050.0,1320.0
15167.900390625,35050.0,1320.0
13805.900390625,41050.0,1656.0
16081.5,37550.0,996.0
14490.2998046875,38550.0,1332.0
13961.7001953125,42800.0,1320.0
14329.7998046875,43450.0,1020.0
#
13311.599609375,55950.0,1884.0
17150.80078125,34150.0,1344.0
17392.0,60000.0,804.0
15167.900390625,35050.0,1320.0
15167.900390625,35050.0,1320.0
13805.900390625,41050.0,1656.0
16081.5,37550.0,996.0
14490.2998046875,38550.0,1332.0
13961.7001953125,42800.0,1320.0
14329.7998046875,43450.0,1020.0
#
13311.599609375,55950.0,1884.0
17150.80078125,34150.0,1344.0
17392.0,60000.0,804.0
15167.900390625,35050.0,1320.0
15167.900390625,35050.0,1320.0
13805.900390625,41050.0,1656.0
16081.5,37550.0,996.0
14490.2998046875,38550.0,1332.0
13961.7001953125,42800.0,1320.0
14329.7998046875,43450.0,1020.0
#
13311.599609375,55950.0,1884.0
17150.80078125,34150.0,1344.0
17392.0,60000.0,804.0
15167.900390625,35050.0,1320.0
15167.900390625,35050.0,1320.0
13805.900390625,41050.0,1656.0
16081.5,37550.0,996.0
14490.2998046875,38550.0,1332.0
13961.7001953125,42800.0,1320.0
14329.7998046875,43450.0,1020.0
#
13311.599609375,55950.0,1884.0
17150.80078125,34150.0,1344.0
17392.0,60000.0,804.0
15167.900390625,35050.0,1320.0
15167.900390625,35050.0,1320.0
13805.900390625,41050.0,1656.0
16081.5,37550.0,996.0
14490.2998046875,38550.0,1332.0
13961.7001953125,42800.0,1320.0
14329.7998046875,43450.0,1020.0
#
13311.599609375,55950.0,1884.0
17150.80078125,34150.0,1344.0
17392.0,60000.0,804.0
15167.900390625,35050.0,1320.0
15167.900390625,35050.0,1320.0
13805.900390625,41050.0,1656.0
16081.5,37550.0,996.0
14490.2998046875,38550.0,1332.0
13961.7001953125,42800.0,1320.0
14329.7998046875,43450.0,1020.0
#
13311.599609375,55950.0,1884.0
17150.80078125,34150.0,1344.0
17392.0,60000.0,804.0
15167.900390625,35050.0,1320.0
15167.900390625,35050.0,1320.0
13805.900390625,41050.0,1656.0
16081.5,37550.0,996.0
14490.2998046875,38550.0,1332.0
13961.7001953125,42800.0,1320.0
14329.7998046875,43450.0,1020.0
#
13311.599609375,55950.0,1884.0
17150.80078125,34150.0,1344.0
17392.0,60000.0,804.0
15167.900390625,35050.0,1320.0
15167.900390625,35050.0,1320.0
13805.900390625,41050.0,1656.0
16081.5,37550.0,996.0
14490.2998046875,38550.0,1332.0
13961.7001953125,42800.0,1320.0
14329.7998046875,43450.0,1020.0
#
13311.599609375,55950.0,1884.0
17150.80078125,34150.0,1344.0
17392.0,60000.0,804.0
15167.900390625,35050.0,1320.0
15167.900390625,35050.0,1320.0
13805.900390625,41050.0,1656.0
16081.5,37550.0,996.0
14490.2998046875,38550.0,1332.0
13961.7001953125,42800.0,1320.0
14329.7998046875,43450.0,1020.0
#
13311.599609375,55950.0,1884.0
17150.80078125,34150.0,1344.0
17392.0,60000.0,804.0
15167.900390625,35050.0,1320.0
15167.900390625,35050.0,1320.0
13805.900390625,41050.0,1656.0
15618.5,37050.0,1044.0
14490.2998046875,38550.0,1332.0
13961.7001953125,42800.0,1320.0
14329.7998046875,43450.0,1020.0
#
13311.599609375,55950.0,1884.0
17150.80078125,34150.0,1344.0
17392.0,60000.0,804.0
15167.900390625,35050.0,1320.0
15167.900390625,35050.0,1320.0
13805.900390625,41050.0,1656.0
15618.5,37050.0,1044.0
14490.2998046875,38550.0,1332.0
13961.7001953125,42800.0,1320.0
14329.7998046875,43450.0,1020.0
#
13311.599609375,55950.0,1884.0
17150.80078125,34150.0,1344.0
17392.0,60000.0,804.0
15167.900390625,35050.0,1320.0
15167.900390625,35050.0,1320.0
14035.599609375,38750.0,1560.0
15618.5,37050.0,1044.0
13961.7001953125,42800.0,1320.0
14490.2998046875,38550.0,1332.0
13805.900390625,41050.0,1656.0
14329.7998046875,43450.0,1020.0
#
13311.599609375,55950.0,1884.0
17150.80078125,34150.0,1344.0
17392.0,60000.0,804.0
15167.900390625,35050.0,1320.0
15167.900390625,35050.0,1320.0
14035.599609375,38750.0,1560.0
15618.5,37050.0,1044.0
13961.7001953125,42800.0,1320.0
13805.900390625,41050.0,1656.0
14329.7998046875,43450.0,1020.0
14490.2998046875,38550.0,1332.0
#
13311.599609375,55950.0,1884.0
17150.80078125,34150.0,1344.0
17392.0,60000.0,804.0
15167.900390625,35050.0,1320.0
15167.900390625,35050.0,1320.0
14035.599609375,38750.0,1560.0
15618.5,37050.0,1044.0
13961.7001953125,42800.0,1320.0
13805.900390625,41050.0,1656.0
14329.7998046875,43450.0,1020.0
14490.2998046875,38550.0,1332.0
#
13311.599609375,55950.0,1884.0
17150.80078125,34150.0,1344.0
17392.0,60000.0,804.0
15167.900390625,35050.0,1320.0
15167.900390625,35050.0,1320.0
14035.599609375,38750.0,1560.0
15618.5,37050.0,1044.0
13961.7001953125,42800.0,1320.0
13805.900390625,41050.0,1656.0
14329.7998046875,43450.0,1020.0
14490.2998046875,38550.0,1332.0
#
13311.599609375,55950.0,1884.0
17150.80078125,34150.0,1344.0
17392.0,60000.0,804.0
15167.900390625,35050.0,1320.0
15167.900390625,35050.0,1320.0
14035.599609375,38750.0,1560.0
15618.5,37050.0,1044.0
13961.7001953125,42800.0,1320.0
13805.900390625,41050.0,1656.0
14329.7998046875,43450.0,1020.0
14490.2998046875,38550.0,1332.0
#
13311.599609375,55950.0,1884.0
17150.80078125,34150.0,1344.0
17392.0,60000.0,804.0
15167.900390625,35050.0,1320.0
15167.900390625,35050.0,1320.0
14035.599609375,38750.0,1560.0
15618.5,37050.0,1044.0
13961.7001953125,42800.0,1320.0
13805.900390625,41050.0,1656.0
14329.7998046875,43450.0,1020.0
#
13311.599609375,55950.0,1884.0
17150.80078125,34150.0,1344.0
17392.0,60000.0,804.0
15167.900390625,35050.0,1320.0
15167.900390625,35050.0,1320.0
14035.599609375,38750.0,1560.0
15618.5,37050.0,1044.0
13961.7001953125,42800.0,1320.0
13805.900390625,41050.0,1656.0
14329.7998046875,43450.0,1020.0
#
13311.599609375,55950.0,1884.0
17150.80078125,34150.0,1344.0
17392.0,60000.0,804.0
15167.900390625,35050.0,1320.0
14818.7998046875,34850.0,1440.0
14818.7998046875,34850.0,1440.0
14035.599609375,38750.0,1560.0
14489.599609375,36650.0,1440.0
15618.5,37050.0,1044.0
13961.7001953125,42800.0,1320.0
13805.900390625,41050.0,1656.0
14329.7998046875,43450.0,1020.0
#
13311.599609375,55950.0,1884.0
17150.80078125,34150.0,1344.0
17392.0,60000.0,804.0
14818.7998046875,34850.0,1440.0
14818.7998046875,34850.0,1440.0
14151.900390625,36600.0,1572.0
15167.900390625,35050.0,1320.0
15618.5,37050.0,1044.0
13961.7001953125,42800.0,1320.0
13805.900390625,41050.0,1656.0
14329.7998046875,43450.0,1020.0
#
13311.599609375,55950.0,1884.0
17150.80078125,34150.0,1344.0
17392.0,60000.0,804.0
14205.7001953125,34250.0,1332.0
14205.7001953125,34250.0,1332.0
14151.900390625,36600.0,1572.0
15167.900390625,35050.0,1320.0
15284.2001953125,34400.0,1308.0
15284.2001953125,34400.0,1308.0
13961.7001953125,42800.0,1320.0
13805.900390625,41050.0,1656.0
14329.7998046875,43450.0,1020.0
#
13311.599609375,55950.0,1884.0
17150.80078125,34150.0,1344.0
17392.0,60000.0,804.0
14205.7001953125,34250.0,1332.0
14205.7001953125,34250.0,1332.0
13961.7001953125,42800.0,1320.0
14329.7998046875,43450.0,1020.0
#
13311.599609375,55950.0,1884.0
17150.80078125,34150.0,1344.0
17392.0,60000.0,804.0
14205.7001953125,34250.0,1332.0
14205.7001953125,34250.0,1332.0
13961.7001953125,42800.0,1320.0
14329.7998046875,43450.0,1020.0
#
13311.599609375,55950.0,1884.0
17150.80078125,34150.0,1344.0
17392.0,60000.0,804.0
14205.7001953125,34250.0,1332.0
14205.7001953125,34250.0,1332.0
13961.7001953125,42800.0,1320.0
14329.7998046875,43450.0,1020.0
#
13311.599609375,55950.0,1884.0
17150.80078125,34150.0,1344.0
17392.0,60000.0,804.0
14205.7001953125,34250.0,1332.0
14205.7001953125,34250.0,1332.0
13961.7001953125,42800.0,1320.0
14329.7998046875,43450.0,1020.0
#
13311.599609375,55950.0,1884.0
17150.80078125,34150.0,1344.0
17392.0,60000.0,804.0
14205.7001953125,34250.0,1332.0
14205.7001953125,34250.0,1332.0
13961.7001953125,42800.0,1320.0
14329.7998046875,43450.0,1020.0
#
13311.599609375,55950.0,1884.0
17150.80078125,34150.0,1344.0
17392.0,60000.0,804.0
14205.7001953125,34250.0,1332.0
14205.7001953125,34250.0,1332.0
13961.7001953125,42800.0,1320.0
14329.7998046875,43450.0,1020.0
#
13311.599609375,55950.0,1884.0
17150.80078125,34150.0,1344.0
17392.0,60000.0,804.0
14205.7001953125,34250.0,1332.0
14205.7001953125,34250.0,1332.0
13961.7001953125,42800.0,1320.0
14329.7998046875,43450.0,1020.0
#
13311.599609375,55950.0,1884.0
17150.80078125,34150.0,1344.0
17392.0,60000.0,804.0
14205.7001953125,34250.0,1332.0
14205.7001953125,34250.0,1332.0
13961.7001953125,42800.0,1320.0
14329.7998046875,43450.0,1020.0
#
13311.599609375,55950.0,1884.0
17150.80078125,34150.0,1344.0
17392.0,60000.0,804.0
14205.7001953125,34250.0,1332.0
14205.7001953125,34250.0,1332.0
13961.7001953125,42800.0,1320.0
14329.7998046875,43450.0,1020.0
#
13293.0,45550.0,1632.0
17150.80078125,34150.0,1344.0
17392.0,60000.0,804.0
14205.7001953125,34250.0,1332.0
14205.7001953125,34250.0,1332.0
14329.7998046875,43450.0,1020.0
#
13293.0,45550.0,1632.0
17150.80078125,34150.0,1344.0
17392.0,60000.0,804.0
14205.7001953125,34250.0,1332.0
14205.7001953125,34250.0,1332.0
14329.7998046875,43450.0,1020.0
#
13293.0,45550.0,1632.0
17150.80078125,34150.0,1344.0
17392.0,60000.0,804.0
14205.7001953125,34250.0,1332.0
14205.7001953125,34250.0,1332.0
14329.7998046875,43450.0,1020.0
#
13293.0,45550.0,1632.0
17150.80078125,34150.0,1344.0
17392.0,60000.0,804.0
14205.7001953125,34250.0,1332.0
14205.7001953125,34250.0,1332.0
14329.7998046875,43450.0,1020.0
#
13293.0,45550.0,1632.0
17150.80078125,34150.0,1344.0
17392.0,60000.0,804.0
14205.7001953125,34250.0,1332.0
14205.7001953125,34250.0,1332.0
13840.7998046875,34300.0,1464.0
13840.7998046875,34300.0,1464.0
14329.7998046875,43450.0,1020.0
#
13293.0,45550.0,1632.0
17150.80078125,34150.0,1344.0
17392.0,60000.0,804.0
13840.7998046875,34300.0,1464.0
13840.7998046875,34300.0,1464.0
14205.7001953125,34250.0,1332.0
14205.7001953125,34250.0,1332.0
14329.7998046875,43450.0,1020.0
#
13293.0,45550.0,1632.0
17150.80078125,34150.0,1344.0
17392.0,60000.0,804.0
13840.7998046875,34300.0,1464.0
13840.7998046875,34300.0,1464.0
14205.7001953125,34250.0,1332.0
14205.7001953125,34250.0,1332.0
14329.7998046875,43450.0,1020.0
#
13293.0,45550.0,1632.0
17150.80078125,34150.0,1344.0
17392.0,60000.0,804.0
13968.0,34250.0,1392.0
13968.0,34250.0,1392.0
13840.7998046875,34300.0,1464.0
13840.7998046875,34300.0,1464.0
14205.7001953125,34250.0,1332.0
14205.7001953125,34250.0,1332.0
14329.7998046875,43450.0,1020.0
#
13293.0,45550.0,1632.0
17150.80078125,34150.0,1344.0
17392.0,60000.0,804.0
13968.0,34250.0,1392.0
13968.0,34250.0,1392.0
13840.7998046875,34300.0,1464.0
13840.7998046875,34300.0,1464.0
14205.7001953125,34250.0,1332.0
14205.7001953125,34250.0,1332.0
14329.7998046875,43450.0,1020.0
#
13293.0,45550.0,1632.0
17150.80078125,34150.0,1344.0
17392.0,60000.0,804.0
13968.0,34250.0,1392.0
13968.0,34250.0,1392.0
13840.7998046875,34300.0,1464.0
13840.7998046875,34300.0,1464.0
14205.7001953125,34250.0,1332.0
14205.7001953125,34250.0,1332.0
14329.7998046875,43450.0,1020.0
