#
34692.1086375,33783.73526875,36634.04249375
34151.05004375,33267.8094875,36825.64405625
#
34692.1086375,33783.73526875,36634.04249375
34151.05004375,33267.8094875,36825.64405625
#
34151.05004375,33267.8094875,36825.64405625
34375.7805125,33346.739175,35650.28468125
35020.7492625,34021.31339375,34960.93311875
#
34151.05004375,33267.8094875,36825.64405625
34375.7805125,33346.739175,35650.28468125
35020.7492625,34021.31339375,34960.93311875
#
34151.05004375,33267.8094875,36825.64405625
34375.7805125,33346.739175,35650.28468125
35020.7492625,34021.31339375,34960.93311875
#
34151.05004375,33267.8094875,36825.64405625
34375.7805125,33346.739175,35650.28468125
35020.7492625,34021.31339375,34960.93311875
#
32700.294184375,31813.815346875,34275.76124375
#
32700.294184375,31813.815346875,34275.76124375
#
32700.294184375,31813.815346875,34275.76124375
#
32700.294184375,31813.815346875,34275.76124375
#
31188.165278125,30404.12589375,32831.55030625
#
31188.165278125,30404.12589375,32831.55030625
#
31188.165278125,30404.12589375,32831.55030625
#
31188.165278125,30404.12589375,32831.55030625
#
31188.165278125,30404.12589375,32831.55030625
31439.6555125,30501.413003125,31551.017103125
#
31188.165278125,30404.12589375,32831.55030625
31439.6555125,30501.413003125,31551.017103125
#
31188.165278125,30404.12589375,32831.55030625
31439.6555125,30501.413003125,31551.017103125
31219.040278125,30435.176675,32646.47218125
#
31188.165278125,30404.12589375,32831.55030625
31439.6555125,30501.413003125,31551.017103125
31219.040278125,30435.176675,32646.47218125
#
31188.165278125,30404.12589375,32831.55030625
31439.6555125,30501.413003125,31551.017103125
31219.040278125,30435.176675,32646.47218125
#
31188.165278125,30404.12589375,32831.55030625
31439.6555125,30501.413003125,31551.017103125
31219.040278125,30435.176675,32646.47218125
#
30870.7023875,30088.733315625,32525.124525
31439.6555125,30501.413003125,31551.017103125
#
30870.7023875,30088.733315625,32525.124525
31439.6555125,30501.413003125,31551.017103125
#
30870.7023875,30088.733315625,32525.124525
31439.6555125,30501.413003125,31551.017103125
#
30870.7023875,30088.733315625,32525.124525
31439.6555125,30501.413003125,31551.017103125
#
30870.7023875,30088.733315625,32525.124525
31439.6555125,30501.413003125,31551.017103125
#
30870.7023875,30088.733315625,32525.124525
31439.6555125,30501.413003125,31551.017103125
#
30870.7023875,30088.733315625,32525.124525
31439.6555125,30501.413003125,31551.017103125
#
30870.7023875,30088.733315625,32525.124525
31439.6555125,30501.413003125,31551.017103125
#
30870.7023875,30088.733315625,32525.124525
30955.04223125,30157.522378125,32378.146009375
#
30870.7023875,30088.733315625,32525.124525
30955.04223125,30157.522378125,32378.146009375
#
30299.270746875,29477.702065625,32060.1010875
#
30299.270746875,29477.702065625,32060.1010875
#
30299.270746875,29477.702065625,32060.1010875
#
30299.270746875,29477.702065625,32060.1010875
#
30299.270746875,29477.702065625,32060.1010875
#
30299.270746875,29477.702065625,32060.1010875
#
30299.270746875,29477.702065625,32060.1010875
#
30299.270746875,29477.702065625,32060.1010875
#
30299.270746875,29477.702065625,32060.1010875
31050.786371875,30202.77433125,32046.89405625
#
30299.270746875,29477.702065625,32060.1010875
31050.786371875,30202.77433125,32046.89405625
#
30299.270746875,29477.702065625,32060.1010875
31050.786371875,30202.77433125,32046.89405625
#
30091.5617625,28971.401284375,30633.021009375
#
30091.5617625,28971.401284375,30633.021009375
29928.938715625,29047.82901875,31179.405775
#
30091.5617625,28971.401284375,30633.021009375
29928.938715625,29047.82901875,31179.405775
#
30091.5617625,28971.401284375,30633.021009375
29928.938715625,29047.82901875,31179.405775
#
30091.5617625,28971.401284375,30633.021009375
29928.938715625,29047.82901875,31179.405775
#
30091.5617625,28971.401284375,30633.021009375
30091.5617625,28971.401284375,30633.021009375
29928.938715625,29047.82901875,31179.405775
#
30091.5617625,28971.401284375,30633.021009375
30091.5617625,28971.401284375,30633.021009375
29928.938715625,29047.82901875,31179.405775
29928.938715625,29047.82901875,31179.405775
#
30091.5617625,28971.401284375,30633.021009375
30091.5617625,28971.401284375,30633.021009375
29928.938715625,29047.82901875,31179.405775
29928.938715625,29047.82901875,31179.405775
#
30091.5617625,28971.401284375,30633.021009375
30091.5617625,28971.401284375,30633.021009375
29928.938715625,29047.82901875,31179.405775
29928.938715625,29047.82901875,31179.405775
#
30091.5617625,28971.401284375,30633.021009375
30091.5617625,28971.401284375,30633.021009375
29928.938715625,29047.82901875,31179.405775
29928.938715625,29047.82901875,31179.405775
#
29969.475825,28851.114175,30423.593275
29928.938715625,29047.82901875,31179.405775
29928.938715625,29047.82901875,31179.405775
#
29969.475825,28851.114175,30423.593275
29928.938715625,29047.82901875,31179.405775
29928.938715625,29047.82901875,31179.405775
#
29969.475825,28851.114175,30423.593275
29928.938715625,29047.82901875,31179.405775
29928.938715625,29047.82901875,31179.405775
#
29969.475825,28851.114175,30423.593275
29928.938715625,29047.82901875,31179.405775
29928.938715625,29047.82901875,31179.405775
#
29969.475825,28851.114175,30423.593275
29928.938715625,29047.82901875,31179.405775
29928.938715625,29047.82901875,31179.405775
#
29969.475825,28851.114175,30423.593275
29928.938715625,29047.82901875,31179.405775
29928.938715625,29047.82901875,31179.405775
#
29969.475825,28851.114175,30423.593275
29928.938715625,29047.82901875,31179.405775
29928.938715625,29047.82901875,31179.405775
#
29700.317621875,28867.877846875,30717.812025
29969.475825,28851.114175,30423.593275
#
29700.317621875,28867.877846875,30717.812025
29969.475825,28851.114175,30423.593275
#
29700.317621875,28867.877846875,30717.812025
29969.475825,28851.114175,30423.593275
#
29700.317621875,28867.877846875,30717.812025
29969.475825,28851.114175,30423.593275
#
29700.317621875,28867.877846875,30717.812025
29969.475825,28851.114175,30423.593275
29969.475825,28851.114175,30423.593275
#
29969.475825,28851.114175,30423.593275
29969.475825,28851.114175,30423.593275
29252.3586375,28466.467690625,30468.71436875
#
29969.475825,28851.114175,30423.593275
29969.475825,28851.114175,30423.593275
29252.3586375,28466.467690625,30468.71436875
#
29969.475825,28851.114175,30423.593275
29969.475825,28851.114175,30423.593275
29252.3586375,28466.467690625,30468.71436875
#
29969.475825,28851.114175,30423.593275
29969.475825,28851.114175,30423.593275
29252.3586375,28466.467690625,30468.71436875
#
29969.475825,28851.114175,30423.593275
29969.475825,28851.114175,30423.593275
29252.3586375,28466.467690625,30468.71436875
#
29969.475825,28851.114175,30423.593275
29969.475825,28851.114175,30423.593275
29252.3586375,28466.467690625,30468.71436875
#
29969.475825,28851.114175,30423.593275
29969.475825,28851.114175,30423.593275
29252.3586375,28466.467690625,30468.71436875
#
29969.475825,28851.114175,30423.593275
29969.475825,28851.114175,30423.593275
29252.3586375,28466.467690625,30468.71436875
#
29969.475825,28851.114175,30423.593275
29969.475825,28851.114175,30423.593275
29252.3586375,28466.467690625,30468.71436875
#
29969.475825,28851.114175,30423.593275
29969.475825,28851.114175,30423.593275
29978.12035625,28859.354409375,30413.560071875
29252.3586375,28466.467690625,30468.71436875
#
29969.475825,28851.114175,30423.593275
29969.475825,28851.114175,30423.593275
29252.3586375,28466.467690625,30468.71436875
29858.016840625,28748.373940625,30466.247571875
29934.7961375,28818.24308125,30438.380384375
#
29969.475825,28851.114175,30423.593275
29969.475825,28851.114175,30423.593275
29858.016840625,28748.373940625,30466.247571875
29252.3586375,28466.467690625,30468.71436875
29934.7961375,28818.24308125,30438.380384375
#
29969.475825,28851.114175,30423.593275
29969.475825,28851.114175,30423.593275
29858.016840625,28748.373940625,30466.247571875
29252.3586375,28466.467690625,30468.71436875
29934.7961375,28818.24308125,30438.380384375
#
29969.475825,28851.114175,30423.593275
29969.475825,28851.114175,30423.593275
29858.016840625,28748.373940625,30466.247571875
29858.016840625,28748.373940625,30466.247571875
29252.3586375,28466.467690625,30468.71436875
29934.7961375,28818.24308125,30438.380384375
#
29969.475825,28851.114175,30423.593275
29858.016840625,28748.373940625,30466.247571875
29858.016840625,28748.373940625,30466.247571875
29252.3586375,28466.467690625,30468.71436875
29934.7961375,28818.24308125,30438.380384375
#
29969.475825,28851.114175,30423.593275
29969.475825,28851.114175,30423.593275
29252.3586375,28466.467690625,30468.71436875
29816.841059375,28708.55558125,30425.224134375
#
29969.475825,28851.114175,30423.593275
29969.475825,28851.114175,30423.593275
29252.3586375,28466.467690625,30468.71436875
29816.841059375,28708.55558125,30425.224134375
#
29969.475825,28851.114175,30423.593275
29969.475825,28851.114175,30423.593275
29252.3586375,28466.467690625,30468.71436875
29816.841059375,28708.55558125,30425.224134375
#
29969.475825,28851.114175,30423.593275
29969.475825,28851.114175,30423.593275
29252.3586375,28466.467690625,30468.71436875
29816.841059375,28708.55558125,30425.224134375
#
29969.475825,28851.114175,30423.593275
29969.475825,28851.114175,30423.593275
29252.3586375,28466.467690625,30468.71436875
29816.841059375,28708.55558125,30425.224134375
#
29969.475825,28851.114175,30423.593275
29969.475825,28851.114175,30423.593275
29252.3586375,28466.467690625,30468.71436875
29816.841059375,28708.55558125,30425.224134375
#
29969.475825,28851.114175,30423.593275
29252.3586375,28466.467690625,30468.71436875
29816.841059375,28708.55558125,30425.224134375
#
29252.3586375,28466.467690625,30468.71436875
29816.841059375,28708.55558125,30425.224134375
#
29252.3586375,28466.467690625,30468.71436875
29816.841059375,28708.55558125,30425.224134375
#
29252.3586375,28466.467690625,30468.71436875
29608.257075,28507.526284375,30287.665540625
#
28900.430903125,27822.952065625,29707.280775
#
28900.430903125,27822.952065625,29707.280775
#
28900.430903125,27822.952065625,29707.280775
#
28900.430903125,27822.952065625,29707.280775
#
28900.430903125,27822.952065625,29707.280775
#
28859.255121875,27783.13370625,29666.2573375
#
28859.255121875,27783.13370625,29666.2573375
#
28859.255121875,27783.13370625,29666.2573375
28859.255121875,27783.13370625,29666.2573375
#
28859.255121875,27783.13370625,29666.2573375
28859.255121875,27783.13370625,29666.2573375
#
28859.255121875,27783.13370625,29666.2573375
28859.255121875,27783.13370625,29666.2573375
#
28859.255121875,27783.13370625,29666.2573375
28859.255121875,27783.13370625,29666.2573375
#
28743.688715625,27666.713784375,29465.91749375
#
28743.688715625,27666.713784375,29465.91749375
#
28743.688715625,27666.713784375,29465.91749375
#
28519.294184375,27450.784096875,29305.5385875
#
28519.294184375,27450.784096875,29305.5385875
#
28519.294184375,27450.784096875,29305.5385875
28519.294184375,27450.784096875,29305.5385875
#
28519.294184375,27450.784096875,29305.5385875
28519.294184375,27450.784096875,29305.5385875
#
28519.294184375,27450.784096875,29305.5385875
28519.294184375,27450.784096875,29305.5385875
#
28519.294184375,27450.784096875,29305.5385875
28519.294184375,27450.784096875,29305.5385875
#
28519.294184375,27450.784096875,29305.5385875
28519.294184375,27450.784096875,29305.5385875
28484.618403125,27417.91105,29320.32374375
#
28478.12035625,27410.967690625,29264.513196875
#
28478.12035625,27410.967690625,29264.513196875
#
28478.12035625,27410.967690625,29264.513196875
#
28478.12035625,27410.967690625,29264.513196875
#
28478.12035625,27410.967690625,29264.513196875
28478.12035625,27410.967690625,29264.513196875
#
28478.12035625,27410.967690625,29264.513196875
28478.12035625,27410.967690625,29264.513196875
#
28478.12035625,27410.967690625,29264.513196875
28478.12035625,27410.967690625,29264.513196875
#
28478.12035625,27410.967690625,29264.513196875
28478.12035625,27410.967690625,29264.513196875
#
28478.12035625,27410.967690625,29264.513196875
28478.12035625,27410.967690625,29264.513196875
#
28478.12035625,27410.967690625,29264.513196875
28478.12035625,27410.967690625,29264.513196875
#
28478.12035625,27410.967690625,29264.513196875
28478.12035625,27410.967690625,29264.513196875
#
28478.12035625,27410.967690625,29264.513196875
28478.12035625,27410.967690625,29264.513196875
#
28478.12035625,27410.967690625,29264.513196875
28478.12035625,27410.967690625,29264.513196875
28486.766840625,27419.209878125,29254.47999375
#
28478.12035625,27410.967690625,29264.513196875
28478.12035625,27410.967690625,29264.513196875
#
28478.12035625,27410.967690625,29264.513196875
28478.12035625,27410.967690625,29264.513196875
#
28478.12035625,27410.967690625,29264.513196875
28478.12035625,27410.967690625,29264.513196875
#
28442.594965625,27377.233315625,29257.954603125
28486.766840625,27419.209878125,29254.47999375
#
28442.594965625,27377.233315625,29257.954603125
28442.594965625,27377.233315625,29257.954603125
28486.766840625,27419.209878125,29254.47999375
#
28442.594965625,27377.233315625,29257.954603125
28442.594965625,27377.233315625,29257.954603125
28486.766840625,27419.209878125,29254.47999375
#
28442.594965625,27377.233315625,29257.954603125
28442.594965625,27377.233315625,29257.954603125
28486.766840625,27419.209878125,29254.47999375
#
28442.594965625,27377.233315625,29257.954603125
28442.594965625,27377.233315625,29257.954603125
28486.766840625,27419.209878125,29254.47999375
#
28442.594965625,27377.233315625,29257.954603125
28442.594965625,27377.233315625,29257.954603125
28486.766840625,27419.209878125,29254.47999375
#
28442.594965625,27377.233315625,29257.954603125
28442.594965625,27377.233315625,29257.954603125
28486.766840625,27419.209878125,29254.47999375
#
28442.594965625,27377.233315625,29257.954603125
28442.594965625,27377.233315625,29257.954603125
28486.766840625,27419.209878125,29254.47999375
#
28442.594965625,27377.233315625,29257.954603125
28442.594965625,27377.233315625,29257.954603125
28486.766840625,27419.209878125,29254.47999375
#
28442.594965625,27377.233315625,29257.954603125
28442.594965625,27377.233315625,29257.954603125
28486.766840625,27419.209878125,29254.47999375
#
28442.594965625,27377.233315625,29257.954603125
28442.594965625,27377.233315625,29257.954603125
28486.766840625,27419.209878125,29254.47999375
#
28442.594965625,27377.233315625,29257.954603125
28442.594965625,27377.233315625,29257.954603125
28486.766840625,27419.209878125,29254.47999375
#
28442.594965625,27377.233315625,29257.954603125
28442.594965625,27377.233315625,29257.954603125
28486.766840625,27419.209878125,29254.47999375
#
28442.594965625,27377.233315625,29257.954603125
28442.594965625,27377.233315625,29257.954603125
28486.766840625,27419.209878125,29254.47999375
#
28442.594965625,27377.233315625,29257.954603125
28442.594965625,27377.233315625,29257.954603125
#
28442.594965625,27377.233315625,29257.954603125
28442.594965625,27377.233315625,29257.954603125
#
28442.594965625,27377.233315625,29257.954603125
28442.594965625,27377.233315625,29257.954603125
#
28442.594965625,27377.233315625,29257.954603125
28442.594965625,27377.233315625,29257.954603125
#
28442.594965625,27377.233315625,29257.954603125
28442.594965625,27377.233315625,29257.954603125
#
28442.594965625,27377.233315625,29257.954603125
28442.594965625,27377.233315625,29257.954603125
#
28442.594965625,27377.233315625,29257.954603125
28442.594965625,27377.233315625,29257.954603125
28630.950434375,27525.86026875,29106.4760875
#
28442.594965625,27377.233315625,29257.954603125
28442.594965625,27377.233315625,29257.954603125
28630.950434375,27525.86026875,29106.4760875
#
28442.594965625,27377.233315625,29257.954603125
28442.594965625,27377.233315625,29257.954603125
28630.950434375,27525.86026875,29106.4760875
#
28442.594965625,27377.233315625,29257.954603125
28442.594965625,27377.233315625,29257.954603125
28630.950434375,27525.86026875,29106.4760875
#
28442.594965625,27377.233315625,29257.954603125
28442.594965625,27377.233315625,29257.954603125
28630.950434375,27525.86026875,29106.4760875
#
28442.594965625,27377.233315625,29257.954603125
28442.594965625,27377.233315625,29257.954603125
28630.950434375,27525.86026875,29106.4760875
#
28442.594965625,27377.233315625,29257.954603125
28442.594965625,27377.233315625,29257.954603125
28630.950434375,27525.86026875,29106.4760875
28630.950434375,27525.86026875,29106.4760875
#
28442.594965625,27377.233315625,29257.954603125
28442.594965625,27377.233315625,29257.954603125
28630.950434375,27525.86026875,29106.4760875
28630.950434375,27525.86026875,29106.4760875
#
28442.594965625,27377.233315625,29257.954603125
28442.594965625,27377.233315625,29257.954603125
28630.950434375,27525.86026875,29106.4760875
28630.950434375,27525.86026875,29106.4760875
#
28442.594965625,27377.233315625,29257.954603125
28442.594965625,27377.233315625,29257.954603125
28630.950434375,27525.86026875,29106.4760875
28630.950434375,27525.86026875,29106.4760875
28452.751215625,27386.04776875,29246.30811875
#
28442.594965625,27377.233315625,29257.954603125
28442.594965625,27377.233315625,29257.954603125
28630.950434375,27525.86026875,29106.4760875
28630.950434375,27525.86026875,29106.4760875
28452.751215625,27386.04776875,29246.30811875
#
28442.594965625,27377.233315625,29257.954603125
28442.594965625,27377.233315625,29257.954603125
28630.950434375,27525.86026875,29106.4760875
28630.950434375,27525.86026875,29106.4760875
28452.751215625,27386.04776875,29246.30811875
#
28442.594965625,27377.233315625,29257.954603125
28442.594965625,27377.233315625,29257.954603125
28630.950434375,27525.86026875,29106.4760875
28630.950434375,27525.86026875,29106.4760875
28452.751215625,27386.04776875,29246.30811875
#
28442.594965625,27377.233315625,29257.954603125
28442.594965625,27377.233315625,29257.954603125
28630.950434375,27525.86026875,29106.4760875
28630.950434375,27525.86026875,29106.4760875
28452.751215625,27386.04776875,29246.30811875
#
28035.727778125,26950.073159375,28439.501478125
#
28035.727778125,26950.073159375,28439.501478125
#
28035.727778125,26950.073159375,28439.501478125
#
28035.727778125,26950.073159375,28439.501478125
#
28035.727778125,26950.073159375,28439.501478125
#
28035.727778125,26950.073159375,28439.501478125
#
28035.727778125,26950.073159375,28439.501478125
#
28035.727778125,26950.073159375,28439.501478125
#
28035.727778125,26950.073159375,28439.501478125
#
28035.727778125,26950.073159375,28439.501478125
#
28035.727778125,26950.073159375,28439.501478125
#
28035.727778125,26950.073159375,28439.501478125
28035.727778125,26950.073159375,28439.501478125
#
28035.727778125,26950.073159375,28439.501478125
28035.727778125,26950.073159375,28439.501478125
#
28035.727778125,26950.073159375,28439.501478125
28035.727778125,26950.073159375,28439.501478125
#
28035.727778125,26950.073159375,28439.501478125
28035.727778125,26950.073159375,28439.501478125
#
28035.727778125,26950.073159375,28439.501478125
28035.727778125,26950.073159375,28439.501478125
#
28035.727778125,26950.073159375,28439.501478125
28035.727778125,26950.073159375,28439.501478125
#
28035.727778125,26950.073159375,28439.501478125
28035.727778125,26950.073159375,28439.501478125
#
28035.727778125,26950.073159375,28439.501478125
28035.727778125,26950.073159375,28439.501478125
#
28035.727778125,26950.073159375,28439.501478125
28035.727778125,26950.073159375,28439.501478125
#
28035.727778125,26950.073159375,28439.501478125
28035.727778125,26950.073159375,28439.501478125
28044.3742625,26958.31339375,28429.468275
27962.09691875,27043.362221875,28897.8823375
#
27817.42895,26906.75089375,28904.0385875
27871.8117625,26792.78995625,28328.278821875
#
27817.42895,26906.75089375,28904.0385875
27871.8117625,26792.78995625,28328.278821875
27871.8117625,26792.78995625,28328.278821875
#
27871.8117625,26792.78995625,28328.278821875
27817.42895,26906.75089375,28904.0385875
#
27871.8117625,26792.78995625,28328.278821875
27817.42895,26906.75089375,28904.0385875
#
27821.49145,26742.957925,28267.4760875
27817.42895,26906.75089375,28904.0385875
#
27821.49145,26742.957925,28267.4760875
27817.42895,26906.75089375,28904.0385875
#
27821.49145,26742.957925,28267.4760875
27817.42895,26906.75089375,28904.0385875
#
27821.49145,26742.957925,28267.4760875
27817.42895,26906.75089375,28904.0385875
27880.626215625,26799.510659375,28241.4292125
#
27821.49145,26742.957925,28267.4760875
27817.42895,26906.75089375,28904.0385875
27880.626215625,26799.510659375,28241.4292125
#
27821.49145,26742.957925,28267.4760875
27817.42895,26906.75089375,28904.0385875
27880.626215625,26799.510659375,28241.4292125
#
27821.49145,26742.957925,28267.4760875
27817.42895,26906.75089375,28904.0385875
27880.626215625,26799.510659375,28241.4292125
#
27821.49145,26742.957925,28267.4760875
27817.42895,26906.75089375,28904.0385875
27880.626215625,26799.510659375,28241.4292125
#
27821.49145,26742.957925,28267.4760875
27817.42895,26906.75089375,28904.0385875
27880.626215625,26799.510659375,28241.4292125
#
27817.42895,26906.75089375,28904.0385875
27821.49145,26742.957925,28267.4760875
27880.626215625,26799.510659375,28241.4292125
#
27817.42895,26906.75089375,28904.0385875
27821.49145,26742.957925,28267.4760875
27880.626215625,26799.510659375,28241.4292125
#
27817.42895,26906.75089375,28904.0385875
27821.49145,26742.957925,28267.4760875
27880.626215625,26799.510659375,28241.4292125
27889.274653125,26807.752846875,28231.396009375
#
27817.42895,26906.75089375,28904.0385875
27821.49145,26742.957925,28267.4760875
27880.626215625,26799.510659375,28241.4292125
27889.274653125,26807.752846875,28231.396009375
#
27817.42895,26906.75089375,28904.0385875
27821.49145,26742.957925,28267.4760875
27821.49145,26742.957925,28267.4760875
27880.626215625,26799.510659375,28241.4292125
27889.274653125,26807.752846875,28231.396009375
27889.274653125,26807.752846875,28231.396009375
#
27648.93285625,26577.436440625,28166.28468125
27657.5773875,26585.678628125,28156.251478125
#
27648.93285625,26577.436440625,28166.28468125
27657.5773875,26585.678628125,28156.251478125
27657.5773875,26585.678628125,28156.251478125
27273.016840625,26380.506753125,28426.208509375
#
27648.93285625,26577.436440625,28166.28468125
27657.5773875,26585.678628125,28156.251478125
27657.5773875,26585.678628125,28156.251478125
27273.016840625,26380.506753125,28426.208509375
#
27648.93285625,26577.436440625,28166.28468125
27657.5773875,26585.678628125,28156.251478125
27657.5773875,26585.678628125,28156.251478125
27273.016840625,26380.506753125,28426.208509375
#
27648.93285625,26577.436440625,28166.28468125
27657.5773875,26585.678628125,28156.251478125
27657.5773875,26585.678628125,28156.251478125
27273.016840625,26380.506753125,28426.208509375
#
27648.93285625,26577.436440625,28166.28468125
27657.5773875,26585.678628125,28156.251478125
27657.5773875,26585.678628125,28156.251478125
27273.016840625,26380.506753125,28426.208509375
27716.71410625,26642.229409375,28130.204603125
#
27648.93285625,26577.436440625,28166.28468125
27657.5773875,26585.678628125,28156.251478125
27657.5773875,26585.678628125,28156.251478125
27273.016840625,26380.506753125,28426.208509375
27666.39379375,26592.397378125,28069.40186875
#
27648.93285625,26577.436440625,28166.28468125
27657.5773875,26585.678628125,28156.251478125
27657.5773875,26585.678628125,28156.251478125
27273.016840625,26380.506753125,28426.208509375
27666.39379375,26592.397378125,28069.40186875
#
27648.93285625,26577.436440625,28166.28468125
27273.016840625,26380.506753125,28426.208509375
27657.5773875,26585.678628125,28156.251478125
27657.5773875,26585.678628125,28156.251478125
27666.39379375,26592.397378125,28069.40186875
#
27648.93285625,26577.436440625,28166.28468125
27273.016840625,26380.506753125,28426.208509375
27657.5773875,26585.678628125,28156.251478125
27657.5773875,26585.678628125,28156.251478125
27281.665278125,26388.7469875,28416.173353125
27666.39379375,26592.397378125,28069.40186875
#
27648.93285625,26577.436440625,28166.28468125
27273.016840625,26380.506753125,28426.208509375
27657.5773875,26585.678628125,28156.251478125
27657.5773875,26585.678628125,28156.251478125
27281.665278125,26388.7469875,28416.173353125
27666.39379375,26592.397378125,28069.40186875
#
27648.93285625,26577.436440625,28166.28468125
27273.016840625,26380.506753125,28426.208509375
27657.5773875,26585.678628125,28156.251478125
27657.5773875,26585.678628125,28156.251478125
27281.665278125,26388.7469875,28416.173353125
27281.665278125,26388.7469875,28416.173353125
27666.39379375,26592.397378125,28069.40186875
#
27648.93285625,26577.436440625,28166.28468125
27273.016840625,26380.506753125,28426.208509375
27657.5773875,26585.678628125,28156.251478125
27657.5773875,26585.678628125,28156.251478125
27281.665278125,26388.7469875,28416.173353125
27281.665278125,26388.7469875,28416.173353125
27666.39379375,26592.397378125,28069.40186875
#
27657.5773875,26585.678628125,28156.251478125
27657.5773875,26585.678628125,28156.251478125
27648.93285625,26577.436440625,28166.28468125
27648.93285625,26577.436440625,28166.28468125
27109.100825,26223.225503125,28314.981946875
#
27657.5773875,26585.678628125,28156.251478125
27657.5773875,26585.678628125,28156.251478125
27648.93285625,26577.436440625,28166.28468125
27648.93285625,26577.436440625,28166.28468125
27109.100825,26223.225503125,28314.981946875
#
27657.5773875,26585.678628125,28156.251478125
27657.5773875,26585.678628125,28156.251478125
27648.93285625,26577.436440625,28166.28468125
27109.100825,26223.225503125,28314.981946875
#
27657.5773875,26585.678628125,28156.251478125
27657.5773875,26585.678628125,28156.251478125
27109.100825,26223.225503125,28314.981946875
27648.93285625,26577.436440625,28166.28468125
27648.93285625,26577.436440625,28166.28468125
#
27657.5773875,26585.678628125,28156.251478125
27657.5773875,26585.678628125,28156.251478125
27109.100825,26223.225503125,28314.981946875
27648.93285625,26577.436440625,28166.28468125
27648.93285625,26577.436440625,28166.28468125
#
27657.5773875,26585.678628125,28156.251478125
27657.5773875,26585.678628125,28156.251478125
27109.100825,26223.225503125,28314.981946875
27109.100825,26223.225503125,28314.981946875
#
27657.5773875,26585.678628125,28156.251478125
27657.5773875,26585.678628125,28156.251478125
27109.100825,26223.225503125,28314.981946875
27109.100825,26223.225503125,28314.981946875
#
27657.5773875,26585.678628125,28156.251478125
27109.100825,26223.225503125,28314.981946875
27109.100825,26223.225503125,28314.981946875
#
27109.100825,26223.225503125,28314.981946875
27657.5773875,26585.678628125,28156.251478125
27657.5773875,26585.678628125,28156.251478125
#
27109.100825,26223.225503125,28314.981946875
27657.5773875,26585.678628125,28156.251478125
27657.5773875,26585.678628125,28156.251478125
#
27109.100825,26223.225503125,28314.981946875
27657.5773875,26585.678628125,28156.251478125
27657.5773875,26585.678628125,28156.251478125
#
27109.100825,26223.225503125,28314.981946875
27657.5773875,26585.678628125,28156.251478125
27657.5773875,26585.678628125,28156.251478125
#
27109.100825,26223.225503125,28314.981946875
27657.5773875,26585.678628125,28156.251478125
27657.5773875,26585.678628125,28156.251478125
#
27109.100825,26223.225503125,28314.981946875
27657.5773875,26585.678628125,28156.251478125
27657.5773875,26585.678628125,28156.251478125
#
26954.00316875,26072.66495625,28116.907728125
#
26954.00316875,26072.66495625,28116.907728125
#
26954.00316875,26072.66495625,28116.907728125
#
26954.00316875,26072.66495625,28116.907728125
#
26954.00316875,26072.66495625,28116.907728125
26954.00316875,26072.66495625,28116.907728125
#
26954.00316875,26072.66495625,28116.907728125
26954.00316875,26072.66495625,28116.907728125
#
26954.00316875,26072.66495625,28116.907728125
26954.00316875,26072.66495625,28116.907728125
#
26954.00316875,26072.66495625,28116.907728125
26954.00316875,26072.66495625,28116.907728125
#
26954.00316875,26072.66495625,28116.907728125
26954.00316875,26072.66495625,28116.907728125
#
26954.00316875,26072.66495625,28116.907728125
26954.00316875,26072.66495625,28116.907728125
#
26954.00316875,26072.66495625,28116.907728125
26954.00316875,26072.66495625,28116.907728125
#
26954.00316875,26072.66495625,28116.907728125
26954.00316875,26072.66495625,28116.907728125
#
26954.00316875,26072.66495625,28116.907728125
26954.00316875,26072.66495625,28116.907728125
#
26954.00316875,26072.66495625,28116.907728125
26954.00316875,26072.66495625,28116.907728125
#
26954.00316875,26072.66495625,28116.907728125
26954.00316875,26072.66495625,28116.907728125
#
26954.00316875,26072.66495625,28116.907728125
26954.00316875,26072.66495625,28116.907728125
#
26954.00316875,26072.66495625,28116.907728125
26954.00316875,26072.66495625,28116.907728125
26945.356684375,26064.424721875,28126.942884375
#
26954.00316875,26072.66495625,28116.907728125
26954.00316875,26072.66495625,28116.907728125
#
26954.00316875,26072.66495625,28116.907728125
26954.00316875,26072.66495625,28116.907728125
#
26954.00316875,26072.66495625,28116.907728125
26954.00316875,26072.66495625,28116.907728125
#
26954.00316875,26072.66495625,28116.907728125
26945.356684375,26064.424721875,28126.942884375
#
26954.00316875,26072.66495625,28116.907728125
26945.356684375,26064.424721875,28126.942884375
#
26954.00316875,26072.66495625,28116.907728125
26945.356684375,26064.424721875,28126.942884375
#
26954.00316875,26072.66495625,28116.907728125
26945.356684375,26064.424721875,28126.942884375
#
26954.00316875,26072.66495625,28116.907728125
26945.356684375,26064.424721875,28126.942884375
#
26954.00316875,26072.66495625,28116.907728125
26945.356684375,26064.424721875,28126.942884375
#
26954.00316875,26072.66495625,28116.907728125
26945.356684375,26064.424721875,28126.942884375
#
26954.00316875,26072.66495625,28116.907728125
26945.356684375,26064.424721875,28126.942884375
#
26954.00316875,26072.66495625,28116.907728125
26945.356684375,26064.424721875,28126.942884375
#
26954.00316875,26072.66495625,28116.907728125
26945.356684375,26064.424721875,28126.942884375
#
26954.00316875,26072.66495625,28116.907728125
26945.356684375,26064.424721875,28126.942884375
#
26954.00316875,26072.66495625,28116.907728125
26945.356684375,26064.424721875,28126.942884375
#
26954.00316875,26072.66495625,28116.907728125
26945.356684375,26064.424721875,28126.942884375
#
26954.00316875,26072.66495625,28116.907728125
26945.356684375,26064.424721875,28126.942884375
#
26954.00316875,26072.66495625,28116.907728125
26945.356684375,26064.424721875,28126.942884375
#
26954.00316875,26072.66495625,28116.907728125
26945.356684375,26064.424721875,28126.942884375
#
26954.00316875,26072.66495625,28116.907728125
26945.356684375,26064.424721875,28126.942884375
#
26954.00316875,26072.66495625,28116.907728125
26945.356684375,26064.424721875,28126.942884375
#
26954.00316875,26072.66495625,28116.907728125
26945.356684375,26064.424721875,28126.942884375
#
26954.00316875,26072.66495625,28116.907728125
26945.356684375,26064.424721875,28126.942884375
#
26954.00316875,26072.66495625,28116.907728125
26945.356684375,26064.424721875,28126.942884375
#
26954.00316875,26072.66495625,28116.907728125
26945.356684375,26064.424721875,28126.942884375
#
26954.00316875,26072.66495625,28116.907728125
26945.356684375,26064.424721875,28126.942884375
#
26954.00316875,26072.66495625,28116.907728125
26945.356684375,26064.424721875,28126.942884375
#
26954.00316875,26072.66495625,28116.907728125
26945.356684375,26064.424721875,28126.942884375
#
26954.00316875,26072.66495625,28116.907728125
26945.356684375,26064.424721875,28126.942884375
#
26954.00316875,26072.66495625,28116.907728125
26945.356684375,26064.424721875,28126.942884375
#
26954.00316875,26072.66495625,28116.907728125
26945.356684375,26064.424721875,28126.942884375
#
26954.00316875,26072.66495625,28116.907728125
26945.356684375,26064.424721875,28126.942884375
#
26954.00316875,26072.66495625,28116.907728125
26945.356684375,26064.424721875,28126.942884375
#
26954.00316875,26072.66495625,28116.907728125
26945.356684375,26064.424721875,28126.942884375
#
26954.00316875,26072.66495625,28116.907728125
26945.356684375,26064.424721875,28126.942884375
#
26954.00316875,26072.66495625,28116.907728125
26945.356684375,26064.424721875,28126.942884375
#
26954.00316875,26072.66495625,28116.907728125
26945.356684375,26064.424721875,28126.942884375
#
26954.00316875,26072.66495625,28116.907728125
26945.356684375,26064.424721875,28126.942884375
#
26954.00316875,26072.66495625,28116.907728125
26945.356684375,26064.424721875,28126.942884375
#
26954.00316875,26072.66495625,28116.907728125
26945.356684375,26064.424721875,28126.942884375
#
26954.00316875,26072.66495625,28116.907728125
26945.356684375,26064.424721875,28126.942884375
#
26954.00316875,26072.66495625,28116.907728125
26945.356684375,26064.424721875,28126.942884375
#
26954.00316875,26072.66495625,28116.907728125
26945.356684375,26064.424721875,28126.942884375
#
26954.00316875,26072.66495625,28116.907728125
26945.356684375,26064.424721875,28126.942884375
#
26954.00316875,26072.66495625,28116.907728125
26945.356684375,26064.424721875,28126.942884375
#
26954.00316875,26072.66495625,28116.907728125
26945.356684375,26064.424721875,28126.942884375
#
26954.00316875,26072.66495625,28116.907728125
26945.356684375,26064.424721875,28126.942884375
#
26954.00316875,26072.66495625,28116.907728125
26945.356684375,26064.424721875,28126.942884375
#
26954.00316875,26072.66495625,28116.907728125
26945.356684375,26064.424721875,28126.942884375
#
26954.00316875,26072.66495625,28116.907728125
26945.356684375,26064.424721875,28126.942884375
#
26954.00316875,26072.66495625,28116.907728125
26945.356684375,26064.424721875,28126.942884375
#
26954.00316875,26072.66495625,28116.907728125
26945.356684375,26064.424721875,28126.942884375
#
26954.00316875,26072.66495625,28116.907728125
26945.356684375,26064.424721875,28126.942884375
#
26954.00316875,26072.66495625,28116.907728125
26945.356684375,26064.424721875,28126.942884375
#
26954.00316875,26072.66495625,28116.907728125
26945.356684375,26064.424721875,28126.942884375
#
26954.00316875,26072.66495625,28116.907728125
26945.356684375,26064.424721875,28126.942884375
#
26954.00316875,26072.66495625,28116.907728125
26945.356684375,26064.424721875,28126.942884375
#
26954.00316875,26072.66495625,28116.907728125
26945.356684375,26064.424721875,28126.942884375
