#
34151.05004375,33267.8094875,36825.64405625
#
34151.05004375,33267.8094875,36825.64405625
#
34151.05004375,33267.8094875,36825.64405625
#
34151.05004375,33267.8094875,36825.64405625
#
30594.833246875,29766.00089375,32352.5464
#
30594.833246875,29766.00089375,32352.5464
#
30594.833246875,29766.00089375,32352.5464
#
30594.833246875,29766.00089375,32352.5464
#
30594.833246875,29766.00089375,32352.5464
#
30594.833246875,29766.00089375,32352.5464
#
30594.833246875,29766.00089375,32352.5464
30594.833246875,29766.00089375,32352.5464
#
30594.833246875,29766.00089375,32352.5464
30594.833246875,29766.00089375,32352.5464
#
30594.833246875,29766.00089375,32352.5464
30594.833246875,29766.00089375,32352.5464
#
30594.833246875,29766.00089375,32352.5464
30594.833246875,29766.00089375,32352.5464
#
30594.833246875,29766.00089375,32352.5464
30574.719965625,29805.39151875,32378.6323375
#
30594.833246875,29766.00089375,32352.5464
30574.719965625,29805.39151875,32378.6323375
#
30496.067621875,29515.9032375,31463.9214
#
30496.067621875,29515.9032375,31463.9214
30496.067621875,29515.9032375,31463.9214
#
30496.067621875,29515.9032375,31463.9214
30496.067621875,29515.9032375,31463.9214
#
30496.067621875,29515.9032375,31463.9214
30496.067621875,29515.9032375,31463.9214
#
30496.067621875,29515.9032375,31463.9214
30496.067621875,29515.9032375,31463.9214
#
30496.067621875,29515.9032375,31463.9214
30496.067621875,29515.9032375,31463.9214
#
30496.067621875,29515.9032375,31463.9214
30496.067621875,29515.9032375,31463.9214
#
30496.067621875,29515.9032375,31463.9214
30496.067621875,29515.9032375,31463.9214
#
30496.067621875,29515.9032375,31463.9214
30496.067621875,29515.9032375,31463.9214
#
30496.067621875,29515.9032375,31463.9214
30496.067621875,29515.9032375,31463.9214
#
30496.067621875,29515.9032375,31463.9214
30496.067621875,29515.9032375,31463.9214
#
30496.067621875,29515.9032375,31463.9214
30496.067621875,29515.9032375,31463.9214
#
30496.067621875,29515.9032375,31463.9214
30496.067621875,29515.9032375,31463.9214
30223.032465625,29394.36026875,32098.454603125
#
30496.067621875,29515.9032375,31463.9214
30496.067621875,29515.9032375,31463.9214
30223.032465625,29394.36026875,32098.454603125
#
30496.067621875,29515.9032375,31463.9214
30496.067621875,29515.9032375,31463.9214
30223.032465625,29394.36026875,32098.454603125
#
30496.067621875,29515.9032375,31463.9214
30496.067621875,29515.9032375,31463.9214
30223.032465625,29394.36026875,32098.454603125
#
30496.067621875,29515.9032375,31463.9214
30496.067621875,29515.9032375,31463.9214
30143.141840625,29309.088784375,31663.157728125
#
30496.067621875,29515.9032375,31463.9214
30496.067621875,29515.9032375,31463.9214
30143.141840625,29309.088784375,31663.157728125
#
30496.067621875,29515.9032375,31463.9214
30496.067621875,29515.9032375,31463.9214
30143.141840625,29309.088784375,31663.157728125
#
30496.067621875,29515.9032375,31463.9214
30496.067621875,29515.9032375,31463.9214
30143.141840625,29309.088784375,31663.157728125
#
30496.067621875,29515.9032375,31463.9214
30496.067621875,29515.9032375,31463.9214
30143.141840625,29309.088784375,31663.157728125
#
30496.067621875,29515.9032375,31463.9214
30496.067621875,29515.9032375,31463.9214
30143.141840625,29309.088784375,31663.157728125
#
30304.997309375,29485.002846875,31619.16749375
30496.067621875,29515.9032375,31463.9214
30496.067621875,29515.9032375,31463.9214
30143.141840625,29309.088784375,31663.157728125
#
30304.997309375,29485.002846875,31619.16749375
30496.067621875,29515.9032375,31463.9214
30496.067621875,29515.9032375,31463.9214
30143.141840625,29309.088784375,31663.157728125
#
30304.997309375,29485.002846875,31619.16749375
30496.067621875,29515.9032375,31463.9214
30496.067621875,29515.9032375,31463.9214
30143.141840625,29309.088784375,31663.157728125
#
30304.997309375,29485.002846875,31619.16749375
30496.067621875,29515.9032375,31463.9214
30496.067621875,29515.9032375,31463.9214
30143.141840625,29309.088784375,31663.157728125
#
30304.997309375,29485.002846875,31619.16749375
30496.067621875,29515.9032375,31463.9214
30496.067621875,29515.9032375,31463.9214
30143.141840625,29309.088784375,31663.157728125
#
29800.1711375,28981.8173,31308.32765
#
29800.1711375,28981.8173,31308.32765
#
29800.1711375,28981.8173,31308.32765
#
29800.1711375,28981.8173,31308.32765
#
29800.1711375,28981.8173,31308.32765
#
29800.1711375,28981.8173,31308.32765
#
29780.180903125,28943.959878125,31399.653821875
29800.1711375,28981.8173,31308.32765
#
29780.180903125,28943.959878125,31399.653821875
29800.1711375,28981.8173,31308.32765
#
29780.180903125,28943.959878125,31399.653821875
29800.1711375,28981.8173,31308.32765
#
29780.180903125,28943.959878125,31399.653821875
29780.180903125,28943.959878125,31399.653821875
29800.1711375,28981.8173,31308.32765
#
29780.180903125,28943.959878125,31399.653821875
29780.180903125,28943.959878125,31399.653821875
29800.1711375,28981.8173,31308.32765
#
29780.180903125,28943.959878125,31399.653821875
29780.180903125,28943.959878125,31399.653821875
29800.1711375,28981.8173,31308.32765
#
29780.180903125,28943.959878125,31399.653821875
29780.180903125,28943.959878125,31399.653821875
29800.1711375,28981.8173,31308.32765
#
29677.30395,28822.4657375,30979.82374375
#
29677.30395,28822.4657375,30979.82374375
29667.2805125,28879.8251125,31585.778821875
#
29677.30395,28822.4657375,30979.82374375
29667.2805125,28879.8251125,31585.778821875
#
29677.30395,28822.4657375,30979.82374375
29667.2805125,28879.8251125,31585.778821875
#
29677.30395,28822.4657375,30979.82374375
29667.2805125,28879.8251125,31585.778821875
#
29677.30395,28822.4657375,30979.82374375
29667.2805125,28879.8251125,31585.778821875
#
29677.30395,28822.4657375,30979.82374375
29417.42895,28614.68058125,31177.05811875
#
29677.30395,28822.4657375,30979.82374375
29417.42895,28614.68058125,31177.05811875
#
29677.30395,28822.4657375,30979.82374375
29417.42895,28614.68058125,31177.05811875
#
29677.30395,28822.4657375,30979.82374375
29417.42895,28614.68058125,31177.05811875
#
30602.6086375,29476.905190625,30924.0073375
29677.30395,28822.4657375,30979.82374375
29417.42895,28614.68058125,31177.05811875
#
30602.6086375,29476.905190625,30924.0073375
29417.42895,28614.68058125,31177.05811875
#
29417.42895,28614.68058125,31177.05811875
#
29005.22191875,28167.487221875,30527.130384375
#
29005.22191875,28167.487221875,30527.130384375
#
29005.22191875,28167.487221875,30527.130384375
#
29005.22191875,28167.487221875,30527.130384375
#
29005.22191875,28167.487221875,30527.130384375
#
29005.22191875,28167.487221875,30527.130384375
#
29005.22191875,28167.487221875,30527.130384375
#
29005.22191875,28167.487221875,30527.130384375
#
29005.22191875,28167.487221875,30527.130384375
#
29005.22191875,28167.487221875,30527.130384375
#
29005.22191875,28167.487221875,30527.130384375
#
29005.22191875,28167.487221875,30527.130384375
#
29005.22191875,28167.487221875,30527.130384375
#
29005.22191875,28167.487221875,30527.130384375
#
29005.22191875,28167.487221875,30527.130384375
#
29005.22191875,28167.487221875,30527.130384375
#
29005.22191875,28167.487221875,30527.130384375
#
29005.22191875,28167.487221875,30527.130384375
28882.7648875,28050.59464375,30700.749525
#
29005.22191875,28167.487221875,30527.130384375
28882.7648875,28050.59464375,30700.749525
#
29005.22191875,28167.487221875,30527.130384375
28882.7648875,28050.59464375,30700.749525
#
29005.22191875,28167.487221875,30527.130384375
28882.7648875,28050.59464375,30700.749525
#
28823.274653125,28096.498940625,30543.7729625
29005.22191875,28167.487221875,30527.130384375
28882.7648875,28050.59464375,30700.749525
#
28823.274653125,28096.498940625,30543.7729625
29005.22191875,28167.487221875,30527.130384375
28882.7648875,28050.59464375,30700.749525
28882.7648875,28050.59464375,30700.749525
#
28823.274653125,28096.498940625,30543.7729625
29005.22191875,28167.487221875,30527.130384375
28882.7648875,28050.59464375,30700.749525
28882.7648875,28050.59464375,30700.749525
#
28823.274653125,28096.498940625,30543.7729625
29005.22191875,28167.487221875,30527.130384375
28882.7648875,28050.59464375,30700.749525
28882.7648875,28050.59464375,30700.749525
#
28823.274653125,28096.498940625,30543.7729625
29005.22191875,28167.487221875,30527.130384375
28882.7648875,28050.59464375,30700.749525
28882.7648875,28050.59464375,30700.749525
#
28882.7648875,28050.59464375,30700.749525
28823.274653125,28096.498940625,30543.7729625
29005.22191875,28167.487221875,30527.130384375
29596.012934375,28564.416909375,30377.4135875
#
28882.7648875,28050.59464375,30700.749525
28823.274653125,28096.498940625,30543.7729625
29005.22191875,28167.487221875,30527.130384375
29596.012934375,28564.416909375,30377.4135875
#
28326.69066875,27546.182534375,29890.321790625
#
28326.69066875,27546.182534375,29890.321790625
#
28326.69066875,27546.182534375,29890.321790625
#
28326.69066875,27546.182534375,29890.321790625
28326.69066875,27546.182534375,29890.321790625
#
28326.69066875,27546.182534375,29890.321790625
28326.69066875,27546.182534375,29890.321790625
#
28326.69066875,27546.182534375,29890.321790625
28326.69066875,27546.182534375,29890.321790625
#
28326.69066875,27546.182534375,29890.321790625
28326.69066875,27546.182534375,29890.321790625
#
28326.69066875,27546.182534375,29890.321790625
28326.69066875,27546.182534375,29890.321790625
#
28326.69066875,27546.182534375,29890.321790625
28326.69066875,27546.182534375,29890.321790625
#
28326.69066875,27546.182534375,29890.321790625
28326.69066875,27546.182534375,29890.321790625
#
28326.69066875,27546.182534375,29890.321790625
28326.69066875,27546.182534375,29890.321790625
#
28326.69066875,27546.182534375,29890.321790625
28326.69066875,27546.182534375,29890.321790625
29068.33129375,28079.924721875,29886.6948375
#
28326.69066875,27546.182534375,29890.321790625
28326.69066875,27546.182534375,29890.321790625
29068.33129375,28079.924721875,29886.6948375
#
28326.69066875,27546.182534375,29890.321790625
28326.69066875,27546.182534375,29890.321790625
29068.33129375,28079.924721875,29886.6948375
#
28119.009028125,27346.252846875,29755.17530625
#
28119.009028125,27346.252846875,29755.17530625
#
28119.009028125,27346.252846875,29755.17530625
#
28076.92895,27305.33683125,29711.735853125
#
28076.92895,27305.33683125,29711.735853125
28076.92895,27305.33683125,29711.735853125
#
28076.92895,27305.33683125,29711.735853125
28076.92895,27305.33683125,29711.735853125
#
28076.92895,27305.33683125,29711.735853125
28076.92895,27305.33683125,29711.735853125
#
28076.92895,27305.33683125,29711.735853125
28076.92895,27305.33683125,29711.735853125
#
28076.92895,27305.33683125,29711.735853125
28076.92895,27305.33683125,29711.735853125
#
28076.92895,27305.33683125,29711.735853125
28076.92895,27305.33683125,29711.735853125
#
28076.92895,27305.33683125,29711.735853125
28076.92895,27305.33683125,29711.735853125
#
28065.882075,27293.31339375,29434.77686875
#
28065.882075,27293.31339375,29434.77686875
27908.28441875,27121.733315625,29535.505384375
#
27908.28441875,27121.733315625,29535.505384375
#
27908.28441875,27121.733315625,29535.505384375
#
27908.28441875,27121.733315625,29535.505384375
#
27908.28441875,27121.733315625,29535.505384375
27908.28441875,27121.733315625,29535.505384375
#
27908.28441875,27121.733315625,29535.505384375
27908.28441875,27121.733315625,29535.505384375
#
27908.28441875,27121.733315625,29535.505384375
27908.28441875,27121.733315625,29535.505384375
#
27908.28441875,27121.733315625,29535.505384375
27908.28441875,27121.733315625,29535.505384375
#
27908.28441875,27121.733315625,29535.505384375
27908.28441875,27121.733315625,29535.505384375
#
27908.28441875,27121.733315625,29535.505384375
27908.28441875,27121.733315625,29535.505384375
#
27908.28441875,27121.733315625,29535.505384375
27908.28441875,27121.733315625,29535.505384375
#
27908.28441875,27121.733315625,29535.505384375
27908.28441875,27121.733315625,29535.505384375
#
27932.520746875,27145.02433125,29503.728040625
27908.28441875,27121.733315625,29535.505384375
27908.28441875,27121.733315625,29535.505384375
#
27908.28441875,27121.733315625,29535.505384375
27932.520746875,27145.02433125,29503.728040625
27899.637934375,27113.491128125,29545.5385875
#
27908.28441875,27121.733315625,29535.505384375
27908.28441875,27121.733315625,29535.505384375
27932.520746875,27145.02433125,29503.728040625
27899.637934375,27113.491128125,29545.5385875
#
27647.475825,26868.862221875,29079.962415625
#
27647.475825,26868.862221875,29079.962415625
#
27647.475825,26868.862221875,29079.962415625
#
27647.475825,26868.862221875,29079.962415625
#
27647.475825,26868.862221875,29079.962415625
#
27647.475825,26868.862221875,29079.962415625
#
27647.475825,26868.862221875,29079.962415625
#
27647.475825,26868.862221875,29079.962415625
#
27647.475825,26868.862221875,29079.962415625
#
27647.475825,26868.862221875,29079.962415625
#
27647.475825,26868.862221875,29079.962415625
#
27647.475825,26868.862221875,29079.962415625
#
27647.475825,26868.862221875,29079.962415625
27647.475825,26868.862221875,29079.962415625
#
27647.475825,26868.862221875,29079.962415625
27647.475825,26868.862221875,29079.962415625
#
27647.475825,26868.862221875,29079.962415625
27647.475825,26868.862221875,29079.962415625
#
27647.475825,26868.862221875,29079.962415625
27647.475825,26868.862221875,29079.962415625
#
27647.475825,26868.862221875,29079.962415625
27647.475825,26868.862221875,29079.962415625
#
27647.475825,26868.862221875,29079.962415625
27647.475825,26868.862221875,29079.962415625
#
27647.475825,26868.862221875,29079.962415625
27647.475825,26868.862221875,29079.962415625
#
27647.475825,26868.862221875,29079.962415625
27647.475825,26868.862221875,29079.962415625
#
27647.475825,26868.862221875,29079.962415625
27647.475825,26868.862221875,29079.962415625
#
27647.475825,26868.862221875,29079.962415625
27647.475825,26868.862221875,29079.962415625
#
27647.475825,26868.862221875,29079.962415625
27647.475825,26868.862221875,29079.962415625
#
27647.475825,26868.862221875,29079.962415625
27647.475825,26868.862221875,29079.962415625
#
27647.475825,26868.862221875,29079.962415625
27647.475825,26868.862221875,29079.962415625
#
27647.475825,26868.862221875,29079.962415625
27647.475825,26868.862221875,29079.962415625
#
27647.475825,26868.862221875,29079.962415625
27647.475825,26868.862221875,29079.962415625
#
27647.475825,26868.862221875,29079.962415625
27647.475825,26868.862221875,29079.962415625
#
27647.475825,26868.862221875,29079.962415625
27647.475825,26868.862221875,29079.962415625
#
27647.475825,26868.862221875,29079.962415625
27647.475825,26868.862221875,29079.962415625
#
27647.475825,26868.862221875,29079.962415625
27647.475825,26868.862221875,29079.962415625
#
27647.475825,26868.862221875,29079.962415625
27647.475825,26868.862221875,29079.962415625
#
27647.475825,26868.862221875,29079.962415625
27647.475825,26868.862221875,29079.962415625
#
27647.475825,26868.862221875,29079.962415625
27647.475825,26868.862221875,29079.962415625
#
27647.475825,26868.862221875,29079.962415625
27647.475825,26868.862221875,29079.962415625
#
27647.475825,26868.862221875,29079.962415625
27647.475825,26868.862221875,29079.962415625
#
27647.475825,26868.862221875,29079.962415625
27647.475825,26868.862221875,29079.962415625
#
27647.475825,26868.862221875,29079.962415625
27647.475825,26868.862221875,29079.962415625
#
27647.475825,26868.862221875,29079.962415625
27647.475825,26868.862221875,29079.962415625
#
27647.475825,26868.862221875,29079.962415625
27647.475825,26868.862221875,29079.962415625
#
27647.475825,26868.862221875,29079.962415625
27647.475825,26868.862221875,29079.962415625
#
27647.475825,26868.862221875,29079.962415625
27647.475825,26868.862221875,29079.962415625
#
27647.475825,26868.862221875,29079.962415625
27647.475825,26868.862221875,29079.962415625
#
27647.475825,26868.862221875,29079.962415625
27647.475825,26868.862221875,29079.962415625
#
27647.475825,26868.862221875,29079.962415625
27647.475825,26868.862221875,29079.962415625
#
27647.475825,26868.862221875,29079.962415625
27647.475825,26868.862221875,29079.962415625
#
27647.475825,26868.862221875,29079.962415625
27647.475825,26868.862221875,29079.962415625
#
27647.475825,26868.862221875,29079.962415625
27647.475825,26868.862221875,29079.962415625
#
27647.475825,26868.862221875,29079.962415625
27647.475825,26868.862221875,29079.962415625
#
27647.475825,26868.862221875,29079.962415625
27647.475825,26868.862221875,29079.962415625
#
27647.475825,26868.862221875,29079.962415625
27647.475825,26868.862221875,29079.962415625
#
27647.475825,26868.862221875,29079.962415625
27647.475825,26868.862221875,29079.962415625
#
27647.475825,26868.862221875,29079.962415625
27647.475825,26868.862221875,29079.962415625
#
27647.475825,26868.862221875,29079.962415625
27647.475825,26868.862221875,29079.962415625
#
27647.475825,26868.862221875,29079.962415625
27647.475825,26868.862221875,29079.962415625
#
27647.475825,26868.862221875,29079.962415625
27647.475825,26868.862221875,29079.962415625
#
27647.475825,26868.862221875,29079.962415625
27647.475825,26868.862221875,29079.962415625
#
27647.475825,26868.862221875,29079.962415625
27647.475825,26868.862221875,29079.962415625
#
27647.475825,26868.862221875,29079.962415625
27647.475825,26868.862221875,29079.962415625
#
27647.475825,26868.862221875,29079.962415625
27647.475825,26868.862221875,29079.962415625
#
27647.475825,26868.862221875,29079.962415625
27647.475825,26868.862221875,29079.962415625
#
27647.475825,26868.862221875,29079.962415625
27647.475825,26868.862221875,29079.962415625
#
27647.475825,26868.862221875,29079.962415625
27647.475825,26868.862221875,29079.962415625
#
27647.475825,26868.862221875,29079.962415625
27647.475825,26868.862221875,29079.962415625
#
27647.475825,26868.862221875,29079.962415625
27647.475825,26868.862221875,29079.962415625
#
27647.475825,26868.862221875,29079.962415625
27647.475825,26868.862221875,29079.962415625
#
27647.475825,26868.862221875,29079.962415625
27647.475825,26868.862221875,29079.962415625
#
27647.475825,26868.862221875,29079.962415625
27647.475825,26868.862221875,29079.962415625
#
27647.475825,26868.862221875,29079.962415625
27647.475825,26868.862221875,29079.962415625
#
27647.475825,26868.862221875,29079.962415625
27647.475825,26868.862221875,29079.962415625
#
27647.475825,26868.862221875,29079.962415625
27647.475825,26868.862221875,29079.962415625
#
27647.475825,26868.862221875,29079.962415625
27647.475825,26868.862221875,29079.962415625
#
27647.475825,26868.862221875,29079.962415625
27647.475825,26868.862221875,29079.962415625
#
27647.475825,26868.862221875,29079.962415625
27647.475825,26868.862221875,29079.962415625
#
27647.475825,26868.862221875,29079.962415625
27647.475825,26868.862221875,29079.962415625
#
27647.475825,26868.862221875,29079.962415625
27647.475825,26868.862221875,29079.962415625
#
27647.475825,26868.862221875,29079.962415625
27647.475825,26868.862221875,29079.962415625
#
27647.475825,26868.862221875,29079.962415625
27647.475825,26868.862221875,29079.962415625
#
27647.475825,26868.862221875,29079.962415625
27647.475825,26868.862221875,29079.962415625
#
27647.475825,26868.862221875,29079.962415625
27647.475825,26868.862221875,29079.962415625
#
27647.475825,26868.862221875,29079.962415625
27647.475825,26868.862221875,29079.962415625
#
27647.475825,26868.862221875,29079.962415625
27647.475825,26868.862221875,29079.962415625
#
27647.475825,26868.862221875,29079.962415625
27647.475825,26868.862221875,29079.962415625
#
27647.475825,26868.862221875,29079.962415625
27647.475825,26868.862221875,29079.962415625
#
27647.475825,26868.862221875,29079.962415625
27647.475825,26868.862221875,29079.962415625
#
27647.475825,26868.862221875,29079.962415625
27647.475825,26868.862221875,29079.962415625
#
27647.475825,26868.862221875,29079.962415625
27647.475825,26868.862221875,29079.962415625
#
27647.475825,26868.862221875,29079.962415625
27647.475825,26868.862221875,29079.962415625
#
27647.475825,26868.862221875,29079.962415625
27647.475825,26868.862221875,29079.962415625
#
27647.475825,26868.862221875,29079.962415625
27647.475825,26868.862221875,29079.962415625
#
27647.475825,26868.862221875,29079.962415625
27647.475825,26868.862221875,29079.962415625
#
27647.475825,26868.862221875,29079.962415625
27647.475825,26868.862221875,29079.962415625
#
27647.475825,26868.862221875,29079.962415625
27647.475825,26868.862221875,29079.962415625
#
27647.475825,26868.862221875,29079.962415625
27647.475825,26868.862221875,29079.962415625
#
27647.475825,26868.862221875,29079.962415625
27647.475825,26868.862221875,29079.962415625
#
27647.475825,26868.862221875,29079.962415625
27647.475825,26868.862221875,29079.962415625
#
27647.475825,26868.862221875,29079.962415625
27647.475825,26868.862221875,29079.962415625
#
27647.475825,26868.862221875,29079.962415625
27647.475825,26868.862221875,29079.962415625
#
27647.475825,26868.862221875,29079.962415625
27647.475825,26868.862221875,29079.962415625
#
27647.475825,26868.862221875,29079.962415625
27647.475825,26868.862221875,29079.962415625
#
27647.475825,26868.862221875,29079.962415625
27647.475825,26868.862221875,29079.962415625
#
27647.475825,26868.862221875,29079.962415625
27647.475825,26868.862221875,29079.962415625
#
27647.475825,26868.862221875,29079.962415625
27647.475825,26868.862221875,29079.962415625
#
27647.475825,26868.862221875,29079.962415625
27647.475825,26868.862221875,29079.962415625
#
27647.475825,26868.862221875,29079.962415625
27647.475825,26868.862221875,29079.962415625
#
27647.475825,26868.862221875,29079.962415625
27647.475825,26868.862221875,29079.962415625
#
27647.475825,26868.862221875,29079.962415625
27647.475825,26868.862221875,29079.962415625
#
27647.475825,26868.862221875,29079.962415625
27647.475825,26868.862221875,29079.962415625
#
27647.475825,26868.862221875,29079.962415625
27647.475825,26868.862221875,29079.962415625
#
27647.475825,26868.862221875,29079.962415625
27647.475825,26868.862221875,29079.962415625
#
27647.475825,26868.862221875,29079.962415625
27647.475825,26868.862221875,29079.962415625
#
27647.475825,26868.862221875,29079.962415625
27647.475825,26868.862221875,29079.962415625
#
27647.475825,26868.862221875,29079.962415625
27647.475825,26868.862221875,29079.962415625
#
27647.475825,26868.862221875,29079.962415625
27647.475825,26868.862221875,29079.962415625
#
27647.475825,26868.862221875,29079.962415625
27647.475825,26868.862221875,29079.962415625
#
27647.475825,26868.862221875,29079.962415625
27647.475825,26868.862221875,29079.962415625
#
27647.475825,26868.862221875,29079.962415625
27647.475825,26868.862221875,29079.962415625
#
27647.475825,26868.862221875,29079.962415625
27647.475825,26868.862221875,29079.962415625
#
27647.475825,26868.862221875,29079.962415625
27647.475825,26868.862221875,29079.962415625
#
27647.475825,26868.862221875,29079.962415625
27647.475825,26868.862221875,29079.962415625
#
27647.475825,26868.862221875,29079.962415625
27647.475825,26868.862221875,29079.962415625
#
27647.475825,26868.862221875,29079.962415625
27647.475825,26868.862221875,29079.962415625
#
27647.475825,26868.862221875,29079.962415625
27647.475825,26868.862221875,29079.962415625
#
27647.475825,26868.862221875,29079.962415625
27647.475825,26868.862221875,29079.962415625
#
27647.475825,26868.862221875,29079.962415625
27647.475825,26868.862221875,29079.962415625
#
27647.475825,26868.862221875,29079.962415625
27647.475825,26868.862221875,29079.962415625
#
27647.475825,26868.862221875,29079.962415625
27647.475825,26868.862221875,29079.962415625
#
27647.475825,26868.862221875,29079.962415625
27647.475825,26868.862221875,29079.962415625
#
27647.475825,26868.862221875,29079.962415625
27647.475825,26868.862221875,29079.962415625
#
27647.475825,26868.862221875,29079.962415625
27647.475825,26868.862221875,29079.962415625
#
27647.475825,26868.862221875,29079.962415625
27647.475825,26868.862221875,29079.962415625
#
27647.475825,26868.862221875,29079.962415625
27647.475825,26868.862221875,29079.962415625
#
27647.475825,26868.862221875,29079.962415625
27647.475825,26868.862221875,29079.962415625
#
27647.475825,26868.862221875,29079.962415625
27647.475825,26868.862221875,29079.962415625
#
27647.475825,26868.862221875,29079.962415625
27647.475825,26868.862221875,29079.962415625
#
27647.475825,26868.862221875,29079.962415625
27647.475825,26868.862221875,29079.962415625
#
27647.475825,26868.862221875,29079.962415625
27647.475825,26868.862221875,29079.962415625
#
27647.475825,26868.862221875,29079.962415625
27647.475825,26868.862221875,29079.962415625
#
27647.475825,26868.862221875,29079.962415625
27647.475825,26868.862221875,29079.962415625
#
27647.475825,26868.862221875,29079.962415625
27647.475825,26868.862221875,29079.962415625
#
27647.475825,26868.862221875,29079.962415625
27647.475825,26868.862221875,29079.962415625
#
27647.475825,26868.862221875,29079.962415625
27647.475825,26868.862221875,29079.962415625
#
27647.475825,26868.862221875,29079.962415625
27647.475825,26868.862221875,29079.962415625
#
27647.475825,26868.862221875,29079.962415625
27647.475825,26868.862221875,29079.962415625
#
27647.475825,26868.862221875,29079.962415625
27647.475825,26868.862221875,29079.962415625
#
27647.475825,26868.862221875,29079.962415625
27647.475825,26868.862221875,29079.962415625
#
27647.475825,26868.862221875,29079.962415625
27647.475825,26868.862221875,29079.962415625
#
27647.475825,26868.862221875,29079.962415625
27647.475825,26868.862221875,29079.962415625
#
27647.475825,26868.862221875,29079.962415625
27647.475825,26868.862221875,29079.962415625
#
27647.475825,26868.862221875,29079.962415625
27647.475825,26868.862221875,29079.962415625
#
27647.475825,26868.862221875,29079.962415625
27647.475825,26868.862221875,29079.962415625
#
27647.475825,26868.862221875,29079.962415625
27647.475825,26868.862221875,29079.962415625
#
27647.475825,26868.862221875,29079.962415625
27647.475825,26868.862221875,29079.962415625
#
27647.475825,26868.862221875,29079.962415625
27647.475825,26868.862221875,29079.962415625
#
27647.475825,26868.862221875,29079.962415625
27647.475825,26868.862221875,29079.962415625
#
27647.475825,26868.862221875,29079.962415625
27647.475825,26868.862221875,29079.962415625
#
27647.475825,26868.862221875,29079.962415625
27647.475825,26868.862221875,29079.962415625
#
27647.475825,26868.862221875,29079.962415625
27647.475825,26868.862221875,29079.962415625
#
27647.475825,26868.862221875,29079.962415625
27647.475825,26868.862221875,29079.962415625
#
27647.475825,26868.862221875,29079.962415625
27647.475825,26868.862221875,29079.962415625
#
27647.475825,26868.862221875,29079.962415625
27647.475825,26868.862221875,29079.962415625
#
27647.475825,26868.862221875,29079.962415625
27647.475825,26868.862221875,29079.962415625
