#
157662.0,156.0,163.0,10.0,994.0,150.0,1309.0,0.525
167830.0,221.0,167.0,12.0,949.0,124.0,1458.0,0.47916666666666663
164166.0,106.0,155.0,10.0,1112.0,141.0,1156.0,0.35
158096.0,180.0,161.0,10.0,977.0,127.0,1405.0,0.42500000000000004
154630.0,140.0,155.0,9.0,1108.0,178.0,1156.0,0.41666666666666663
161297.0,84.0,125.0,10.0,1053.0,153.0,1199.0,0.4
163881.0,96.0,156.0,9.0,819.0,143.0,1401.0,0.4722222222222222
158243.0,166.0,156.0,8.0,932.0,172.0,1360.0,0.375
163698.0,97.0,148.0,11.0,906.0,161.0,1347.0,0.5
168487.0,220.0,124.0,7.0,1115.0,131.0,1277.0,0.2857142857142857
153468.0,53.0,161.0,10.0,1019.0,140.0,1178.0,0.42500000000000004
174642.0,125.0,149.0,15.0,795.0,149.0,1450.0,0.5833333333333333
167911.0,121.0,162.0,11.0,845.0,132.0,1420.0,0.4772727272727273
167620.0,176.0,163.0,12.0,1182.0,107.0,1196.0,0.41666666666666663
170156.0,111.0,147.0,10.0,914.0,157.0,1372.0,0.4
153034.0,91.0,130.0,12.0,831.0,136.0,1392.0,0.5208333333333333
156764.0,157.0,158.0,9.0,1029.0,169.0,1299.0,0.36111111111111116
163413.0,128.0,143.0,11.0,849.0,138.0,1433.0,0.5
166116.0,160.0,149.0,11.0,954.0,149.0,1348.0,0.4545454545454546
160253.0,220.0,140.0,11.0,1096.0,162.0,1306.0,0.5454545454545454
167017.0,195.0,160.0,10.0,969.0,160.0,1381.0,0.525
176236.0,309.0,129.0,9.0,1153.0,119.0,1356.0,0.33333333333333337
162600.0,107.0,147.0,9.0,827.0,127.0,1453.0,0.5
165807.0,88.0,158.0,13.0,869.0,112.0,1402.0,0.5384615384615384
166852.0,211.0,165.0,10.0,1010.0,164.0,1348.0,0.4
164532.0,304.0,168.0,12.0,1052.0,120.0,1442.0,0.5208333333333333
159749.0,155.0,166.0,11.0,1009.0,143.0,1293.0,0.5
159503.0,87.0,158.0,11.0,809.0,132.0,1430.0,0.5227272727272727
159330.0,172.0,104.0,9.0,1081.0,170.0,1278.0,0.38888888888888884
155514.0,40.0,149.0,9.0,823.0,177.0,1312.0,0.41666666666666663
146351.0,65.0,139.0,9.0,804.0,151.0,1382.0,0.4444444444444444
159040.0,156.0,136.0,11.0,946.0,142.0,1379.0,0.5
152225.0,121.0,140.0,8.0,908.0,179.0,1328.0,0.375
153543.0,104.0,153.0,10.0,976.0,151.0,1277.0,0.475
160569.0,206.0,154.0,12.0,924.0,129.0,1470.0,0.5625
167749.0,72.0,143.0,13.0,870.0,120.0,1358.0,0.5192307692307692
154368.0,130.0,136.0,11.0,945.0,143.0,1363.0,0.4545454545454546
170213.0,44.0,160.0,12.0,910.0,124.0,1314.0,0.47916666666666663
162865.0,219.0,156.0,11.0,985.0,132.0,1420.0,0.4772727272727273
161425.0,96.0,169.0,11.0,918.0,140.0,1307.0,0.4772727272727273
163561.0,101.0,162.0,12.0,921.0,159.0,1320.0,0.5416666666666667
152905.0,197.0,112.0,8.0,1131.0,184.0,1213.0,0.40625
161909.0,152.0,147.0,11.0,1027.0,150.0,1297.0,0.5
163483.0,185.0,161.0,10.0,982.0,141.0,1353.0,0.525
151814.0,198.0,129.0,7.0,1018.0,178.0,1345.0,0.3571428571428571
160274.0,37.0,127.0,10.0,767.0,180.0,1403.0,0.525
158127.0,163.0,120.0,8.0,943.0,133.0,1433.0,0.46875
161220.0,286.0,170.0,9.0,1100.0,163.0,1348.0,0.4444444444444444
172287.0,75.0,161.0,13.0,767.0,113.0,1481.0,0.5576923076923077
163207.0,275.0,157.0,10.0,1132.0,138.0,1335.0,0.44999999999999996
155052.0,124.0,138.0,6.0,941.0,218.0,1297.0,0.33333333333333337
162899.0,99.0,132.0,8.0,922.0,189.0,1306.0,0.40625
164435.0,120.0,162.0,9.0,955.0,169.0,1290.0,0.4444444444444444
159900.0,164.0,148.0,8.0,896.0,163.0,1414.0,0.53125
167355.0,233.0,133.0,9.0,1391.0,159.0,1023.0,0.33333333333333337
173696.0,136.0,163.0,15.0,898.0,134.0,1404.0,0.5166666666666666
174180.0,148.0,158.0,12.0,921.0,112.0,1391.0,0.5625
171329.0,149.0,161.0,11.0,884.0,129.0,1427.0,0.5454545454545454
156966.0,44.0,165.0,9.0,793.0,182.0,1345.0,0.41666666666666663
146531.0,201.0,129.0,10.0,1021.0,177.0,1312.0,0.525
170088.0,179.0,157.0,12.0,1093.0,130.0,1299.0,0.5
165385.0,294.0,165.0,9.0,1144.0,158.0,1333.0,0.41666666666666663
168440.0,180.0,134.0,10.0,1068.0,144.0,1240.0,0.44999999999999996
169765.0,71.0,153.0,13.0,859.0,158.0,1368.0,0.5
159196.0,100.0,148.0,9.0,991.0,151.0,1293.0,0.5
#
167911.0,121.0,162.0,11.0,845.0,132.0,1420.0,0.4772727272727273
167830.0,221.0,167.0,12.0,949.0,124.0,1458.0,0.47916666666666663
158096.0,180.0,161.0,10.0,977.0,127.0,1405.0,0.42500000000000004
154630.0,140.0,155.0,9.0,1108.0,178.0,1156.0,0.41666666666666663
155348.0,178.0,161.0,9.0,1037.0,142.0,1311.0,0.4722222222222222
163881.0,96.0,156.0,9.0,819.0,143.0,1401.0,0.4722222222222222
158243.0,166.0,156.0,8.0,932.0,172.0,1360.0,0.375
162235.0,187.0,144.0,10.0,1011.0,123.0,1359.0,0.42500000000000004
168487.0,220.0,124.0,7.0,1115.0,131.0,1277.0,0.2857142857142857
153468.0,53.0,161.0,10.0,1019.0,140.0,1178.0,0.42500000000000004
165026.0,104.0,161.0,13.0,912.0,130.0,1388.0,0.5
163698.0,97.0,148.0,11.0,906.0,161.0,1347.0,0.5
166474.0,110.0,133.0,11.0,876.0,181.0,1375.0,0.5454545454545454
166634.0,142.0,138.0,13.0,925.0,144.0,1358.0,0.5384615384615384
170105.0,139.0,147.0,11.0,988.0,151.0,1288.0,0.5
153034.0,91.0,130.0,12.0,831.0,136.0,1392.0,0.5208333333333333
155039.0,54.0,133.0,6.0,835.0,193.0,1333.0,0.375
163413.0,128.0,143.0,11.0,849.0,138.0,1433.0,0.5
160253.0,220.0,140.0,11.0,1096.0,162.0,1306.0,0.5454545454545454
160007.0,141.0,161.0,10.0,1031.0,136.0,1272.0,0.4
162600.0,107.0,147.0,9.0,827.0,127.0,1453.0,0.5
165807.0,88.0,158.0,13.0,869.0,112.0,1402.0,0.5384615384615384
166852.0,211.0,165.0,10.0,1010.0,164.0,1348.0,0.4
164532.0,304.0,168.0,12.0,1052.0,120.0,1442.0,0.5208333333333333
159749.0,155.0,166.0,11.0,1009.0,143.0,1293.0,0.5
159503.0,87.0,158.0,11.0,809.0,132.0,1430.0,0.5227272727272727
158582.0,55.0,169.0,11.0,898.0,161.0,1281.0,0.4772727272727273
159330.0,172.0,104.0,9.0,1081.0,170.0,1278.0,0.38888888888888884
155514.0,40.0,149.0,9.0,823.0,177.0,1312.0,0.41666666666666663
146351.0,65.0,139.0,9.0,804.0,151.0,1382.0,0.4444444444444444
152225.0,121.0,140.0,8.0,908.0,179.0,1328.0,0.375
153543.0,104.0,153.0,10.0,976.0,151.0,1277.0,0.475
160569.0,206.0,154.0,12.0,924.0,129.0,1470.0,0.5625
167749.0,72.0,143.0,13.0,870.0,120.0,1358.0,0.5192307692307692
154368.0,130.0,136.0,11.0,945.0,143.0,1363.0,0.4545454545454546
165858.0,168.0,116.0,9.0,1009.0,143.0,1348.0,0.41666666666666663
150617.0,50.0,155.0,9.0,972.0,144.0,1207.0,0.41666666666666663
163561.0,101.0,162.0,12.0,921.0,159.0,1320.0,0.5416666666666667
152905.0,197.0,112.0,8.0,1131.0,184.0,1213.0,0.40625
163483.0,185.0,161.0,10.0,982.0,141.0,1353.0,0.525
151814.0,198.0,129.0,7.0,1018.0,178.0,1345.0,0.3571428571428571
156873.0,158.0,157.0,12.0,909.0,145.0,1366.0,0.5208333333333333
158127.0,163.0,120.0,8.0,943.0,133.0,1433.0,0.46875
163207.0,275.0,157.0,10.0,1132.0,138.0,1335.0,0.44999999999999996
155052.0,124.0,138.0,6.0,941.0,218.0,1297.0,0.33333333333333337
162899.0,99.0,132.0,8.0,922.0,189.0,1306.0,0.40625
153934.0,75.0,140.0,10.0,781.0,170.0,1437.0,0.5
164435.0,120.0,162.0,9.0,955.0,169.0,1290.0,0.4444444444444444
167348.0,170.0,158.0,8.0,984.0,181.0,1325.0,0.40625
166993.0,181.0,154.0,12.0,928.0,149.0,1396.0,0.5
159900.0,164.0,148.0,8.0,896.0,163.0,1414.0,0.53125
143576.0,132.0,137.0,6.0,998.0,168.0,1280.0,0.25
163428.0,265.0,102.0,8.0,1085.0,142.0,1337.0,0.4375
161165.0,145.0,158.0,10.0,996.0,142.0,1334.0,0.42500000000000004
155088.0,118.0,149.0,10.0,850.0,151.0,1378.0,0.525
167086.0,29.0,156.0,15.0,736.0,145.0,1441.0,0.6166666666666667
154920.0,109.0,138.0,9.0,896.0,159.0,1349.0,0.4722222222222222
146531.0,201.0,129.0,10.0,1021.0,177.0,1312.0,0.525
161939.0,123.0,136.0,13.0,896.0,153.0,1362.0,0.5961538461538461
168440.0,180.0,134.0,10.0,1068.0,144.0,1240.0,0.44999999999999996
154943.0,94.0,134.0,8.0,873.0,169.0,1350.0,0.4375
161456.0,146.0,134.0,9.0,994.0,142.0,1324.0,0.4444444444444444
156324.0,37.0,148.0,13.0,706.0,165.0,1465.0,0.5769230769230769
159196.0,100.0,148.0,9.0,991.0,151.0,1293.0,0.5
#
155514.0,40.0,149.0,9.0,823.0,177.0,1312.0,0.41666666666666663
146091.0,113.0,160.0,11.0,714.0,160.0,1519.0,0.5454545454545454
156513.0,166.0,145.0,10.0,945.0,123.0,1356.0,0.35
153259.0,100.0,144.0,10.0,983.0,130.0,1276.0,0.44999999999999996
155348.0,178.0,161.0,9.0,1037.0,142.0,1311.0,0.4722222222222222
158243.0,166.0,156.0,8.0,932.0,172.0,1360.0,0.375
162235.0,187.0,144.0,10.0,1011.0,123.0,1359.0,0.42500000000000004
155052.0,124.0,138.0,6.0,941.0,218.0,1297.0,0.33333333333333337
153468.0,53.0,161.0,10.0,1019.0,140.0,1178.0,0.42500000000000004
158877.0,127.0,140.0,13.0,818.0,129.0,1460.0,0.5576923076923077
150617.0,50.0,155.0,9.0,972.0,144.0,1207.0,0.41666666666666663
156873.0,158.0,157.0,12.0,909.0,145.0,1366.0,0.5208333333333333
160007.0,141.0,161.0,10.0,1031.0,136.0,1272.0,0.4
153034.0,91.0,130.0,12.0,831.0,136.0,1392.0,0.5208333333333333
155039.0,54.0,133.0,6.0,835.0,193.0,1333.0,0.375
163413.0,128.0,143.0,11.0,849.0,138.0,1433.0,0.5
156143.0,254.0,141.0,7.0,1031.0,156.0,1347.0,0.3571428571428571
160253.0,220.0,140.0,11.0,1096.0,162.0,1306.0,0.5454545454545454
158583.0,112.0,156.0,11.0,976.0,142.0,1270.0,0.5454545454545454
161109.0,79.0,159.0,11.0,971.0,135.0,1290.0,0.5227272727272727
161693.0,98.0,158.0,9.0,921.0,146.0,1329.0,0.38888888888888884
164399.0,234.0,165.0,11.0,913.0,149.0,1464.0,0.4772727272727273
154943.0,94.0,134.0,8.0,873.0,169.0,1350.0,0.4375
154920.0,109.0,138.0,9.0,896.0,159.0,1349.0,0.4722222222222222
163081.0,80.0,156.0,11.0,952.0,153.0,1265.0,0.5454545454545454
159503.0,87.0,158.0,11.0,809.0,132.0,1430.0,0.5227272727272727
146734.0,96.0,169.0,9.0,980.0,151.0,1252.0,0.5277777777777778
159330.0,172.0,104.0,9.0,1081.0,170.0,1278.0,0.38888888888888884
155088.0,118.0,149.0,10.0,850.0,151.0,1378.0,0.525
146351.0,65.0,139.0,9.0,804.0,151.0,1382.0,0.4444444444444444
152225.0,121.0,140.0,8.0,908.0,179.0,1328.0,0.375
153543.0,104.0,153.0,10.0,976.0,151.0,1277.0,0.475
154368.0,130.0,136.0,11.0,945.0,143.0,1363.0,0.4545454545454546
157541.0,194.0,70.0,7.0,1197.0,159.0,1162.0,0.3928571428571429
143716.0,263.0,166.0,8.0,1013.0,137.0,1419.0,0.46875
163561.0,101.0,162.0,12.0,921.0,159.0,1320.0,0.5416666666666667
152905.0,197.0,112.0,8.0,1131.0,184.0,1213.0,0.40625
151814.0,198.0,129.0,7.0,1018.0,178.0,1345.0,0.3571428571428571
158127.0,163.0,120.0,8.0,943.0,133.0,1433.0,0.46875
153934.0,75.0,140.0,10.0,781.0,170.0,1437.0,0.5
162899.0,99.0,132.0,8.0,922.0,189.0,1306.0,0.40625
161165.0,145.0,158.0,10.0,996.0,142.0,1334.0,0.42500000000000004
158582.0,55.0,169.0,11.0,898.0,161.0,1281.0,0.4772727272727273
159900.0,164.0,148.0,8.0,896.0,163.0,1414.0,0.53125
143576.0,132.0,137.0,6.0,998.0,168.0,1280.0,0.25
154630.0,140.0,155.0,9.0,1108.0,178.0,1156.0,0.41666666666666663
146531.0,201.0,129.0,10.0,1021.0,177.0,1312.0,0.525
161939.0,123.0,136.0,13.0,896.0,153.0,1362.0,0.5961538461538461
164435.0,120.0,162.0,9.0,955.0,169.0,1290.0,0.4444444444444444
161456.0,146.0,134.0,9.0,994.0,142.0,1324.0,0.4444444444444444
139917.0,64.0,157.0,7.0,869.0,155.0,1350.0,0.4642857142857143
159196.0,100.0,148.0,9.0,991.0,151.0,1293.0,0.5
#
155514.0,40.0,149.0,9.0,823.0,177.0,1312.0,0.41666666666666663
146091.0,113.0,160.0,11.0,714.0,160.0,1519.0,0.5454545454545454
156513.0,166.0,145.0,10.0,945.0,123.0,1356.0,0.35
157794.0,100.0,131.0,11.0,977.0,169.0,1258.0,0.4772727272727273
146118.0,216.0,165.0,11.0,910.0,120.0,1489.0,0.5454545454545454
153259.0,100.0,144.0,10.0,983.0,130.0,1276.0,0.44999999999999996
150617.0,50.0,155.0,9.0,972.0,144.0,1207.0,0.41666666666666663
158243.0,166.0,156.0,8.0,932.0,172.0,1360.0,0.375
153468.0,53.0,161.0,10.0,1019.0,140.0,1178.0,0.42500000000000004
155052.0,124.0,138.0,6.0,941.0,218.0,1297.0,0.33333333333333337
158877.0,127.0,140.0,13.0,818.0,129.0,1460.0,0.5576923076923077
149230.0,120.0,131.0,9.0,753.0,193.0,1455.0,0.5
156873.0,158.0,157.0,12.0,909.0,145.0,1366.0,0.5208333333333333
155697.0,150.0,139.0,10.0,932.0,143.0,1355.0,0.5
146734.0,96.0,169.0,9.0,980.0,151.0,1252.0,0.5277777777777778
153034.0,91.0,130.0,12.0,831.0,136.0,1392.0,0.5208333333333333
155039.0,54.0,133.0,6.0,835.0,193.0,1333.0,0.375
156143.0,254.0,141.0,7.0,1031.0,156.0,1347.0,0.3571428571428571
156143.0,254.0,141.0,7.0,1031.0,156.0,1347.0,0.3571428571428571
160253.0,220.0,140.0,11.0,1096.0,162.0,1306.0,0.5454545454545454
140808.0,83.0,142.0,7.0,776.0,181.0,1412.0,0.4642857142857143
154981.0,40.0,148.0,9.0,763.0,162.0,1426.0,0.4444444444444444
143574.0,141.0,165.0,8.0,949.0,143.0,1347.0,0.4375
157946.0,93.0,161.0,11.0,829.0,124.0,1446.0,0.5227272727272727
158712.0,47.0,128.0,8.0,836.0,171.0,1353.0,0.46875
154943.0,94.0,134.0,8.0,873.0,169.0,1350.0,0.4375
154920.0,109.0,138.0,9.0,896.0,159.0,1349.0,0.4722222222222222
147692.0,269.0,133.0,8.0,1179.0,142.0,1269.0,0.3125
159503.0,87.0,158.0,11.0,809.0,132.0,1430.0,0.5227272727272727
159330.0,172.0,104.0,9.0,1081.0,170.0,1278.0,0.38888888888888884
155088.0,118.0,149.0,10.0,850.0,151.0,1378.0,0.525
146351.0,65.0,139.0,9.0,804.0,151.0,1382.0,0.4444444444444444
152225.0,121.0,140.0,8.0,908.0,179.0,1328.0,0.375
154368.0,130.0,136.0,11.0,945.0,143.0,1363.0,0.4545454545454546
160770.0,108.0,161.0,11.0,1103.0,166.0,1173.0,0.5
157541.0,194.0,70.0,7.0,1197.0,159.0,1162.0,0.3928571428571429
143716.0,263.0,166.0,8.0,1013.0,137.0,1419.0,0.46875
157772.0,40.0,140.0,10.0,736.0,151.0,1457.0,0.525
152905.0,197.0,112.0,8.0,1131.0,184.0,1213.0,0.40625
151814.0,198.0,129.0,7.0,1018.0,178.0,1345.0,0.3571428571428571
158127.0,163.0,120.0,8.0,943.0,133.0,1433.0,0.46875
153934.0,75.0,140.0,10.0,781.0,170.0,1437.0,0.5
158228.0,106.0,151.0,11.0,896.0,170.0,1335.0,0.4772727272727273
142361.0,154.0,160.0,10.0,787.0,140.0,1505.0,0.55
158356.0,221.0,156.0,11.0,1155.0,210.0,1204.0,0.5454545454545454
143576.0,132.0,137.0,6.0,998.0,168.0,1280.0,0.25
144017.0,122.0,158.0,10.0,730.0,139.0,1534.0,0.5
157621.0,53.0,168.0,10.0,889.0,169.0,1272.0,0.525
151568.0,93.0,150.0,11.0,823.0,150.0,1417.0,0.5454545454545454
144655.0,226.0,143.0,6.0,1065.0,190.0,1276.0,0.29166666666666663
146531.0,201.0,129.0,10.0,1021.0,177.0,1312.0,0.525
161456.0,146.0,134.0,9.0,994.0,142.0,1324.0,0.4444444444444444
161393.0,185.0,158.0,9.0,983.0,107.0,1386.0,0.41666666666666663
139917.0,64.0,157.0,7.0,869.0,155.0,1350.0,0.4642857142857143
159196.0,100.0,148.0,9.0,991.0,151.0,1293.0,0.5
#
154943.0,94.0,134.0,8.0,873.0,169.0,1350.0,0.4375
146091.0,113.0,160.0,11.0,714.0,160.0,1519.0,0.5454545454545454
153468.0,53.0,161.0,10.0,1019.0,140.0,1178.0,0.42500000000000004
157794.0,100.0,131.0,11.0,977.0,169.0,1258.0,0.4772727272727273
146118.0,216.0,165.0,11.0,910.0,120.0,1489.0,0.5454545454545454
150975.0,173.0,138.0,11.0,860.0,157.0,1463.0,0.5227272727272727
153259.0,100.0,144.0,10.0,983.0,130.0,1276.0,0.44999999999999996
150617.0,50.0,155.0,9.0,972.0,144.0,1207.0,0.41666666666666663
152905.0,197.0,112.0,8.0,1131.0,184.0,1213.0,0.40625
155052.0,124.0,138.0,6.0,941.0,218.0,1297.0,0.33333333333333337
146734.0,96.0,169.0,9.0,980.0,151.0,1252.0,0.5277777777777778
149230.0,120.0,131.0,9.0,753.0,193.0,1455.0,0.5
147949.0,126.0,165.0,10.0,907.0,145.0,1374.0,0.5
155697.0,150.0,139.0,10.0,932.0,143.0,1355.0,0.5
153034.0,91.0,130.0,12.0,831.0,136.0,1392.0,0.5208333333333333
155039.0,54.0,133.0,6.0,835.0,193.0,1333.0,0.375
151347.0,94.0,150.0,11.0,895.0,132.0,1348.0,0.5454545454545454
156143.0,254.0,141.0,7.0,1031.0,156.0,1347.0,0.3571428571428571
150470.0,137.0,148.0,11.0,940.0,143.0,1346.0,0.5454545454545454
140808.0,83.0,142.0,7.0,776.0,181.0,1412.0,0.4642857142857143
154981.0,40.0,148.0,9.0,763.0,162.0,1426.0,0.4444444444444444
143574.0,141.0,165.0,8.0,949.0,143.0,1347.0,0.4375
137258.0,199.0,165.0,8.0,887.0,141.0,1450.0,0.46875
154920.0,109.0,138.0,9.0,896.0,159.0,1349.0,0.4722222222222222
147692.0,269.0,133.0,8.0,1179.0,142.0,1269.0,0.3125
157621.0,53.0,168.0,10.0,889.0,169.0,1272.0,0.525
157891.0,110.0,118.0,9.0,948.0,160.0,1306.0,0.33333333333333337
155088.0,118.0,149.0,10.0,850.0,151.0,1378.0,0.525
146351.0,65.0,139.0,9.0,804.0,151.0,1382.0,0.4444444444444444
155514.0,40.0,149.0,9.0,823.0,177.0,1312.0,0.41666666666666663
152225.0,121.0,140.0,8.0,908.0,179.0,1328.0,0.375
154368.0,130.0,136.0,11.0,945.0,143.0,1363.0,0.4545454545454546
159850.0,131.0,136.0,9.0,1053.0,169.0,1217.0,0.5
157541.0,194.0,70.0,7.0,1197.0,159.0,1162.0,0.3928571428571429
143716.0,263.0,166.0,8.0,1013.0,137.0,1419.0,0.46875
157772.0,40.0,140.0,10.0,736.0,151.0,1457.0,0.525
155167.0,53.0,138.0,8.0,889.0,176.0,1265.0,0.46875
146531.0,201.0,129.0,10.0,1021.0,177.0,1312.0,0.525
156513.0,166.0,145.0,10.0,945.0,123.0,1356.0,0.35
153934.0,75.0,140.0,10.0,781.0,170.0,1437.0,0.5
143576.0,132.0,137.0,6.0,998.0,168.0,1280.0,0.25
151993.0,58.0,157.0,12.0,706.0,142.0,1486.0,0.5625
152474.0,169.0,135.0,11.0,810.0,176.0,1486.0,0.5909090909090908
142361.0,154.0,160.0,10.0,787.0,140.0,1505.0,0.55
144017.0,122.0,158.0,10.0,730.0,139.0,1534.0,0.5
159503.0,87.0,158.0,11.0,809.0,132.0,1430.0,0.5227272727272727
151568.0,93.0,150.0,11.0,823.0,150.0,1417.0,0.5454545454545454
144655.0,226.0,143.0,6.0,1065.0,190.0,1276.0,0.29166666666666663
156508.0,96.0,121.0,11.0,959.0,144.0,1281.0,0.4772727272727273
139917.0,64.0,157.0,7.0,869.0,155.0,1350.0,0.4642857142857143
159196.0,100.0,148.0,9.0,991.0,151.0,1293.0,0.5
#
143576.0,132.0,137.0,6.0,998.0,168.0,1280.0,0.25
136416.0,65.0,123.0,7.0,953.0,176.0,1222.0,0.3928571428571429
153468.0,53.0,161.0,10.0,1019.0,140.0,1178.0,0.42500000000000004
146734.0,96.0,169.0,9.0,980.0,151.0,1252.0,0.5277777777777778
158096.0,180.0,161.0,10.0,977.0,127.0,1405.0,0.42500000000000004
142280.0,98.0,147.0,11.0,743.0,177.0,1459.0,0.5681818181818181
153259.0,100.0,144.0,10.0,983.0,130.0,1276.0,0.44999999999999996
152905.0,197.0,112.0,8.0,1131.0,184.0,1213.0,0.40625
146351.0,65.0,139.0,9.0,804.0,151.0,1382.0,0.4444444444444444
143799.0,130.0,144.0,8.0,921.0,157.0,1327.0,0.34375
150617.0,50.0,155.0,9.0,972.0,144.0,1207.0,0.41666666666666663
147949.0,126.0,165.0,10.0,907.0,145.0,1374.0,0.5
138771.0,76.0,166.0,9.0,744.0,168.0,1456.0,0.5555555555555556
151250.0,210.0,138.0,8.0,1029.0,140.0,1344.0,0.4375
153034.0,91.0,130.0,12.0,831.0,136.0,1392.0,0.5208333333333333
155039.0,54.0,133.0,6.0,835.0,193.0,1333.0,0.375
151347.0,94.0,150.0,11.0,895.0,132.0,1348.0,0.5454545454545454
155167.0,53.0,138.0,8.0,889.0,176.0,1265.0,0.46875
142361.0,154.0,160.0,10.0,787.0,140.0,1505.0,0.55
143000.0,127.0,139.0,8.0,781.0,197.0,1439.0,0.46875
140808.0,83.0,142.0,7.0,776.0,181.0,1412.0,0.4642857142857143
156344.0,56.0,167.0,10.0,876.0,141.0,1320.0,0.5
143574.0,141.0,165.0,8.0,949.0,143.0,1347.0,0.4375
137258.0,199.0,165.0,8.0,887.0,141.0,1450.0,0.46875
150975.0,173.0,138.0,11.0,860.0,157.0,1463.0,0.5227272727272727
147692.0,269.0,133.0,8.0,1179.0,142.0,1269.0,0.3125
146782.0,184.0,172.0,9.0,909.0,147.0,1415.0,0.5
146997.0,139.0,133.0,10.0,820.0,170.0,1413.0,0.5
153934.0,75.0,140.0,10.0,781.0,170.0,1437.0,0.5
155088.0,118.0,149.0,10.0,850.0,151.0,1378.0,0.525
155514.0,40.0,149.0,9.0,823.0,177.0,1312.0,0.41666666666666663
152225.0,121.0,140.0,8.0,908.0,179.0,1328.0,0.375
144655.0,226.0,143.0,6.0,1065.0,190.0,1276.0,0.29166666666666663
143716.0,263.0,166.0,8.0,1013.0,137.0,1419.0,0.46875
145993.0,198.0,142.0,10.0,888.0,155.0,1458.0,0.55
152655.0,125.0,143.0,9.0,727.0,136.0,1525.0,0.5
149230.0,120.0,131.0,9.0,753.0,193.0,1455.0,0.5
146118.0,216.0,165.0,11.0,910.0,120.0,1489.0,0.5454545454545454
151993.0,58.0,157.0,12.0,706.0,142.0,1486.0,0.5625
144017.0,122.0,158.0,10.0,730.0,139.0,1534.0,0.5
140864.0,145.0,160.0,8.0,832.0,144.0,1462.0,0.40625
154574.0,97.0,156.0,10.0,971.0,146.0,1266.0,0.475
152474.0,169.0,135.0,11.0,810.0,176.0,1486.0,0.5909090909090908
142554.0,213.0,143.0,10.0,884.0,144.0,1478.0,0.525
154943.0,94.0,134.0,8.0,873.0,169.0,1350.0,0.4375
139917.0,64.0,157.0,7.0,869.0,155.0,1350.0,0.4642857142857143
157891.0,110.0,118.0,9.0,948.0,160.0,1306.0,0.33333333333333337
#
143576.0,132.0,137.0,6.0,998.0,168.0,1280.0,0.25
136416.0,65.0,123.0,7.0,953.0,176.0,1222.0,0.3928571428571429
144489.0,154.0,160.0,11.0,820.0,134.0,1478.0,0.5681818181818181
149951.0,81.0,156.0,11.0,851.0,162.0,1348.0,0.5227272727272727
142280.0,98.0,147.0,11.0,743.0,177.0,1459.0,0.5681818181818181
147637.0,209.0,166.0,10.0,942.0,126.0,1431.0,0.5
146734.0,96.0,169.0,9.0,980.0,151.0,1252.0,0.5277777777777778
153417.0,115.0,122.0,8.0,1113.0,150.0,1146.0,0.40625
152905.0,197.0,112.0,8.0,1131.0,184.0,1213.0,0.40625
153034.0,91.0,130.0,12.0,831.0,136.0,1392.0,0.5208333333333333
146351.0,65.0,139.0,9.0,804.0,151.0,1382.0,0.4444444444444444
143799.0,130.0,144.0,8.0,921.0,157.0,1327.0,0.34375
150617.0,50.0,155.0,9.0,972.0,144.0,1207.0,0.41666666666666663
146988.0,177.0,147.0,8.0,875.0,131.0,1452.0,0.4375
138771.0,76.0,166.0,9.0,744.0,168.0,1456.0,0.5555555555555556
151250.0,210.0,138.0,8.0,1029.0,140.0,1344.0,0.4375
149401.0,142.0,130.0,9.0,788.0,201.0,1449.0,0.4722222222222222
151347.0,94.0,150.0,11.0,895.0,132.0,1348.0,0.5454545454545454
155167.0,53.0,138.0,8.0,889.0,176.0,1265.0,0.46875
142361.0,154.0,160.0,10.0,787.0,140.0,1505.0,0.55
143000.0,127.0,139.0,8.0,781.0,197.0,1439.0,0.46875
140808.0,83.0,142.0,7.0,776.0,181.0,1412.0,0.4642857142857143
154176.0,24.0,150.0,10.0,692.0,179.0,1436.0,0.42500000000000004
143574.0,141.0,165.0,8.0,949.0,143.0,1347.0,0.4375
137258.0,199.0,165.0,8.0,887.0,141.0,1450.0,0.46875
150975.0,173.0,138.0,11.0,860.0,157.0,1463.0,0.5227272727272727
147692.0,269.0,133.0,8.0,1179.0,142.0,1269.0,0.3125
146782.0,184.0,172.0,9.0,909.0,147.0,1415.0,0.5
146997.0,139.0,133.0,10.0,820.0,170.0,1413.0,0.5
145402.0,175.0,136.0,9.0,865.0,166.0,1426.0,0.4722222222222222
153468.0,53.0,161.0,10.0,1019.0,140.0,1178.0,0.42500000000000004
137134.0,211.0,165.0,7.0,912.0,137.0,1451.0,0.4642857142857143
152225.0,121.0,140.0,8.0,908.0,179.0,1328.0,0.375
146692.0,130.0,139.0,9.0,766.0,186.0,1456.0,0.5
148258.0,120.0,165.0,11.0,750.0,195.0,1466.0,0.5454545454545454
144655.0,226.0,143.0,6.0,1065.0,190.0,1276.0,0.29166666666666663
142970.0,53.0,141.0,11.0,811.0,169.0,1336.0,0.5454545454545454
145993.0,198.0,142.0,10.0,888.0,155.0,1458.0,0.55
143716.0,263.0,166.0,8.0,1013.0,137.0,1419.0,0.46875
140454.0,98.0,148.0,7.0,916.0,157.0,1324.0,0.3928571428571429
149230.0,120.0,131.0,9.0,753.0,193.0,1455.0,0.5
146118.0,216.0,165.0,11.0,910.0,120.0,1489.0,0.5454545454545454
152474.0,169.0,135.0,11.0,810.0,176.0,1486.0,0.5909090909090908
144017.0,122.0,158.0,10.0,730.0,139.0,1534.0,0.5
151921.0,99.0,154.0,11.0,717.0,177.0,1484.0,0.5681818181818181
140864.0,145.0,160.0,8.0,832.0,144.0,1462.0,0.40625
149413.0,65.0,153.0,12.0,755.0,145.0,1434.0,0.5416666666666667
154084.0,60.0,119.0,6.0,951.0,156.0,1256.0,0.25
139917.0,64.0,157.0,7.0,869.0,155.0,1350.0,0.4642857142857143
#
142361.0,154.0,160.0,10.0,787.0,140.0,1505.0,0.55
136416.0,65.0,123.0,7.0,953.0,176.0,1222.0,0.3928571428571429
142280.0,98.0,147.0,11.0,743.0,177.0,1459.0,0.5681818181818181
143574.0,141.0,165.0,8.0,949.0,143.0,1347.0,0.4375
147692.0,269.0,133.0,8.0,1179.0,142.0,1269.0,0.3125
147637.0,209.0,166.0,10.0,942.0,126.0,1431.0,0.5
146734.0,96.0,169.0,9.0,980.0,151.0,1252.0,0.5277777777777778
153417.0,115.0,122.0,8.0,1113.0,150.0,1146.0,0.40625
152905.0,197.0,112.0,8.0,1131.0,184.0,1213.0,0.40625
152967.0,105.0,143.0,9.0,776.0,145.0,1460.0,0.5277777777777778
146351.0,65.0,139.0,9.0,804.0,151.0,1382.0,0.4444444444444444
143799.0,130.0,144.0,8.0,921.0,157.0,1327.0,0.34375
150617.0,50.0,155.0,9.0,972.0,144.0,1207.0,0.41666666666666663
146988.0,177.0,147.0,8.0,875.0,131.0,1452.0,0.4375
138771.0,76.0,166.0,9.0,744.0,168.0,1456.0,0.5555555555555556
151250.0,210.0,138.0,8.0,1029.0,140.0,1344.0,0.4375
143576.0,132.0,137.0,6.0,998.0,168.0,1280.0,0.25
144048.0,158.0,166.0,11.0,807.0,165.0,1495.0,0.5454545454545454
146997.0,139.0,133.0,10.0,820.0,170.0,1413.0,0.5
132365.0,86.0,153.0,8.0,808.0,182.0,1390.0,0.4375
143000.0,127.0,139.0,8.0,781.0,197.0,1439.0,0.46875
140808.0,83.0,142.0,7.0,776.0,181.0,1412.0,0.4642857142857143
149642.0,211.0,163.0,11.0,895.0,123.0,1481.0,0.5454545454545454
142679.0,154.0,160.0,10.0,820.0,135.0,1477.0,0.55
137258.0,199.0,165.0,8.0,887.0,141.0,1450.0,0.46875
138113.0,154.0,160.0,9.0,837.0,136.0,1459.0,0.5
146782.0,184.0,172.0,9.0,909.0,147.0,1415.0,0.5
145402.0,175.0,136.0,9.0,865.0,166.0,1426.0,0.4722222222222222
137134.0,211.0,165.0,7.0,912.0,137.0,1451.0,0.4642857142857143
152225.0,121.0,140.0,8.0,908.0,179.0,1328.0,0.375
146692.0,130.0,139.0,9.0,766.0,186.0,1456.0,0.5
148258.0,120.0,165.0,11.0,750.0,195.0,1466.0,0.5454545454545454
144655.0,226.0,143.0,6.0,1065.0,190.0,1276.0,0.29166666666666663
142970.0,53.0,141.0,11.0,811.0,169.0,1336.0,0.5454545454545454
145993.0,198.0,142.0,10.0,888.0,155.0,1458.0,0.55
144037.0,146.0,165.0,10.0,808.0,163.0,1477.0,0.525
153034.0,91.0,130.0,12.0,831.0,136.0,1392.0,0.5208333333333333
140454.0,98.0,148.0,7.0,916.0,157.0,1324.0,0.3928571428571429
144455.0,154.0,160.0,11.0,839.0,129.0,1468.0,0.5227272727272727
146157.0,154.0,166.0,10.0,811.0,124.0,1497.0,0.55
143716.0,263.0,166.0,8.0,1013.0,137.0,1419.0,0.46875
143716.0,263.0,166.0,8.0,1013.0,137.0,1419.0,0.46875
139917.0,64.0,157.0,7.0,869.0,155.0,1350.0,0.4642857142857143
148317.0,107.0,132.0,9.0,753.0,180.0,1457.0,0.5277777777777778
146118.0,216.0,165.0,11.0,910.0,120.0,1489.0,0.5454545454545454
152474.0,169.0,135.0,11.0,810.0,176.0,1486.0,0.5909090909090908
144017.0,122.0,158.0,10.0,730.0,139.0,1534.0,0.5
151921.0,99.0,154.0,11.0,717.0,177.0,1484.0,0.5681818181818181
142428.0,199.0,165.0,10.0,872.0,133.0,1473.0,0.55
140864.0,145.0,160.0,8.0,832.0,144.0,1462.0,0.40625
152283.0,156.0,160.0,10.0,827.0,131.0,1486.0,0.5
149601.0,154.0,160.0,13.0,813.0,125.0,1494.0,0.5769230769230769
151609.0,164.0,148.0,10.0,873.0,144.0,1430.0,0.5
#
142280.0,98.0,147.0,11.0,743.0,177.0,1459.0,0.5681818181818181
136416.0,65.0,123.0,7.0,953.0,176.0,1222.0,0.3928571428571429
142361.0,154.0,160.0,10.0,787.0,140.0,1505.0,0.55
147692.0,269.0,133.0,8.0,1179.0,142.0,1269.0,0.3125
143576.0,132.0,137.0,6.0,998.0,168.0,1280.0,0.25
146351.0,65.0,139.0,9.0,804.0,151.0,1382.0,0.4444444444444444
144655.0,226.0,143.0,6.0,1065.0,190.0,1276.0,0.29166666666666663
151483.0,42.0,135.0,11.0,797.0,151.0,1363.0,0.5227272727272727
143712.0,154.0,160.0,12.0,779.0,129.0,1524.0,0.5833333333333333
138113.0,154.0,160.0,9.0,837.0,136.0,1459.0,0.5
139917.0,64.0,157.0,7.0,869.0,155.0,1350.0,0.4642857142857143
146988.0,177.0,147.0,8.0,875.0,131.0,1452.0,0.4375
138771.0,76.0,166.0,9.0,744.0,168.0,1456.0,0.5555555555555556
146734.0,96.0,169.0,9.0,980.0,151.0,1252.0,0.5277777777777778
144048.0,158.0,166.0,11.0,807.0,165.0,1495.0,0.5454545454545454
146997.0,139.0,133.0,10.0,820.0,170.0,1413.0,0.5
132365.0,86.0,153.0,8.0,808.0,182.0,1390.0,0.4375
143000.0,127.0,139.0,8.0,781.0,197.0,1439.0,0.46875
140808.0,83.0,142.0,7.0,776.0,181.0,1412.0,0.4642857142857143
146293.0,63.0,148.0,12.0,661.0,168.0,1513.0,0.6041666666666667
142679.0,154.0,160.0,10.0,820.0,135.0,1477.0,0.55
137258.0,199.0,165.0,8.0,887.0,141.0,1450.0,0.46875
142188.0,173.0,166.0,6.0,905.0,151.0,1416.0,0.33333333333333337
146782.0,184.0,172.0,9.0,909.0,147.0,1415.0,0.5
145993.0,198.0,142.0,10.0,888.0,155.0,1458.0,0.55
145402.0,175.0,136.0,9.0,865.0,166.0,1426.0,0.4722222222222222
137134.0,211.0,165.0,7.0,912.0,137.0,1451.0,0.4642857142857143
143799.0,130.0,144.0,8.0,921.0,157.0,1327.0,0.34375
142970.0,53.0,141.0,11.0,811.0,169.0,1336.0,0.5454545454545454
144037.0,146.0,165.0,10.0,808.0,163.0,1477.0,0.525
144969.0,190.0,152.0,9.0,907.0,132.0,1455.0,0.5
140454.0,98.0,148.0,7.0,916.0,157.0,1324.0,0.3928571428571429
144455.0,154.0,160.0,11.0,839.0,129.0,1468.0,0.5227272727272727
145007.0,154.0,166.0,12.0,810.0,119.0,1506.0,0.5625
139692.0,154.0,139.0,9.0,808.0,148.0,1482.0,0.5
143716.0,263.0,166.0,8.0,1013.0,137.0,1419.0,0.46875
146808.0,64.0,157.0,9.0,853.0,165.0,1347.0,0.5
148317.0,107.0,132.0,9.0,753.0,180.0,1457.0,0.5277777777777778
146118.0,216.0,165.0,11.0,910.0,120.0,1489.0,0.5454545454545454
145804.0,154.0,150.0,10.0,822.0,130.0,1480.0,0.5
143583.0,243.0,147.0,7.0,1082.0,138.0,1366.0,0.3571428571428571
142428.0,199.0,165.0,10.0,872.0,133.0,1473.0,0.55
148798.0,199.0,165.0,9.0,917.0,129.0,1440.0,0.5277777777777778
143574.0,141.0,165.0,8.0,949.0,143.0,1347.0,0.4375
140864.0,145.0,160.0,8.0,832.0,144.0,1462.0,0.40625
143620.0,215.0,151.0,8.0,865.0,132.0,1517.0,0.5
144456.0,55.0,134.0,9.0,799.0,183.0,1366.0,0.4722222222222222
#
142280.0,98.0,147.0,11.0,743.0,177.0,1459.0,0.5681818181818181
136416.0,65.0,123.0,7.0,953.0,176.0,1222.0,0.3928571428571429
142361.0,154.0,160.0,10.0,787.0,140.0,1505.0,0.55
147692.0,269.0,133.0,8.0,1179.0,142.0,1269.0,0.3125
143576.0,132.0,137.0,6.0,998.0,168.0,1280.0,0.25
146293.0,63.0,148.0,12.0,661.0,168.0,1513.0,0.6041666666666667
144655.0,226.0,143.0,6.0,1065.0,190.0,1276.0,0.29166666666666663
143693.0,199.0,143.0,7.0,858.0,144.0,1488.0,0.4642857142857143
143712.0,154.0,160.0,12.0,779.0,129.0,1524.0,0.5833333333333333
138113.0,154.0,160.0,9.0,837.0,136.0,1459.0,0.5
139917.0,64.0,157.0,7.0,869.0,155.0,1350.0,0.4642857142857143
146808.0,64.0,157.0,9.0,853.0,165.0,1347.0,0.5
138771.0,76.0,166.0,9.0,744.0,168.0,1456.0,0.5555555555555556
146351.0,65.0,139.0,9.0,804.0,151.0,1382.0,0.4444444444444444
132365.0,86.0,153.0,8.0,808.0,182.0,1390.0,0.4375
143000.0,127.0,139.0,8.0,781.0,197.0,1439.0,0.46875
140808.0,83.0,142.0,7.0,776.0,181.0,1412.0,0.4642857142857143
142679.0,154.0,160.0,10.0,820.0,135.0,1477.0,0.55
137258.0,199.0,165.0,8.0,887.0,141.0,1450.0,0.46875
142188.0,173.0,166.0,6.0,905.0,151.0,1416.0,0.33333333333333337
145993.0,198.0,142.0,10.0,888.0,155.0,1458.0,0.55
145402.0,175.0,136.0,9.0,865.0,166.0,1426.0,0.4722222222222222
137134.0,211.0,165.0,7.0,912.0,137.0,1451.0,0.4642857142857143
143799.0,130.0,144.0,8.0,921.0,157.0,1327.0,0.34375
143587.0,287.0,151.0,8.0,918.0,128.0,1549.0,0.5
140454.0,98.0,148.0,7.0,916.0,157.0,1324.0,0.3928571428571429
137274.0,199.0,165.0,7.0,891.0,138.0,1450.0,0.4642857142857143
145007.0,154.0,166.0,12.0,810.0,119.0,1506.0,0.5625
139692.0,154.0,139.0,9.0,808.0,148.0,1482.0,0.5
143716.0,263.0,166.0,8.0,1013.0,137.0,1419.0,0.46875
144489.0,154.0,160.0,11.0,820.0,134.0,1478.0,0.5681818181818181
144969.0,190.0,152.0,9.0,907.0,132.0,1455.0,0.5
143583.0,243.0,147.0,7.0,1082.0,138.0,1366.0,0.3571428571428571
143517.0,73.0,154.0,11.0,717.0,157.0,1466.0,0.5227272727272727
142428.0,199.0,165.0,10.0,872.0,133.0,1473.0,0.55
147312.0,183.0,158.0,12.0,829.0,115.0,1527.0,0.5416666666666667
143574.0,141.0,165.0,8.0,949.0,143.0,1347.0,0.4375
131444.0,114.0,171.0,9.0,820.0,181.0,1420.0,0.5277777777777778
144456.0,55.0,134.0,9.0,799.0,183.0,1366.0,0.4722222222222222
148358.0,190.0,165.0,10.0,880.0,119.0,1485.0,0.5
#
142280.0,98.0,147.0,11.0,743.0,177.0,1459.0,0.5681818181818181
136416.0,65.0,123.0,7.0,953.0,176.0,1222.0,0.3928571428571429
138113.0,154.0,160.0,9.0,837.0,136.0,1459.0,0.5
147692.0,269.0,133.0,8.0,1179.0,142.0,1269.0,0.3125
147646.0,154.0,166.0,12.0,820.0,128.0,1484.0,0.5833333333333333
138771.0,76.0,166.0,9.0,744.0,168.0,1456.0,0.5555555555555556
144655.0,226.0,143.0,6.0,1065.0,190.0,1276.0,0.29166666666666663
143693.0,199.0,143.0,7.0,858.0,144.0,1488.0,0.4642857142857143
143712.0,154.0,160.0,12.0,779.0,129.0,1524.0,0.5833333333333333
139917.0,64.0,157.0,7.0,869.0,155.0,1350.0,0.4642857142857143
143716.0,263.0,166.0,8.0,1013.0,137.0,1419.0,0.46875
146351.0,65.0,139.0,9.0,804.0,151.0,1382.0,0.4444444444444444
143576.0,132.0,137.0,6.0,998.0,168.0,1280.0,0.25
132365.0,86.0,153.0,8.0,808.0,182.0,1390.0,0.4375
142361.0,154.0,160.0,10.0,787.0,140.0,1505.0,0.55
140808.0,83.0,142.0,7.0,776.0,181.0,1412.0,0.4642857142857143
146293.0,63.0,148.0,12.0,661.0,168.0,1513.0,0.6041666666666667
137258.0,199.0,165.0,8.0,887.0,141.0,1450.0,0.46875
145993.0,198.0,142.0,10.0,888.0,155.0,1458.0,0.55
142188.0,173.0,166.0,6.0,905.0,151.0,1416.0,0.33333333333333337
143517.0,73.0,154.0,11.0,717.0,157.0,1466.0,0.5227272727272727
137886.0,55.0,153.0,10.0,681.0,175.0,1464.0,0.575
143799.0,130.0,144.0,8.0,921.0,157.0,1327.0,0.34375
140454.0,98.0,148.0,7.0,916.0,157.0,1324.0,0.3928571428571429
137274.0,199.0,165.0,7.0,891.0,138.0,1450.0,0.4642857142857143
143000.0,127.0,139.0,8.0,781.0,197.0,1439.0,0.46875
139692.0,154.0,139.0,9.0,808.0,148.0,1482.0,0.5
144969.0,190.0,152.0,9.0,907.0,132.0,1455.0,0.5
146081.0,154.0,166.0,11.0,830.0,129.0,1473.0,0.5454545454545454
143583.0,243.0,147.0,7.0,1082.0,138.0,1366.0,0.3571428571428571
142428.0,199.0,165.0,10.0,872.0,133.0,1473.0,0.55
147312.0,183.0,158.0,12.0,829.0,115.0,1527.0,0.5416666666666667
143574.0,141.0,165.0,8.0,949.0,143.0,1347.0,0.4375
143609.0,184.0,160.0,10.0,880.0,136.0,1456.0,0.5
141525.0,154.0,160.0,9.0,820.0,134.0,1478.0,0.5277777777777778
131444.0,114.0,171.0,9.0,820.0,181.0,1420.0,0.5277777777777778
144260.0,199.0,165.0,11.0,870.0,122.0,1485.0,0.5454545454545454
137134.0,211.0,165.0,7.0,912.0,137.0,1451.0,0.4642857142857143
148358.0,190.0,165.0,10.0,880.0,119.0,1485.0,0.5
#
142280.0,98.0,147.0,11.0,743.0,177.0,1459.0,0.5681818181818181
136416.0,65.0,123.0,7.0,953.0,176.0,1222.0,0.3928571428571429
138113.0,154.0,160.0,9.0,837.0,136.0,1459.0,0.5
138113.0,154.0,160.0,9.0,837.0,136.0,1459.0,0.5
138771.0,76.0,166.0,9.0,744.0,168.0,1456.0,0.5555555555555556
139185.0,179.0,143.0,8.0,948.0,156.0,1396.0,0.46875
140096.0,174.0,165.0,9.0,836.0,133.0,1493.0,0.5277777777777778
139917.0,64.0,157.0,7.0,869.0,155.0,1350.0,0.4642857142857143
143517.0,73.0,154.0,11.0,717.0,157.0,1466.0,0.5227272727272727
143693.0,199.0,143.0,7.0,858.0,144.0,1488.0,0.4642857142857143
143576.0,132.0,137.0,6.0,998.0,168.0,1280.0,0.25
132365.0,86.0,153.0,8.0,808.0,182.0,1390.0,0.4375
140808.0,83.0,142.0,7.0,776.0,181.0,1412.0,0.4642857142857143
140554.0,52.0,137.0,9.0,746.0,182.0,1411.0,0.5
142361.0,154.0,160.0,10.0,787.0,140.0,1505.0,0.55
137258.0,199.0,165.0,8.0,887.0,141.0,1450.0,0.46875
142188.0,173.0,166.0,6.0,905.0,151.0,1416.0,0.33333333333333337
138505.0,165.0,160.0,9.0,851.0,139.0,1468.0,0.4722222222222222
137886.0,55.0,153.0,10.0,681.0,175.0,1464.0,0.575
143609.0,184.0,160.0,10.0,880.0,136.0,1456.0,0.5
142428.0,199.0,165.0,10.0,872.0,133.0,1473.0,0.55
140454.0,98.0,148.0,7.0,916.0,157.0,1324.0,0.3928571428571429
137274.0,199.0,165.0,7.0,891.0,138.0,1450.0,0.4642857142857143
143000.0,127.0,139.0,8.0,781.0,197.0,1439.0,0.46875
139692.0,154.0,139.0,9.0,808.0,148.0,1482.0,0.5
143583.0,243.0,147.0,7.0,1082.0,138.0,1366.0,0.3571428571428571
140310.0,154.0,166.0,10.0,826.0,133.0,1473.0,0.525
141525.0,154.0,160.0,9.0,820.0,134.0,1478.0,0.5277777777777778
131444.0,114.0,171.0,9.0,820.0,181.0,1420.0,0.5277777777777778
137134.0,211.0,165.0,7.0,912.0,137.0,1451.0,0.4642857142857143
146966.0,92.0,156.0,10.0,718.0,172.0,1478.0,0.55
#
142280.0,98.0,147.0,11.0,743.0,177.0,1459.0,0.5681818181818181
136416.0,65.0,123.0,7.0,953.0,176.0,1222.0,0.3928571428571429
138113.0,154.0,160.0,9.0,837.0,136.0,1459.0,0.5
138113.0,154.0,160.0,9.0,837.0,136.0,1459.0,0.5
138771.0,76.0,166.0,9.0,744.0,168.0,1456.0,0.5555555555555556
132365.0,86.0,153.0,8.0,808.0,182.0,1390.0,0.4375
140096.0,174.0,165.0,9.0,836.0,133.0,1493.0,0.5277777777777778
137886.0,55.0,153.0,10.0,681.0,175.0,1464.0,0.575
143693.0,199.0,143.0,7.0,858.0,144.0,1488.0,0.4642857142857143
142679.0,154.0,160.0,10.0,820.0,135.0,1477.0,0.55
143396.0,58.0,137.0,11.0,648.0,169.0,1516.0,0.5681818181818181
129605.0,114.0,170.0,8.0,796.0,181.0,1445.0,0.5
137258.0,199.0,165.0,8.0,887.0,141.0,1450.0,0.46875
142188.0,173.0,166.0,6.0,905.0,151.0,1416.0,0.33333333333333337
139917.0,64.0,157.0,7.0,869.0,155.0,1350.0,0.4642857142857143
138505.0,165.0,160.0,9.0,851.0,139.0,1468.0,0.4722222222222222
143609.0,184.0,160.0,10.0,880.0,136.0,1456.0,0.5
137274.0,199.0,165.0,7.0,891.0,138.0,1450.0,0.4642857142857143
139185.0,179.0,143.0,8.0,948.0,156.0,1396.0,0.46875
143000.0,127.0,139.0,8.0,781.0,197.0,1439.0,0.46875
142361.0,154.0,160.0,10.0,787.0,140.0,1505.0,0.55
140310.0,154.0,166.0,10.0,826.0,133.0,1473.0,0.525
140554.0,52.0,137.0,9.0,746.0,182.0,1411.0,0.5
143098.0,55.0,134.0,11.0,638.0,176.0,1515.0,0.5681818181818181
131444.0,114.0,171.0,9.0,820.0,181.0,1420.0,0.5277777777777778
137134.0,211.0,165.0,7.0,912.0,137.0,1451.0,0.4642857142857143
144127.0,154.0,166.0,9.0,813.0,129.0,1490.0,0.4722222222222222
#
138113.0,154.0,160.0,9.0,837.0,136.0,1459.0,0.5
136416.0,65.0,123.0,7.0,953.0,176.0,1222.0,0.3928571428571429
136416.0,65.0,123.0,7.0,953.0,176.0,1222.0,0.3928571428571429
132365.0,86.0,153.0,8.0,808.0,182.0,1390.0,0.4375
131444.0,114.0,171.0,9.0,820.0,181.0,1420.0,0.5277777777777778
137274.0,199.0,165.0,7.0,891.0,138.0,1450.0,0.4642857142857143
129605.0,114.0,170.0,8.0,796.0,181.0,1445.0,0.5
137258.0,199.0,165.0,8.0,887.0,141.0,1450.0,0.46875
137886.0,55.0,153.0,10.0,681.0,175.0,1464.0,0.575
137134.0,211.0,165.0,7.0,912.0,137.0,1451.0,0.4642857142857143
#
137274.0,199.0,165.0,7.0,891.0,138.0,1450.0,0.4642857142857143
136416.0,65.0,123.0,7.0,953.0,176.0,1222.0,0.3928571428571429
138113.0,154.0,160.0,9.0,837.0,136.0,1459.0,0.5
132365.0,86.0,153.0,8.0,808.0,182.0,1390.0,0.4375
131444.0,114.0,171.0,9.0,820.0,181.0,1420.0,0.5277777777777778
129605.0,114.0,170.0,8.0,796.0,181.0,1445.0,0.5
137258.0,199.0,165.0,8.0,887.0,141.0,1450.0,0.46875
137886.0,55.0,153.0,10.0,681.0,175.0,1464.0,0.575
138070.0,154.0,148.0,9.0,848.0,168.0,1443.0,0.4722222222222222
137286.0,199.0,165.0,8.0,877.0,136.0,1465.0,0.5
137134.0,211.0,165.0,7.0,912.0,137.0,1451.0,0.4642857142857143
#
137274.0,199.0,165.0,7.0,891.0,138.0,1450.0,0.4642857142857143
136416.0,65.0,123.0,7.0,953.0,176.0,1222.0,0.3928571428571429
138113.0,154.0,160.0,9.0,837.0,136.0,1459.0,0.5
132365.0,86.0,153.0,8.0,808.0,182.0,1390.0,0.4375
131444.0,114.0,171.0,9.0,820.0,181.0,1420.0,0.5277777777777778
127723.0,114.0,170.0,7.0,796.0,187.0,1439.0,0.4642857142857143
137134.0,211.0,165.0,7.0,912.0,137.0,1451.0,0.4642857142857143
129605.0,114.0,170.0,8.0,796.0,181.0,1445.0,0.5
137258.0,199.0,165.0,8.0,887.0,141.0,1450.0,0.46875
137886.0,55.0,153.0,10.0,681.0,175.0,1464.0,0.575
137286.0,199.0,165.0,8.0,877.0,136.0,1465.0,0.5
#
137274.0,199.0,165.0,7.0,891.0,138.0,1450.0,0.4642857142857143
136416.0,65.0,123.0,7.0,953.0,176.0,1222.0,0.3928571428571429
132365.0,86.0,153.0,8.0,808.0,182.0,1390.0,0.4375
136171.0,55.0,111.0,8.0,678.0,200.0,1455.0,0.46875
138113.0,154.0,160.0,9.0,837.0,136.0,1459.0,0.5
131444.0,114.0,171.0,9.0,820.0,181.0,1420.0,0.5277777777777778
127723.0,114.0,170.0,7.0,796.0,187.0,1439.0,0.4642857142857143
129605.0,114.0,170.0,8.0,796.0,181.0,1445.0,0.5
137134.0,211.0,165.0,7.0,912.0,137.0,1451.0,0.4642857142857143
#
137274.0,199.0,165.0,7.0,891.0,138.0,1450.0,0.4642857142857143
136416.0,65.0,123.0,7.0,953.0,176.0,1222.0,0.3928571428571429
132365.0,86.0,153.0,8.0,808.0,182.0,1390.0,0.4375
127723.0,114.0,170.0,7.0,796.0,187.0,1439.0,0.4642857142857143
136467.0,55.0,138.0,8.0,653.0,188.0,1494.0,0.5
131444.0,114.0,171.0,9.0,820.0,181.0,1420.0,0.5277777777777778
129605.0,114.0,170.0,8.0,796.0,181.0,1445.0,0.5
132230.0,114.0,165.0,9.0,789.0,173.0,1459.0,0.5277777777777778
136363.0,114.0,149.0,9.0,789.0,174.0,1458.0,0.5277777777777778
#
127723.0,114.0,170.0,7.0,796.0,187.0,1439.0,0.4642857142857143
136416.0,65.0,123.0,7.0,953.0,176.0,1222.0,0.3928571428571429
132365.0,86.0,153.0,8.0,808.0,182.0,1390.0,0.4375
132365.0,86.0,153.0,8.0,808.0,182.0,1390.0,0.4375
131444.0,114.0,171.0,9.0,820.0,181.0,1420.0,0.5277777777777778
129605.0,114.0,170.0,8.0,796.0,181.0,1445.0,0.5
132230.0,114.0,165.0,9.0,789.0,173.0,1459.0,0.5277777777777778
137274.0,199.0,165.0,7.0,891.0,138.0,1450.0,0.4642857142857143
#
127723.0,114.0,170.0,7.0,796.0,187.0,1439.0,0.4642857142857143
125033.0,66.0,164.0,7.0,727.0,202.0,1429.0,0.4642857142857143
132365.0,86.0,153.0,8.0,808.0,182.0,1390.0,0.4375
132365.0,86.0,153.0,8.0,808.0,182.0,1390.0,0.4375
130485.0,114.0,170.0,8.0,796.0,181.0,1445.0,0.5
131444.0,114.0,171.0,9.0,820.0,181.0,1420.0,0.5277777777777778
132230.0,114.0,165.0,9.0,789.0,173.0,1459.0,0.5277777777777778
129548.0,111.0,152.0,6.0,773.0,174.0,1474.0,0.45833333333333337
#
127723.0,114.0,170.0,7.0,796.0,187.0,1439.0,0.4642857142857143
125033.0,66.0,164.0,7.0,727.0,202.0,1429.0,0.4642857142857143
130485.0,114.0,170.0,8.0,796.0,181.0,1445.0,0.5
132365.0,86.0,153.0,8.0,808.0,182.0,1390.0,0.4375
131444.0,114.0,171.0,9.0,820.0,181.0,1420.0,0.5277777777777778
132230.0,114.0,165.0,9.0,789.0,173.0,1459.0,0.5277777777777778
127627.0,114.0,170.0,7.0,804.0,182.0,1438.0,0.4642857142857143
127627.0,114.0,170.0,7.0,804.0,182.0,1438.0,0.4642857142857143
129548.0,111.0,152.0,6.0,773.0,174.0,1474.0,0.45833333333333337
130389.0,114.0,170.0,8.0,804.0,176.0,1444.0,0.5
#
127723.0,114.0,170.0,7.0,796.0,187.0,1439.0,0.4642857142857143
125033.0,66.0,164.0,7.0,727.0,202.0,1429.0,0.4642857142857143
130485.0,114.0,170.0,8.0,796.0,181.0,1445.0,0.5
132365.0,86.0,153.0,8.0,808.0,182.0,1390.0,0.4375
132365.0,86.0,153.0,8.0,808.0,182.0,1390.0,0.4375
127627.0,114.0,170.0,7.0,804.0,182.0,1438.0,0.4642857142857143
131444.0,114.0,171.0,9.0,820.0,181.0,1420.0,0.5277777777777778
131444.0,114.0,171.0,9.0,820.0,181.0,1420.0,0.5277777777777778
127033.0,111.0,131.0,6.0,777.0,194.0,1452.0,0.41666666666666663
129548.0,111.0,152.0,6.0,773.0,174.0,1474.0,0.45833333333333337
126504.0,111.0,109.0,6.0,789.0,188.0,1454.0,0.45833333333333337
130389.0,114.0,170.0,8.0,804.0,176.0,1444.0,0.5
130226.0,66.0,164.0,8.0,727.0,200.0,1431.0,0.5
#
127723.0,114.0,170.0,7.0,796.0,187.0,1439.0,0.4642857142857143
125033.0,66.0,164.0,7.0,727.0,202.0,1429.0,0.4642857142857143
127627.0,114.0,170.0,7.0,804.0,182.0,1438.0,0.4642857142857143
127627.0,114.0,170.0,7.0,804.0,182.0,1438.0,0.4642857142857143
127033.0,111.0,131.0,6.0,777.0,194.0,1452.0,0.41666666666666663
126504.0,111.0,109.0,6.0,789.0,188.0,1454.0,0.45833333333333337
#
127723.0,114.0,170.0,7.0,796.0,187.0,1439.0,0.4642857142857143
125033.0,66.0,164.0,7.0,727.0,202.0,1429.0,0.4642857142857143
127627.0,114.0,170.0,7.0,804.0,182.0,1438.0,0.4642857142857143
126504.0,111.0,109.0,6.0,789.0,188.0,1454.0,0.45833333333333337
123504.0,111.0,107.0,5.0,797.0,187.0,1447.0,0.4
127033.0,111.0,131.0,6.0,777.0,194.0,1452.0,0.41666666666666663
#
124937.0,66.0,164.0,7.0,735.0,197.0,1428.0,0.4642857142857143
125033.0,66.0,164.0,7.0,727.0,202.0,1429.0,0.4642857142857143
127627.0,114.0,170.0,7.0,804.0,182.0,1438.0,0.4642857142857143
127627.0,114.0,170.0,7.0,804.0,182.0,1438.0,0.4642857142857143
126504.0,111.0,109.0,6.0,789.0,188.0,1454.0,0.45833333333333337
126504.0,111.0,109.0,6.0,789.0,188.0,1454.0,0.45833333333333337
123504.0,111.0,107.0,5.0,797.0,187.0,1447.0,0.4
127177.0,86.0,102.0,6.0,759.0,203.0,1435.0,0.41666666666666663
127033.0,111.0,131.0,6.0,777.0,194.0,1452.0,0.41666666666666663
#
124937.0,66.0,164.0,7.0,735.0,197.0,1428.0,0.4642857142857143
125033.0,66.0,164.0,7.0,727.0,202.0,1429.0,0.4642857142857143
127627.0,114.0,170.0,7.0,804.0,182.0,1438.0,0.4642857142857143
127627.0,114.0,170.0,7.0,804.0,182.0,1438.0,0.4642857142857143
126504.0,111.0,109.0,6.0,789.0,188.0,1454.0,0.45833333333333337
126504.0,111.0,109.0,6.0,789.0,188.0,1454.0,0.45833333333333337
123504.0,111.0,107.0,5.0,797.0,187.0,1447.0,0.4
127289.0,111.0,152.0,6.0,781.0,175.0,1465.0,0.45833333333333337
127177.0,86.0,102.0,6.0,759.0,203.0,1435.0,0.41666666666666663
127033.0,111.0,131.0,6.0,777.0,194.0,1452.0,0.41666666666666663
#
124937.0,66.0,164.0,7.0,735.0,197.0,1428.0,0.4642857142857143
125033.0,66.0,164.0,7.0,727.0,202.0,1429.0,0.4642857142857143
127627.0,114.0,170.0,7.0,804.0,182.0,1438.0,0.4642857142857143
126504.0,111.0,109.0,6.0,789.0,188.0,1454.0,0.45833333333333337
126504.0,111.0,109.0,6.0,789.0,188.0,1454.0,0.45833333333333337
123504.0,111.0,107.0,5.0,797.0,187.0,1447.0,0.4
127289.0,111.0,152.0,6.0,781.0,175.0,1465.0,0.45833333333333337
127033.0,111.0,131.0,6.0,777.0,194.0,1452.0,0.41666666666666663
#
124937.0,66.0,164.0,7.0,735.0,197.0,1428.0,0.4642857142857143
123504.0,111.0,107.0,5.0,797.0,187.0,1447.0,0.4
126504.0,111.0,109.0,6.0,789.0,188.0,1454.0,0.45833333333333337
127627.0,114.0,170.0,7.0,804.0,182.0,1438.0,0.4642857142857143
127627.0,114.0,170.0,7.0,804.0,182.0,1438.0,0.4642857142857143
125033.0,66.0,164.0,7.0,727.0,202.0,1429.0,0.4642857142857143
125033.0,66.0,164.0,7.0,727.0,202.0,1429.0,0.4642857142857143
127033.0,111.0,131.0,6.0,777.0,194.0,1452.0,0.41666666666666663
#
123504.0,111.0,107.0,5.0,797.0,187.0,1447.0,0.4
124937.0,66.0,164.0,7.0,735.0,197.0,1428.0,0.4642857142857143
124937.0,66.0,164.0,7.0,735.0,197.0,1428.0,0.4642857142857143
124197.0,66.0,125.0,7.0,735.0,188.0,1441.0,0.4642857142857143
125033.0,66.0,164.0,7.0,727.0,202.0,1429.0,0.4642857142857143
124675.0,114.0,136.0,6.0,778.0,187.0,1458.0,0.45833333333333337
#
123504.0,111.0,107.0,5.0,797.0,187.0,1447.0,0.4
124937.0,66.0,164.0,7.0,735.0,197.0,1428.0,0.4642857142857143
124713.0,114.0,170.0,7.0,783.0,177.0,1463.0,0.5
#
123504.0,111.0,107.0,5.0,797.0,187.0,1447.0,0.4
123504.0,111.0,107.0,5.0,797.0,187.0,1447.0,0.4
#
123504.0,111.0,107.0,5.0,797.0,187.0,1447.0,0.4
123504.0,111.0,107.0,5.0,797.0,187.0,1447.0,0.4
#
123504.0,111.0,107.0,5.0,797.0,187.0,1447.0,0.4
123504.0,111.0,107.0,5.0,797.0,187.0,1447.0,0.4
#
123504.0,111.0,107.0,5.0,797.0,187.0,1447.0,0.4
123504.0,111.0,107.0,5.0,797.0,187.0,1447.0,0.4
#
123504.0,111.0,107.0,5.0,797.0,187.0,1447.0,0.4
123504.0,111.0,107.0,5.0,797.0,187.0,1447.0,0.4
#
123504.0,111.0,107.0,5.0,797.0,187.0,1447.0,0.4
123504.0,111.0,107.0,5.0,797.0,187.0,1447.0,0.4
122417.0,111.0,112.0,5.0,773.0,190.0,1447.0,0.4
#
123504.0,111.0,107.0,5.0,797.0,187.0,1447.0,0.4
123504.0,111.0,107.0,5.0,797.0,187.0,1447.0,0.4
122417.0,111.0,112.0,5.0,773.0,190.0,1447.0,0.4
122417.0,111.0,112.0,5.0,773.0,190.0,1447.0,0.4
#
122417.0,111.0,112.0,5.0,773.0,190.0,1447.0,0.4
123504.0,111.0,107.0,5.0,797.0,187.0,1447.0,0.4
123504.0,111.0,107.0,5.0,797.0,187.0,1447.0,0.4
#
122417.0,111.0,112.0,5.0,773.0,190.0,1447.0,0.4
123504.0,111.0,107.0,5.0,797.0,187.0,1447.0,0.4
123504.0,111.0,107.0,5.0,797.0,187.0,1447.0,0.4
#
122417.0,111.0,112.0,5.0,773.0,190.0,1447.0,0.4
122417.0,111.0,112.0,5.0,773.0,190.0,1447.0,0.4
123504.0,111.0,107.0,5.0,797.0,187.0,1447.0,0.4
123504.0,111.0,107.0,5.0,797.0,187.0,1447.0,0.4
#
122417.0,111.0,112.0,5.0,773.0,190.0,1447.0,0.4
122417.0,111.0,112.0,5.0,773.0,190.0,1447.0,0.4
#
122417.0,111.0,112.0,5.0,773.0,190.0,1447.0,0.4
122417.0,111.0,112.0,5.0,773.0,190.0,1447.0,0.4
#
122417.0,111.0,112.0,5.0,773.0,190.0,1447.0,0.4
122417.0,111.0,112.0,5.0,773.0,190.0,1447.0,0.4
#
122417.0,111.0,112.0,5.0,773.0,190.0,1447.0,0.4
122417.0,111.0,112.0,5.0,773.0,190.0,1447.0,0.4
#
122417.0,111.0,112.0,5.0,773.0,190.0,1447.0,0.4
122417.0,111.0,112.0,5.0,773.0,190.0,1447.0,0.4
#
122417.0,111.0,112.0,5.0,773.0,190.0,1447.0,0.4
122417.0,111.0,112.0,5.0,773.0,190.0,1447.0,0.4
#
122417.0,111.0,112.0,5.0,773.0,190.0,1447.0,0.4
122417.0,111.0,112.0,5.0,773.0,190.0,1447.0,0.4
#
122417.0,111.0,112.0,5.0,773.0,190.0,1447.0,0.4
122417.0,111.0,112.0,5.0,773.0,190.0,1447.0,0.4
#
122417.0,111.0,112.0,5.0,773.0,190.0,1447.0,0.4
122417.0,111.0,112.0,5.0,773.0,190.0,1447.0,0.4
#
122417.0,111.0,112.0,5.0,773.0,190.0,1447.0,0.4
122417.0,111.0,112.0,5.0,773.0,190.0,1447.0,0.4
#
122417.0,111.0,112.0,5.0,773.0,190.0,1447.0,0.4
122417.0,111.0,112.0,5.0,773.0,190.0,1447.0,0.4
#
122417.0,111.0,112.0,5.0,773.0,190.0,1447.0,0.4
122417.0,111.0,112.0,5.0,773.0,190.0,1447.0,0.4
#
122417.0,111.0,112.0,5.0,773.0,190.0,1447.0,0.4
122417.0,111.0,112.0,5.0,773.0,190.0,1447.0,0.4
#
122417.0,111.0,112.0,5.0,773.0,190.0,1447.0,0.4
122417.0,111.0,112.0,5.0,773.0,190.0,1447.0,0.4
#
122417.0,111.0,112.0,5.0,773.0,190.0,1447.0,0.4
122417.0,111.0,112.0,5.0,773.0,190.0,1447.0,0.4
#
122417.0,111.0,112.0,5.0,773.0,190.0,1447.0,0.4
122417.0,111.0,112.0,5.0,773.0,190.0,1447.0,0.4
#
122417.0,111.0,112.0,5.0,773.0,190.0,1447.0,0.4
122417.0,111.0,112.0,5.0,773.0,190.0,1447.0,0.4
#
122417.0,111.0,112.0,5.0,773.0,190.0,1447.0,0.4
122417.0,111.0,112.0,5.0,773.0,190.0,1447.0,0.4
#
122417.0,111.0,112.0,5.0,773.0,190.0,1447.0,0.4
122417.0,111.0,112.0,5.0,773.0,190.0,1447.0,0.4
#
122417.0,111.0,112.0,5.0,773.0,190.0,1447.0,0.4
122417.0,111.0,112.0,5.0,773.0,190.0,1447.0,0.4
#
122417.0,111.0,112.0,5.0,773.0,190.0,1447.0,0.4
122417.0,111.0,112.0,5.0,773.0,190.0,1447.0,0.4
#
122417.0,111.0,112.0,5.0,773.0,190.0,1447.0,0.4
122417.0,111.0,112.0,5.0,773.0,190.0,1447.0,0.4
#
122417.0,111.0,112.0,5.0,773.0,190.0,1447.0,0.4
122417.0,111.0,112.0,5.0,773.0,190.0,1447.0,0.4
#
122417.0,111.0,112.0,5.0,773.0,190.0,1447.0,0.4
122417.0,111.0,112.0,5.0,773.0,190.0,1447.0,0.4
#
122417.0,111.0,112.0,5.0,773.0,190.0,1447.0,0.4
122417.0,111.0,112.0,5.0,773.0,190.0,1447.0,0.4
#
122417.0,111.0,112.0,5.0,773.0,190.0,1447.0,0.4
122417.0,111.0,112.0,5.0,773.0,190.0,1447.0,0.4
#
122417.0,111.0,112.0,5.0,773.0,190.0,1447.0,0.4
122417.0,111.0,112.0,5.0,773.0,190.0,1447.0,0.4
#
122417.0,111.0,112.0,5.0,773.0,190.0,1447.0,0.4
122417.0,111.0,112.0,5.0,773.0,190.0,1447.0,0.4
#
122417.0,111.0,112.0,5.0,773.0,190.0,1447.0,0.4
122417.0,111.0,112.0,5.0,773.0,190.0,1447.0,0.4
#
122417.0,111.0,112.0,5.0,773.0,190.0,1447.0,0.4
122417.0,111.0,112.0,5.0,773.0,190.0,1447.0,0.4
#
122417.0,111.0,112.0,5.0,773.0,190.0,1447.0,0.4
122417.0,111.0,112.0,5.0,773.0,190.0,1447.0,0.4
#
122417.0,111.0,112.0,5.0,773.0,190.0,1447.0,0.4
122417.0,111.0,112.0,5.0,773.0,190.0,1447.0,0.4
#
122417.0,111.0,112.0,5.0,773.0,190.0,1447.0,0.4
122417.0,111.0,112.0,5.0,773.0,190.0,1447.0,0.4
#
122417.0,111.0,112.0,5.0,773.0,190.0,1447.0,0.4
122417.0,111.0,112.0,5.0,773.0,190.0,1447.0,0.4
#
122417.0,111.0,112.0,5.0,773.0,190.0,1447.0,0.4
122417.0,111.0,112.0,5.0,773.0,190.0,1447.0,0.4
#
122417.0,111.0,112.0,5.0,773.0,190.0,1447.0,0.4
122417.0,111.0,112.0,5.0,773.0,190.0,1447.0,0.4
#
122417.0,111.0,112.0,5.0,773.0,190.0,1447.0,0.4
122417.0,111.0,112.0,5.0,773.0,190.0,1447.0,0.4
#
122417.0,111.0,112.0,5.0,773.0,190.0,1447.0,0.4
122417.0,111.0,112.0,5.0,773.0,190.0,1447.0,0.4
#
122417.0,111.0,112.0,5.0,773.0,190.0,1447.0,0.4
122417.0,111.0,112.0,5.0,773.0,190.0,1447.0,0.4
#
122417.0,111.0,112.0,5.0,773.0,190.0,1447.0,0.4
122417.0,111.0,112.0,5.0,773.0,190.0,1447.0,0.4
#
122417.0,111.0,112.0,5.0,773.0,190.0,1447.0,0.4
122417.0,111.0,112.0,5.0,773.0,190.0,1447.0,0.4
#
122417.0,111.0,112.0,5.0,773.0,190.0,1447.0,0.4
122417.0,111.0,112.0,5.0,773.0,190.0,1447.0,0.4
#
122417.0,111.0,112.0,5.0,773.0,190.0,1447.0,0.4
122417.0,111.0,112.0,5.0,773.0,190.0,1447.0,0.4
#
122417.0,111.0,112.0,5.0,773.0,190.0,1447.0,0.4
122417.0,111.0,112.0,5.0,773.0,190.0,1447.0,0.4
#
122417.0,111.0,112.0,5.0,773.0,190.0,1447.0,0.4
122417.0,111.0,112.0,5.0,773.0,190.0,1447.0,0.4
#
122417.0,111.0,112.0,5.0,773.0,190.0,1447.0,0.4
122417.0,111.0,112.0,5.0,773.0,190.0,1447.0,0.4
#
122417.0,111.0,112.0,5.0,773.0,190.0,1447.0,0.4
122417.0,111.0,112.0,5.0,773.0,190.0,1447.0,0.4
#
122417.0,111.0,112.0,5.0,773.0,190.0,1447.0,0.4
122417.0,111.0,112.0,5.0,773.0,190.0,1447.0,0.4
#
122417.0,111.0,112.0,5.0,773.0,190.0,1447.0,0.4
122417.0,111.0,112.0,5.0,773.0,190.0,1447.0,0.4
122432.0,115.0,110.0,5.0,772.0,190.0,1447.0,0.4
#
122417.0,111.0,112.0,5.0,773.0,190.0,1447.0,0.4
122417.0,111.0,112.0,5.0,773.0,190.0,1447.0,0.4
122432.0,115.0,110.0,5.0,772.0,190.0,1447.0,0.4
#
122417.0,111.0,112.0,5.0,773.0,190.0,1447.0,0.4
122417.0,111.0,112.0,5.0,773.0,190.0,1447.0,0.4
122432.0,115.0,110.0,5.0,772.0,190.0,1447.0,0.4
122432.0,115.0,110.0,5.0,772.0,190.0,1447.0,0.4
#
122417.0,111.0,112.0,5.0,773.0,190.0,1447.0,0.4
122417.0,111.0,112.0,5.0,773.0,190.0,1447.0,0.4
122432.0,115.0,110.0,5.0,772.0,190.0,1447.0,0.4
122432.0,115.0,110.0,5.0,772.0,190.0,1447.0,0.4
#
122417.0,111.0,112.0,5.0,773.0,190.0,1447.0,0.4
122417.0,111.0,112.0,5.0,773.0,190.0,1447.0,0.4
122432.0,115.0,110.0,5.0,772.0,190.0,1447.0,0.4
122432.0,115.0,110.0,5.0,772.0,190.0,1447.0,0.4
#
122417.0,111.0,112.0,5.0,773.0,190.0,1447.0,0.4
122417.0,111.0,112.0,5.0,773.0,190.0,1447.0,0.4
122432.0,115.0,110.0,5.0,772.0,190.0,1447.0,0.4
122432.0,115.0,110.0,5.0,772.0,190.0,1447.0,0.4
#
122417.0,111.0,112.0,5.0,773.0,190.0,1447.0,0.4
122417.0,111.0,112.0,5.0,773.0,190.0,1447.0,0.4
122432.0,115.0,110.0,5.0,772.0,190.0,1447.0,0.4
122432.0,115.0,110.0,5.0,772.0,190.0,1447.0,0.4
#
122417.0,111.0,112.0,5.0,773.0,190.0,1447.0,0.4
122417.0,111.0,112.0,5.0,773.0,190.0,1447.0,0.4
122432.0,115.0,110.0,5.0,772.0,190.0,1447.0,0.4
122432.0,115.0,110.0,5.0,772.0,190.0,1447.0,0.4
#
122417.0,111.0,112.0,5.0,773.0,190.0,1447.0,0.4
122417.0,111.0,112.0,5.0,773.0,190.0,1447.0,0.4
122432.0,115.0,110.0,5.0,772.0,190.0,1447.0,0.4
122432.0,115.0,110.0,5.0,772.0,190.0,1447.0,0.4
#
122417.0,111.0,112.0,5.0,773.0,190.0,1447.0,0.4
122417.0,111.0,112.0,5.0,773.0,190.0,1447.0,0.4
122432.0,115.0,110.0,5.0,772.0,190.0,1447.0,0.4
122432.0,115.0,110.0,5.0,772.0,190.0,1447.0,0.4
#
122417.0,111.0,112.0,5.0,773.0,190.0,1447.0,0.4
122417.0,111.0,112.0,5.0,773.0,190.0,1447.0,0.4
122432.0,115.0,110.0,5.0,772.0,190.0,1447.0,0.4
122432.0,115.0,110.0,5.0,772.0,190.0,1447.0,0.4
#
122417.0,111.0,112.0,5.0,773.0,190.0,1447.0,0.4
122417.0,111.0,112.0,5.0,773.0,190.0,1447.0,0.4
122432.0,115.0,110.0,5.0,772.0,190.0,1447.0,0.4
122432.0,115.0,110.0,5.0,772.0,190.0,1447.0,0.4
#
122417.0,111.0,112.0,5.0,773.0,190.0,1447.0,0.4
122417.0,111.0,112.0,5.0,773.0,190.0,1447.0,0.4
122432.0,115.0,110.0,5.0,772.0,190.0,1447.0,0.4
122432.0,115.0,110.0,5.0,772.0,190.0,1447.0,0.4
#
122417.0,111.0,112.0,5.0,773.0,190.0,1447.0,0.4
122417.0,111.0,112.0,5.0,773.0,190.0,1447.0,0.4
122432.0,115.0,110.0,5.0,772.0,190.0,1447.0,0.4
122432.0,115.0,110.0,5.0,772.0,190.0,1447.0,0.4
#
122417.0,111.0,112.0,5.0,773.0,190.0,1447.0,0.4
122417.0,111.0,112.0,5.0,773.0,190.0,1447.0,0.4
122432.0,115.0,110.0,5.0,772.0,190.0,1447.0,0.4
122432.0,115.0,110.0,5.0,772.0,190.0,1447.0,0.4
#
122417.0,111.0,112.0,5.0,773.0,190.0,1447.0,0.4
122417.0,111.0,112.0,5.0,773.0,190.0,1447.0,0.4
122432.0,115.0,110.0,5.0,772.0,190.0,1447.0,0.4
122432.0,115.0,110.0,5.0,772.0,190.0,1447.0,0.4
#
120895.0,91.0,106.0,5.0,761.0,190.0,1436.0,0.4
#
120895.0,91.0,106.0,5.0,761.0,190.0,1436.0,0.4
#
120895.0,91.0,106.0,5.0,761.0,190.0,1436.0,0.4
120895.0,91.0,106.0,5.0,761.0,190.0,1436.0,0.4
#
120895.0,91.0,106.0,5.0,761.0,190.0,1436.0,0.4
120895.0,91.0,106.0,5.0,761.0,190.0,1436.0,0.4
#
120895.0,91.0,106.0,5.0,761.0,190.0,1436.0,0.4
120895.0,91.0,106.0,5.0,761.0,190.0,1436.0,0.4
#
120895.0,91.0,106.0,5.0,761.0,190.0,1436.0,0.4
120895.0,91.0,106.0,5.0,761.0,190.0,1436.0,0.4
#
120895.0,91.0,106.0,5.0,761.0,190.0,1436.0,0.4
120895.0,91.0,106.0,5.0,761.0,190.0,1436.0,0.4
#
120895.0,91.0,106.0,5.0,761.0,190.0,1436.0,0.4
120895.0,91.0,106.0,5.0,761.0,190.0,1436.0,0.4
#
120895.0,91.0,106.0,5.0,761.0,190.0,1436.0,0.4
120895.0,91.0,106.0,5.0,761.0,190.0,1436.0,0.4
#
120895.0,91.0,106.0,5.0,761.0,190.0,1436.0,0.4
120895.0,91.0,106.0,5.0,761.0,190.0,1436.0,0.4
#
120895.0,91.0,106.0,5.0,761.0,190.0,1436.0,0.4
120895.0,91.0,106.0,5.0,761.0,190.0,1436.0,0.4
#
120895.0,91.0,106.0,5.0,761.0,190.0,1436.0,0.4
120895.0,91.0,106.0,5.0,761.0,190.0,1436.0,0.4
#
120895.0,91.0,106.0,5.0,761.0,190.0,1436.0,0.4
120895.0,91.0,106.0,5.0,761.0,190.0,1436.0,0.4
#
120895.0,91.0,106.0,5.0,761.0,190.0,1436.0,0.4
120895.0,91.0,106.0,5.0,761.0,190.0,1436.0,0.4
#
120895.0,91.0,106.0,5.0,761.0,190.0,1436.0,0.4
120895.0,91.0,106.0,5.0,761.0,190.0,1436.0,0.4
#
120895.0,91.0,106.0,5.0,761.0,190.0,1436.0,0.4
120895.0,91.0,106.0,5.0,761.0,190.0,1436.0,0.4
#
120895.0,91.0,106.0,5.0,761.0,190.0,1436.0,0.4
120895.0,91.0,106.0,5.0,761.0,190.0,1436.0,0.4
#
120895.0,91.0,106.0,5.0,761.0,190.0,1436.0,0.4
120895.0,91.0,106.0,5.0,761.0,190.0,1436.0,0.4
#
120895.0,91.0,106.0,5.0,761.0,190.0,1436.0,0.4
120895.0,91.0,106.0,5.0,761.0,190.0,1436.0,0.4
#
120895.0,91.0,106.0,5.0,761.0,190.0,1436.0,0.4
120895.0,91.0,106.0,5.0,761.0,190.0,1436.0,0.4
#
120895.0,91.0,106.0,5.0,761.0,190.0,1436.0,0.4
120895.0,91.0,106.0,5.0,761.0,190.0,1436.0,0.4
#
120895.0,91.0,106.0,5.0,761.0,190.0,1436.0,0.4
120895.0,91.0,106.0,5.0,761.0,190.0,1436.0,0.4
#
120895.0,91.0,106.0,5.0,761.0,190.0,1436.0,0.4
120895.0,91.0,106.0,5.0,761.0,190.0,1436.0,0.4
#
120895.0,91.0,106.0,5.0,761.0,190.0,1436.0,0.4
120895.0,91.0,106.0,5.0,761.0,190.0,1436.0,0.4
#
120895.0,91.0,106.0,5.0,761.0,190.0,1436.0,0.4
120895.0,91.0,106.0,5.0,761.0,190.0,1436.0,0.4
#
120895.0,91.0,106.0,5.0,761.0,190.0,1436.0,0.4
120895.0,91.0,106.0,5.0,761.0,190.0,1436.0,0.4
#
120895.0,91.0,106.0,5.0,761.0,190.0,1436.0,0.4
120895.0,91.0,106.0,5.0,761.0,190.0,1436.0,0.4
#
120895.0,91.0,106.0,5.0,761.0,190.0,1436.0,0.4
120895.0,91.0,106.0,5.0,761.0,190.0,1436.0,0.4
#
120895.0,91.0,106.0,5.0,761.0,190.0,1436.0,0.4
120895.0,91.0,106.0,5.0,761.0,190.0,1436.0,0.4
#
120895.0,91.0,106.0,5.0,761.0,190.0,1436.0,0.4
120895.0,91.0,106.0,5.0,761.0,190.0,1436.0,0.4
#
120895.0,91.0,106.0,5.0,761.0,190.0,1436.0,0.4
120895.0,91.0,106.0,5.0,761.0,190.0,1436.0,0.4
#
120895.0,91.0,106.0,5.0,761.0,190.0,1436.0,0.4
120895.0,91.0,106.0,5.0,761.0,190.0,1436.0,0.4
#
120895.0,91.0,106.0,5.0,761.0,190.0,1436.0,0.4
120895.0,91.0,106.0,5.0,761.0,190.0,1436.0,0.4
#
120895.0,91.0,106.0,5.0,761.0,190.0,1436.0,0.4
120895.0,91.0,106.0,5.0,761.0,190.0,1436.0,0.4
#
120895.0,91.0,106.0,5.0,761.0,190.0,1436.0,0.4
120895.0,91.0,106.0,5.0,761.0,190.0,1436.0,0.4
#
120895.0,91.0,106.0,5.0,761.0,190.0,1436.0,0.4
120895.0,91.0,106.0,5.0,761.0,190.0,1436.0,0.4
#
120895.0,91.0,106.0,5.0,761.0,190.0,1436.0,0.4
120895.0,91.0,106.0,5.0,761.0,190.0,1436.0,0.4
#
120895.0,91.0,106.0,5.0,761.0,190.0,1436.0,0.4
120895.0,91.0,106.0,5.0,761.0,190.0,1436.0,0.4
#
120895.0,91.0,106.0,5.0,761.0,190.0,1436.0,0.4
120895.0,91.0,106.0,5.0,761.0,190.0,1436.0,0.4
#
120895.0,91.0,106.0,5.0,761.0,190.0,1436.0,0.4
120895.0,91.0,106.0,5.0,761.0,190.0,1436.0,0.4
#
120895.0,91.0,106.0,5.0,761.0,190.0,1436.0,0.4
120895.0,91.0,106.0,5.0,761.0,190.0,1436.0,0.4
#
120895.0,91.0,106.0,5.0,761.0,190.0,1436.0,0.4
120895.0,91.0,106.0,5.0,761.0,190.0,1436.0,0.4
#
120895.0,91.0,106.0,5.0,761.0,190.0,1436.0,0.4
120895.0,91.0,106.0,5.0,761.0,190.0,1436.0,0.4
#
120895.0,91.0,106.0,5.0,761.0,190.0,1436.0,0.4
120895.0,91.0,106.0,5.0,761.0,190.0,1436.0,0.4
#
120895.0,91.0,106.0,5.0,761.0,190.0,1436.0,0.4
120895.0,91.0,106.0,5.0,761.0,190.0,1436.0,0.4
#
120895.0,91.0,106.0,5.0,761.0,190.0,1436.0,0.4
120895.0,91.0,106.0,5.0,761.0,190.0,1436.0,0.4
#
120895.0,91.0,106.0,5.0,761.0,190.0,1436.0,0.4
120895.0,91.0,106.0,5.0,761.0,190.0,1436.0,0.4
#
120895.0,91.0,106.0,5.0,761.0,190.0,1436.0,0.4
120895.0,91.0,106.0,5.0,761.0,190.0,1436.0,0.4
121184.0,59.0,103.0,5.0,711.0,206.0,1428.0,0.4
#
120895.0,91.0,106.0,5.0,761.0,190.0,1436.0,0.4
120895.0,91.0,106.0,5.0,761.0,190.0,1436.0,0.4
121184.0,59.0,103.0,5.0,711.0,206.0,1428.0,0.4
#
120895.0,91.0,106.0,5.0,761.0,190.0,1436.0,0.4
120895.0,91.0,106.0,5.0,761.0,190.0,1436.0,0.4
121184.0,59.0,103.0,5.0,711.0,206.0,1428.0,0.4
121184.0,59.0,103.0,5.0,711.0,206.0,1428.0,0.4
#
120895.0,91.0,106.0,5.0,761.0,190.0,1436.0,0.4
120895.0,91.0,106.0,5.0,761.0,190.0,1436.0,0.4
121184.0,59.0,103.0,5.0,711.0,206.0,1428.0,0.4
121184.0,59.0,103.0,5.0,711.0,206.0,1428.0,0.4
#
120895.0,91.0,106.0,5.0,761.0,190.0,1436.0,0.4
120895.0,91.0,106.0,5.0,761.0,190.0,1436.0,0.4
121184.0,59.0,103.0,5.0,711.0,206.0,1428.0,0.4
121184.0,59.0,103.0,5.0,711.0,206.0,1428.0,0.4
#
120895.0,91.0,106.0,5.0,761.0,190.0,1436.0,0.4
120895.0,91.0,106.0,5.0,761.0,190.0,1436.0,0.4
121184.0,59.0,103.0,5.0,711.0,206.0,1428.0,0.4
121184.0,59.0,103.0,5.0,711.0,206.0,1428.0,0.4
#
120895.0,91.0,106.0,5.0,761.0,190.0,1436.0,0.4
120895.0,91.0,106.0,5.0,761.0,190.0,1436.0,0.4
121184.0,59.0,103.0,5.0,711.0,206.0,1428.0,0.4
121184.0,59.0,103.0,5.0,711.0,206.0,1428.0,0.4
#
120895.0,91.0,106.0,5.0,761.0,190.0,1436.0,0.4
120895.0,91.0,106.0,5.0,761.0,190.0,1436.0,0.4
121184.0,59.0,103.0,5.0,711.0,206.0,1428.0,0.4
121184.0,59.0,103.0,5.0,711.0,206.0,1428.0,0.4
#
120895.0,91.0,106.0,5.0,761.0,190.0,1436.0,0.4
120895.0,91.0,106.0,5.0,761.0,190.0,1436.0,0.4
121184.0,59.0,103.0,5.0,711.0,206.0,1428.0,0.4
121184.0,59.0,103.0,5.0,711.0,206.0,1428.0,0.4
#
120895.0,91.0,106.0,5.0,761.0,190.0,1436.0,0.4
120895.0,91.0,106.0,5.0,761.0,190.0,1436.0,0.4
121184.0,59.0,103.0,5.0,711.0,206.0,1428.0,0.4
121184.0,59.0,103.0,5.0,711.0,206.0,1428.0,0.4
#
120895.0,91.0,106.0,5.0,761.0,190.0,1436.0,0.4
120895.0,91.0,106.0,5.0,761.0,190.0,1436.0,0.4
121184.0,59.0,103.0,5.0,711.0,206.0,1428.0,0.4
121184.0,59.0,103.0,5.0,711.0,206.0,1428.0,0.4
#
120895.0,91.0,106.0,5.0,761.0,190.0,1436.0,0.4
120895.0,91.0,106.0,5.0,761.0,190.0,1436.0,0.4
121184.0,59.0,103.0,5.0,711.0,206.0,1428.0,0.4
121184.0,59.0,103.0,5.0,711.0,206.0,1428.0,0.4
#
120895.0,91.0,106.0,5.0,761.0,190.0,1436.0,0.4
120895.0,91.0,106.0,5.0,761.0,190.0,1436.0,0.4
121184.0,59.0,103.0,5.0,711.0,206.0,1428.0,0.4
121184.0,59.0,103.0,5.0,711.0,206.0,1428.0,0.4
#
120895.0,91.0,106.0,5.0,761.0,190.0,1436.0,0.4
120895.0,91.0,106.0,5.0,761.0,190.0,1436.0,0.4
121184.0,59.0,103.0,5.0,711.0,206.0,1428.0,0.4
121184.0,59.0,103.0,5.0,711.0,206.0,1428.0,0.4
#
120895.0,91.0,106.0,5.0,761.0,190.0,1436.0,0.4
120895.0,91.0,106.0,5.0,761.0,190.0,1436.0,0.4
121184.0,59.0,103.0,5.0,711.0,206.0,1428.0,0.4
121184.0,59.0,103.0,5.0,711.0,206.0,1428.0,0.4
#
120895.0,91.0,106.0,5.0,761.0,190.0,1436.0,0.4
120895.0,91.0,106.0,5.0,761.0,190.0,1436.0,0.4
121184.0,59.0,103.0,5.0,711.0,206.0,1428.0,0.4
121184.0,59.0,103.0,5.0,711.0,206.0,1428.0,0.4
#
120895.0,91.0,106.0,5.0,761.0,190.0,1436.0,0.4
120895.0,91.0,106.0,5.0,761.0,190.0,1436.0,0.4
121184.0,59.0,103.0,5.0,711.0,206.0,1428.0,0.4
121184.0,59.0,103.0,5.0,711.0,206.0,1428.0,0.4
#
120895.0,91.0,106.0,5.0,761.0,190.0,1436.0,0.4
120895.0,91.0,106.0,5.0,761.0,190.0,1436.0,0.4
121184.0,59.0,103.0,5.0,711.0,206.0,1428.0,0.4
121184.0,59.0,103.0,5.0,711.0,206.0,1428.0,0.4
#
120895.0,91.0,106.0,5.0,761.0,190.0,1436.0,0.4
120895.0,91.0,106.0,5.0,761.0,190.0,1436.0,0.4
121184.0,59.0,103.0,5.0,711.0,206.0,1428.0,0.4
121184.0,59.0,103.0,5.0,711.0,206.0,1428.0,0.4
#
120895.0,91.0,106.0,5.0,761.0,190.0,1436.0,0.4
120895.0,91.0,106.0,5.0,761.0,190.0,1436.0,0.4
121184.0,59.0,103.0,5.0,711.0,206.0,1428.0,0.4
121184.0,59.0,103.0,5.0,711.0,206.0,1428.0,0.4
#
120895.0,91.0,106.0,5.0,761.0,190.0,1436.0,0.4
120895.0,91.0,106.0,5.0,761.0,190.0,1436.0,0.4
121184.0,59.0,103.0,5.0,711.0,206.0,1428.0,0.4
121184.0,59.0,103.0,5.0,711.0,206.0,1428.0,0.4
#
120895.0,91.0,106.0,5.0,761.0,190.0,1436.0,0.4
120895.0,91.0,106.0,5.0,761.0,190.0,1436.0,0.4
121184.0,59.0,103.0,5.0,711.0,206.0,1428.0,0.4
121184.0,59.0,103.0,5.0,711.0,206.0,1428.0,0.4
#
120895.0,91.0,106.0,5.0,761.0,190.0,1436.0,0.4
120895.0,91.0,106.0,5.0,761.0,190.0,1436.0,0.4
121184.0,59.0,103.0,5.0,711.0,206.0,1428.0,0.4
121184.0,59.0,103.0,5.0,711.0,206.0,1428.0,0.4
#
120895.0,91.0,106.0,5.0,761.0,190.0,1436.0,0.4
120895.0,91.0,106.0,5.0,761.0,190.0,1436.0,0.4
121184.0,59.0,103.0,5.0,711.0,206.0,1428.0,0.4
121184.0,59.0,103.0,5.0,711.0,206.0,1428.0,0.4
#
120895.0,91.0,106.0,5.0,761.0,190.0,1436.0,0.4
120895.0,91.0,106.0,5.0,761.0,190.0,1436.0,0.4
121184.0,59.0,103.0,5.0,711.0,206.0,1428.0,0.4
121184.0,59.0,103.0,5.0,711.0,206.0,1428.0,0.4
#
120895.0,91.0,106.0,5.0,761.0,190.0,1436.0,0.4
120895.0,91.0,106.0,5.0,761.0,190.0,1436.0,0.4
121184.0,59.0,103.0,5.0,711.0,206.0,1428.0,0.4
121184.0,59.0,103.0,5.0,711.0,206.0,1428.0,0.4
#
120895.0,91.0,106.0,5.0,761.0,190.0,1436.0,0.4
120895.0,91.0,106.0,5.0,761.0,190.0,1436.0,0.4
121184.0,59.0,103.0,5.0,711.0,206.0,1428.0,0.4
121184.0,59.0,103.0,5.0,711.0,206.0,1428.0,0.4
#
120895.0,91.0,106.0,5.0,761.0,190.0,1436.0,0.4
120895.0,91.0,106.0,5.0,761.0,190.0,1436.0,0.4
121184.0,59.0,103.0,5.0,711.0,206.0,1428.0,0.4
121184.0,59.0,103.0,5.0,711.0,206.0,1428.0,0.4
#
120895.0,91.0,106.0,5.0,761.0,190.0,1436.0,0.4
120895.0,91.0,106.0,5.0,761.0,190.0,1436.0,0.4
121184.0,59.0,103.0,5.0,711.0,206.0,1428.0,0.4
121184.0,59.0,103.0,5.0,711.0,206.0,1428.0,0.4
#
120895.0,91.0,106.0,5.0,761.0,190.0,1436.0,0.4
120895.0,91.0,106.0,5.0,761.0,190.0,1436.0,0.4
121184.0,59.0,103.0,5.0,711.0,206.0,1428.0,0.4
121184.0,59.0,103.0,5.0,711.0,206.0,1428.0,0.4
#
120895.0,91.0,106.0,5.0,761.0,190.0,1436.0,0.4
120895.0,91.0,106.0,5.0,761.0,190.0,1436.0,0.4
121184.0,59.0,103.0,5.0,711.0,206.0,1428.0,0.4
121184.0,59.0,103.0,5.0,711.0,206.0,1428.0,0.4
#
120895.0,91.0,106.0,5.0,761.0,190.0,1436.0,0.4
120895.0,91.0,106.0,5.0,761.0,190.0,1436.0,0.4
121184.0,59.0,103.0,5.0,711.0,206.0,1428.0,0.4
121184.0,59.0,103.0,5.0,711.0,206.0,1428.0,0.4
#
120895.0,91.0,106.0,5.0,761.0,190.0,1436.0,0.4
120895.0,91.0,106.0,5.0,761.0,190.0,1436.0,0.4
121184.0,59.0,103.0,5.0,711.0,206.0,1428.0,0.4
121184.0,59.0,103.0,5.0,711.0,206.0,1428.0,0.4
#
120895.0,91.0,106.0,5.0,761.0,190.0,1436.0,0.4
120895.0,91.0,106.0,5.0,761.0,190.0,1436.0,0.4
121184.0,59.0,103.0,5.0,711.0,206.0,1428.0,0.4
121184.0,59.0,103.0,5.0,711.0,206.0,1428.0,0.4
#
120895.0,91.0,106.0,5.0,761.0,190.0,1436.0,0.4
120895.0,91.0,106.0,5.0,761.0,190.0,1436.0,0.4
121184.0,59.0,103.0,5.0,711.0,206.0,1428.0,0.4
121184.0,59.0,103.0,5.0,711.0,206.0,1428.0,0.4
#
120895.0,91.0,106.0,5.0,761.0,190.0,1436.0,0.4
120895.0,91.0,106.0,5.0,761.0,190.0,1436.0,0.4
121184.0,59.0,103.0,5.0,711.0,206.0,1428.0,0.4
121184.0,59.0,103.0,5.0,711.0,206.0,1428.0,0.4
#
120895.0,91.0,106.0,5.0,761.0,190.0,1436.0,0.4
120895.0,91.0,106.0,5.0,761.0,190.0,1436.0,0.4
121184.0,59.0,103.0,5.0,711.0,206.0,1428.0,0.4
121184.0,59.0,103.0,5.0,711.0,206.0,1428.0,0.4
#
120895.0,91.0,106.0,5.0,761.0,190.0,1436.0,0.4
120895.0,91.0,106.0,5.0,761.0,190.0,1436.0,0.4
121184.0,59.0,103.0,5.0,711.0,206.0,1428.0,0.4
121184.0,59.0,103.0,5.0,711.0,206.0,1428.0,0.4
#
120895.0,91.0,106.0,5.0,761.0,190.0,1436.0,0.4
120895.0,91.0,106.0,5.0,761.0,190.0,1436.0,0.4
121184.0,59.0,103.0,5.0,711.0,206.0,1428.0,0.4
121184.0,59.0,103.0,5.0,711.0,206.0,1428.0,0.4
#
120895.0,91.0,106.0,5.0,761.0,190.0,1436.0,0.4
120895.0,91.0,106.0,5.0,761.0,190.0,1436.0,0.4
121184.0,59.0,103.0,5.0,711.0,206.0,1428.0,0.4
121184.0,59.0,103.0,5.0,711.0,206.0,1428.0,0.4
#
120895.0,91.0,106.0,5.0,761.0,190.0,1436.0,0.4
120895.0,91.0,106.0,5.0,761.0,190.0,1436.0,0.4
121184.0,59.0,103.0,5.0,711.0,206.0,1428.0,0.4
121184.0,59.0,103.0,5.0,711.0,206.0,1428.0,0.4
#
120895.0,91.0,106.0,5.0,761.0,190.0,1436.0,0.4
120895.0,91.0,106.0,5.0,761.0,190.0,1436.0,0.4
121184.0,59.0,103.0,5.0,711.0,206.0,1428.0,0.4
121184.0,59.0,103.0,5.0,711.0,206.0,1428.0,0.4
#
120895.0,91.0,106.0,5.0,761.0,190.0,1436.0,0.4
120895.0,91.0,106.0,5.0,761.0,190.0,1436.0,0.4
121184.0,59.0,103.0,5.0,711.0,206.0,1428.0,0.4
121184.0,59.0,103.0,5.0,711.0,206.0,1428.0,0.4
#
120895.0,91.0,106.0,5.0,761.0,190.0,1436.0,0.4
120895.0,91.0,106.0,5.0,761.0,190.0,1436.0,0.4
121184.0,59.0,103.0,5.0,711.0,206.0,1428.0,0.4
121184.0,59.0,103.0,5.0,711.0,206.0,1428.0,0.4
#
120895.0,91.0,106.0,5.0,761.0,190.0,1436.0,0.4
120895.0,91.0,106.0,5.0,761.0,190.0,1436.0,0.4
121184.0,59.0,103.0,5.0,711.0,206.0,1428.0,0.4
121184.0,59.0,103.0,5.0,711.0,206.0,1428.0,0.4
#
120895.0,91.0,106.0,5.0,761.0,190.0,1436.0,0.4
120895.0,91.0,106.0,5.0,761.0,190.0,1436.0,0.4
121184.0,59.0,103.0,5.0,711.0,206.0,1428.0,0.4
121184.0,59.0,103.0,5.0,711.0,206.0,1428.0,0.4
#
120895.0,91.0,106.0,5.0,761.0,190.0,1436.0,0.4
120895.0,91.0,106.0,5.0,761.0,190.0,1436.0,0.4
121184.0,59.0,103.0,5.0,711.0,206.0,1428.0,0.4
121184.0,59.0,103.0,5.0,711.0,206.0,1428.0,0.4
#
120895.0,91.0,106.0,5.0,761.0,190.0,1436.0,0.4
120895.0,91.0,106.0,5.0,761.0,190.0,1436.0,0.4
121184.0,59.0,103.0,5.0,711.0,206.0,1428.0,0.4
121184.0,59.0,103.0,5.0,711.0,206.0,1428.0,0.4
#
120895.0,91.0,106.0,5.0,761.0,190.0,1436.0,0.4
120895.0,91.0,106.0,5.0,761.0,190.0,1436.0,0.4
121184.0,59.0,103.0,5.0,711.0,206.0,1428.0,0.4
121184.0,59.0,103.0,5.0,711.0,206.0,1428.0,0.4
#
120895.0,91.0,106.0,5.0,761.0,190.0,1436.0,0.4
120895.0,91.0,106.0,5.0,761.0,190.0,1436.0,0.4
121184.0,59.0,103.0,5.0,711.0,206.0,1428.0,0.4
121184.0,59.0,103.0,5.0,711.0,206.0,1428.0,0.4
#
120895.0,91.0,106.0,5.0,761.0,190.0,1436.0,0.4
120895.0,91.0,106.0,5.0,761.0,190.0,1436.0,0.4
121184.0,59.0,103.0,5.0,711.0,206.0,1428.0,0.4
121184.0,59.0,103.0,5.0,711.0,206.0,1428.0,0.4
#
120895.0,91.0,106.0,5.0,761.0,190.0,1436.0,0.4
120895.0,91.0,106.0,5.0,761.0,190.0,1436.0,0.4
121184.0,59.0,103.0,5.0,711.0,206.0,1428.0,0.4
121184.0,59.0,103.0,5.0,711.0,206.0,1428.0,0.4
#
120895.0,91.0,106.0,5.0,761.0,190.0,1436.0,0.4
120895.0,91.0,106.0,5.0,761.0,190.0,1436.0,0.4
121184.0,59.0,103.0,5.0,711.0,206.0,1428.0,0.4
121184.0,59.0,103.0,5.0,711.0,206.0,1428.0,0.4
#
120895.0,91.0,106.0,5.0,761.0,190.0,1436.0,0.4
120895.0,91.0,106.0,5.0,761.0,190.0,1436.0,0.4
121184.0,59.0,103.0,5.0,711.0,206.0,1428.0,0.4
121184.0,59.0,103.0,5.0,711.0,206.0,1428.0,0.4
#
120895.0,91.0,106.0,5.0,761.0,190.0,1436.0,0.4
120895.0,91.0,106.0,5.0,761.0,190.0,1436.0,0.4
121184.0,59.0,103.0,5.0,711.0,206.0,1428.0,0.4
121184.0,59.0,103.0,5.0,711.0,206.0,1428.0,0.4
#
120895.0,91.0,106.0,5.0,761.0,190.0,1436.0,0.4
120895.0,91.0,106.0,5.0,761.0,190.0,1436.0,0.4
121184.0,59.0,103.0,5.0,711.0,206.0,1428.0,0.4
121184.0,59.0,103.0,5.0,711.0,206.0,1428.0,0.4
#
120895.0,91.0,106.0,5.0,761.0,190.0,1436.0,0.4
120895.0,91.0,106.0,5.0,761.0,190.0,1436.0,0.4
121184.0,59.0,103.0,5.0,711.0,206.0,1428.0,0.4
121184.0,59.0,103.0,5.0,711.0,206.0,1428.0,0.4
#
120895.0,91.0,106.0,5.0,761.0,190.0,1436.0,0.4
120895.0,91.0,106.0,5.0,761.0,190.0,1436.0,0.4
121184.0,59.0,103.0,5.0,711.0,206.0,1428.0,0.4
121184.0,59.0,103.0,5.0,711.0,206.0,1428.0,0.4
#
120895.0,91.0,106.0,5.0,761.0,190.0,1436.0,0.4
120895.0,91.0,106.0,5.0,761.0,190.0,1436.0,0.4
121184.0,59.0,103.0,5.0,711.0,206.0,1428.0,0.4
121184.0,59.0,103.0,5.0,711.0,206.0,1428.0,0.4
#
120895.0,91.0,106.0,5.0,761.0,190.0,1436.0,0.4
120895.0,91.0,106.0,5.0,761.0,190.0,1436.0,0.4
121184.0,59.0,103.0,5.0,711.0,206.0,1428.0,0.4
121184.0,59.0,103.0,5.0,711.0,206.0,1428.0,0.4
#
120895.0,91.0,106.0,5.0,761.0,190.0,1436.0,0.4
120895.0,91.0,106.0,5.0,761.0,190.0,1436.0,0.4
121184.0,59.0,103.0,5.0,711.0,206.0,1428.0,0.4
121184.0,59.0,103.0,5.0,711.0,206.0,1428.0,0.4
#
120895.0,91.0,106.0,5.0,761.0,190.0,1436.0,0.4
120895.0,91.0,106.0,5.0,761.0,190.0,1436.0,0.4
121184.0,59.0,103.0,5.0,711.0,206.0,1428.0,0.4
121184.0,59.0,103.0,5.0,711.0,206.0,1428.0,0.4
#
120895.0,91.0,106.0,5.0,761.0,190.0,1436.0,0.4
120895.0,91.0,106.0,5.0,761.0,190.0,1436.0,0.4
121184.0,59.0,103.0,5.0,711.0,206.0,1428.0,0.4
121184.0,59.0,103.0,5.0,711.0,206.0,1428.0,0.4
#
120895.0,91.0,106.0,5.0,761.0,190.0,1436.0,0.4
120895.0,91.0,106.0,5.0,761.0,190.0,1436.0,0.4
121184.0,59.0,103.0,5.0,711.0,206.0,1428.0,0.4
121184.0,59.0,103.0,5.0,711.0,206.0,1428.0,0.4
#
120895.0,91.0,106.0,5.0,761.0,190.0,1436.0,0.4
120895.0,91.0,106.0,5.0,761.0,190.0,1436.0,0.4
121184.0,59.0,103.0,5.0,711.0,206.0,1428.0,0.4
121184.0,59.0,103.0,5.0,711.0,206.0,1428.0,0.4
#
120895.0,91.0,106.0,5.0,761.0,190.0,1436.0,0.4
120895.0,91.0,106.0,5.0,761.0,190.0,1436.0,0.4
121184.0,59.0,103.0,5.0,711.0,206.0,1428.0,0.4
121184.0,59.0,103.0,5.0,711.0,206.0,1428.0,0.4
#
120895.0,91.0,106.0,5.0,761.0,190.0,1436.0,0.4
120895.0,91.0,106.0,5.0,761.0,190.0,1436.0,0.4
121184.0,59.0,103.0,5.0,711.0,206.0,1428.0,0.4
121184.0,59.0,103.0,5.0,711.0,206.0,1428.0,0.4
#
120895.0,91.0,106.0,5.0,761.0,190.0,1436.0,0.4
120895.0,91.0,106.0,5.0,761.0,190.0,1436.0,0.4
121184.0,59.0,103.0,5.0,711.0,206.0,1428.0,0.4
121184.0,59.0,103.0,5.0,711.0,206.0,1428.0,0.4
#
120895.0,91.0,106.0,5.0,761.0,190.0,1436.0,0.4
120895.0,91.0,106.0,5.0,761.0,190.0,1436.0,0.4
121184.0,59.0,103.0,5.0,711.0,206.0,1428.0,0.4
121184.0,59.0,103.0,5.0,711.0,206.0,1428.0,0.4
#
120895.0,91.0,106.0,5.0,761.0,190.0,1436.0,0.4
120895.0,91.0,106.0,5.0,761.0,190.0,1436.0,0.4
121184.0,59.0,103.0,5.0,711.0,206.0,1428.0,0.4
121184.0,59.0,103.0,5.0,711.0,206.0,1428.0,0.4
#
120895.0,91.0,106.0,5.0,761.0,190.0,1436.0,0.4
120895.0,91.0,106.0,5.0,761.0,190.0,1436.0,0.4
121184.0,59.0,103.0,5.0,711.0,206.0,1428.0,0.4
121184.0,59.0,103.0,5.0,711.0,206.0,1428.0,0.4
#
120895.0,91.0,106.0,5.0,761.0,190.0,1436.0,0.4
120895.0,91.0,106.0,5.0,761.0,190.0,1436.0,0.4
121184.0,59.0,103.0,5.0,711.0,206.0,1428.0,0.4
121184.0,59.0,103.0,5.0,711.0,206.0,1428.0,0.4
#
120895.0,91.0,106.0,5.0,761.0,190.0,1436.0,0.4
120895.0,91.0,106.0,5.0,761.0,190.0,1436.0,0.4
121184.0,59.0,103.0,5.0,711.0,206.0,1428.0,0.4
121184.0,59.0,103.0,5.0,711.0,206.0,1428.0,0.4
#
120895.0,91.0,106.0,5.0,761.0,190.0,1436.0,0.4
120895.0,91.0,106.0,5.0,761.0,190.0,1436.0,0.4
121184.0,59.0,103.0,5.0,711.0,206.0,1428.0,0.4
121184.0,59.0,103.0,5.0,711.0,206.0,1428.0,0.4
#
120895.0,91.0,106.0,5.0,761.0,190.0,1436.0,0.4
120895.0,91.0,106.0,5.0,761.0,190.0,1436.0,0.4
121184.0,59.0,103.0,5.0,711.0,206.0,1428.0,0.4
121184.0,59.0,103.0,5.0,711.0,206.0,1428.0,0.4
#
120895.0,91.0,106.0,5.0,761.0,190.0,1436.0,0.4
120895.0,91.0,106.0,5.0,761.0,190.0,1436.0,0.4
121184.0,59.0,103.0,5.0,711.0,206.0,1428.0,0.4
121184.0,59.0,103.0,5.0,711.0,206.0,1428.0,0.4
#
120895.0,91.0,106.0,5.0,761.0,190.0,1436.0,0.4
120895.0,91.0,106.0,5.0,761.0,190.0,1436.0,0.4
121184.0,59.0,103.0,5.0,711.0,206.0,1428.0,0.4
121184.0,59.0,103.0,5.0,711.0,206.0,1428.0,0.4
#
120895.0,91.0,106.0,5.0,761.0,190.0,1436.0,0.4
120895.0,91.0,106.0,5.0,761.0,190.0,1436.0,0.4
121184.0,59.0,103.0,5.0,711.0,206.0,1428.0,0.4
121184.0,59.0,103.0,5.0,711.0,206.0,1428.0,0.4
#
120895.0,91.0,106.0,5.0,761.0,190.0,1436.0,0.4
120895.0,91.0,106.0,5.0,761.0,190.0,1436.0,0.4
121184.0,59.0,103.0,5.0,711.0,206.0,1428.0,0.4
121184.0,59.0,103.0,5.0,711.0,206.0,1428.0,0.4
#
120895.0,91.0,106.0,5.0,761.0,190.0,1436.0,0.4
120895.0,91.0,106.0,5.0,761.0,190.0,1436.0,0.4
121184.0,59.0,103.0,5.0,711.0,206.0,1428.0,0.4
121184.0,59.0,103.0,5.0,711.0,206.0,1428.0,0.4
#
120895.0,91.0,106.0,5.0,761.0,190.0,1436.0,0.4
120895.0,91.0,106.0,5.0,761.0,190.0,1436.0,0.4
121184.0,59.0,103.0,5.0,711.0,206.0,1428.0,0.4
121184.0,59.0,103.0,5.0,711.0,206.0,1428.0,0.4
#
120895.0,91.0,106.0,5.0,761.0,190.0,1436.0,0.4
120895.0,91.0,106.0,5.0,761.0,190.0,1436.0,0.4
121184.0,59.0,103.0,5.0,711.0,206.0,1428.0,0.4
121184.0,59.0,103.0,5.0,711.0,206.0,1428.0,0.4
#
120895.0,91.0,106.0,5.0,761.0,190.0,1436.0,0.4
120895.0,91.0,106.0,5.0,761.0,190.0,1436.0,0.4
121184.0,59.0,103.0,5.0,711.0,206.0,1428.0,0.4
121184.0,59.0,103.0,5.0,711.0,206.0,1428.0,0.4
#
120895.0,91.0,106.0,5.0,761.0,190.0,1436.0,0.4
120895.0,91.0,106.0,5.0,761.0,190.0,1436.0,0.4
121184.0,59.0,103.0,5.0,711.0,206.0,1428.0,0.4
121184.0,59.0,103.0,5.0,711.0,206.0,1428.0,0.4
#
120895.0,91.0,106.0,5.0,761.0,190.0,1436.0,0.4
120895.0,91.0,106.0,5.0,761.0,190.0,1436.0,0.4
121184.0,59.0,103.0,5.0,711.0,206.0,1428.0,0.4
121184.0,59.0,103.0,5.0,711.0,206.0,1428.0,0.4
#
120895.0,91.0,106.0,5.0,761.0,190.0,1436.0,0.4
120895.0,91.0,106.0,5.0,761.0,190.0,1436.0,0.4
121184.0,59.0,103.0,5.0,711.0,206.0,1428.0,0.4
121184.0,59.0,103.0,5.0,711.0,206.0,1428.0,0.4
#
120895.0,91.0,106.0,5.0,761.0,190.0,1436.0,0.4
120895.0,91.0,106.0,5.0,761.0,190.0,1436.0,0.4
121184.0,59.0,103.0,5.0,711.0,206.0,1428.0,0.4
121184.0,59.0,103.0,5.0,711.0,206.0,1428.0,0.4
#
120895.0,91.0,106.0,5.0,761.0,190.0,1436.0,0.4
120895.0,91.0,106.0,5.0,761.0,190.0,1436.0,0.4
121184.0,59.0,103.0,5.0,711.0,206.0,1428.0,0.4
121184.0,59.0,103.0,5.0,711.0,206.0,1428.0,0.4
#
120895.0,91.0,106.0,5.0,761.0,190.0,1436.0,0.4
120895.0,91.0,106.0,5.0,761.0,190.0,1436.0,0.4
121184.0,59.0,103.0,5.0,711.0,206.0,1428.0,0.4
121184.0,59.0,103.0,5.0,711.0,206.0,1428.0,0.4
#
120895.0,91.0,106.0,5.0,761.0,190.0,1436.0,0.4
120895.0,91.0,106.0,5.0,761.0,190.0,1436.0,0.4
121184.0,59.0,103.0,5.0,711.0,206.0,1428.0,0.4
121184.0,59.0,103.0,5.0,711.0,206.0,1428.0,0.4
#
120895.0,91.0,106.0,5.0,761.0,190.0,1436.0,0.4
120895.0,91.0,106.0,5.0,761.0,190.0,1436.0,0.4
121184.0,59.0,103.0,5.0,711.0,206.0,1428.0,0.4
121184.0,59.0,103.0,5.0,711.0,206.0,1428.0,0.4
#
120895.0,91.0,106.0,5.0,761.0,190.0,1436.0,0.4
120895.0,91.0,106.0,5.0,761.0,190.0,1436.0,0.4
121184.0,59.0,103.0,5.0,711.0,206.0,1428.0,0.4
121184.0,59.0,103.0,5.0,711.0,206.0,1428.0,0.4
#
120895.0,91.0,106.0,5.0,761.0,190.0,1436.0,0.4
120895.0,91.0,106.0,5.0,761.0,190.0,1436.0,0.4
121184.0,59.0,103.0,5.0,711.0,206.0,1428.0,0.4
121184.0,59.0,103.0,5.0,711.0,206.0,1428.0,0.4
#
120895.0,91.0,106.0,5.0,761.0,190.0,1436.0,0.4
120895.0,91.0,106.0,5.0,761.0,190.0,1436.0,0.4
121184.0,59.0,103.0,5.0,711.0,206.0,1428.0,0.4
121184.0,59.0,103.0,5.0,711.0,206.0,1428.0,0.4
#
120895.0,91.0,106.0,5.0,761.0,190.0,1436.0,0.4
120895.0,91.0,106.0,5.0,761.0,190.0,1436.0,0.4
121184.0,59.0,103.0,5.0,711.0,206.0,1428.0,0.4
121184.0,59.0,103.0,5.0,711.0,206.0,1428.0,0.4
#
120895.0,91.0,106.0,5.0,761.0,190.0,1436.0,0.4
120895.0,91.0,106.0,5.0,761.0,190.0,1436.0,0.4
121184.0,59.0,103.0,5.0,711.0,206.0,1428.0,0.4
121184.0,59.0,103.0,5.0,711.0,206.0,1428.0,0.4
#
120895.0,91.0,106.0,5.0,761.0,190.0,1436.0,0.4
120895.0,91.0,106.0,5.0,761.0,190.0,1436.0,0.4
121184.0,59.0,103.0,5.0,711.0,206.0,1428.0,0.4
121184.0,59.0,103.0,5.0,711.0,206.0,1428.0,0.4
#
120895.0,91.0,106.0,5.0,761.0,190.0,1436.0,0.4
120895.0,91.0,106.0,5.0,761.0,190.0,1436.0,0.4
121184.0,59.0,103.0,5.0,711.0,206.0,1428.0,0.4
121184.0,59.0,103.0,5.0,711.0,206.0,1428.0,0.4
#
120895.0,91.0,106.0,5.0,761.0,190.0,1436.0,0.4
120895.0,91.0,106.0,5.0,761.0,190.0,1436.0,0.4
121184.0,59.0,103.0,5.0,711.0,206.0,1428.0,0.4
121184.0,59.0,103.0,5.0,711.0,206.0,1428.0,0.4
#
120895.0,91.0,106.0,5.0,761.0,190.0,1436.0,0.4
120895.0,91.0,106.0,5.0,761.0,190.0,1436.0,0.4
121184.0,59.0,103.0,5.0,711.0,206.0,1428.0,0.4
121184.0,59.0,103.0,5.0,711.0,206.0,1428.0,0.4
#
120895.0,91.0,106.0,5.0,761.0,190.0,1436.0,0.4
120895.0,91.0,106.0,5.0,761.0,190.0,1436.0,0.4
121184.0,59.0,103.0,5.0,711.0,206.0,1428.0,0.4
121184.0,59.0,103.0,5.0,711.0,206.0,1428.0,0.4
#
120895.0,91.0,106.0,5.0,761.0,190.0,1436.0,0.4
120895.0,91.0,106.0,5.0,761.0,190.0,1436.0,0.4
121184.0,59.0,103.0,5.0,711.0,206.0,1428.0,0.4
121184.0,59.0,103.0,5.0,711.0,206.0,1428.0,0.4
#
120895.0,91.0,106.0,5.0,761.0,190.0,1436.0,0.4
120895.0,91.0,106.0,5.0,761.0,190.0,1436.0,0.4
121184.0,59.0,103.0,5.0,711.0,206.0,1428.0,0.4
121184.0,59.0,103.0,5.0,711.0,206.0,1428.0,0.4
#
120895.0,91.0,106.0,5.0,761.0,190.0,1436.0,0.4
120895.0,91.0,106.0,5.0,761.0,190.0,1436.0,0.4
121184.0,59.0,103.0,5.0,711.0,206.0,1428.0,0.4
121184.0,59.0,103.0,5.0,711.0,206.0,1428.0,0.4
#
120895.0,91.0,106.0,5.0,761.0,190.0,1436.0,0.4
120895.0,91.0,106.0,5.0,761.0,190.0,1436.0,0.4
121184.0,59.0,103.0,5.0,711.0,206.0,1428.0,0.4
121184.0,59.0,103.0,5.0,711.0,206.0,1428.0,0.4
#
120895.0,91.0,106.0,5.0,761.0,190.0,1436.0,0.4
120895.0,91.0,106.0,5.0,761.0,190.0,1436.0,0.4
121184.0,59.0,103.0,5.0,711.0,206.0,1428.0,0.4
121184.0,59.0,103.0,5.0,711.0,206.0,1428.0,0.4
#
120895.0,91.0,106.0,5.0,761.0,190.0,1436.0,0.4
120895.0,91.0,106.0,5.0,761.0,190.0,1436.0,0.4
121184.0,59.0,103.0,5.0,711.0,206.0,1428.0,0.4
121184.0,59.0,103.0,5.0,711.0,206.0,1428.0,0.4
#
120895.0,91.0,106.0,5.0,761.0,190.0,1436.0,0.4
120895.0,91.0,106.0,5.0,761.0,190.0,1436.0,0.4
121184.0,59.0,103.0,5.0,711.0,206.0,1428.0,0.4
121184.0,59.0,103.0,5.0,711.0,206.0,1428.0,0.4
#
120895.0,91.0,106.0,5.0,761.0,190.0,1436.0,0.4
120895.0,91.0,106.0,5.0,761.0,190.0,1436.0,0.4
121184.0,59.0,103.0,5.0,711.0,206.0,1428.0,0.4
121184.0,59.0,103.0,5.0,711.0,206.0,1428.0,0.4
#
120895.0,91.0,106.0,5.0,761.0,190.0,1436.0,0.4
120895.0,91.0,106.0,5.0,761.0,190.0,1436.0,0.4
121184.0,59.0,103.0,5.0,711.0,206.0,1428.0,0.4
121184.0,59.0,103.0,5.0,711.0,206.0,1428.0,0.4
#
120895.0,91.0,106.0,5.0,761.0,190.0,1436.0,0.4
120895.0,91.0,106.0,5.0,761.0,190.0,1436.0,0.4
121184.0,59.0,103.0,5.0,711.0,206.0,1428.0,0.4
121184.0,59.0,103.0,5.0,711.0,206.0,1428.0,0.4
#
120895.0,91.0,106.0,5.0,761.0,190.0,1436.0,0.4
120895.0,91.0,106.0,5.0,761.0,190.0,1436.0,0.4
121184.0,59.0,103.0,5.0,711.0,206.0,1428.0,0.4
121184.0,59.0,103.0,5.0,711.0,206.0,1428.0,0.4
#
120895.0,91.0,106.0,5.0,761.0,190.0,1436.0,0.4
120895.0,91.0,106.0,5.0,761.0,190.0,1436.0,0.4
121184.0,59.0,103.0,5.0,711.0,206.0,1428.0,0.4
121184.0,59.0,103.0,5.0,711.0,206.0,1428.0,0.4
#
120895.0,91.0,106.0,5.0,761.0,190.0,1436.0,0.4
120895.0,91.0,106.0,5.0,761.0,190.0,1436.0,0.4
121184.0,59.0,103.0,5.0,711.0,206.0,1428.0,0.4
121184.0,59.0,103.0,5.0,711.0,206.0,1428.0,0.4
#
120895.0,91.0,106.0,5.0,761.0,190.0,1436.0,0.4
120895.0,91.0,106.0,5.0,761.0,190.0,1436.0,0.4
121184.0,59.0,103.0,5.0,711.0,206.0,1428.0,0.4
121184.0,59.0,103.0,5.0,711.0,206.0,1428.0,0.4
#
120895.0,91.0,106.0,5.0,761.0,190.0,1436.0,0.4
120895.0,91.0,106.0,5.0,761.0,190.0,1436.0,0.4
121184.0,59.0,103.0,5.0,711.0,206.0,1428.0,0.4
121184.0,59.0,103.0,5.0,711.0,206.0,1428.0,0.4
#
120895.0,91.0,106.0,5.0,761.0,190.0,1436.0,0.4
120895.0,91.0,106.0,5.0,761.0,190.0,1436.0,0.4
121184.0,59.0,103.0,5.0,711.0,206.0,1428.0,0.4
121184.0,59.0,103.0,5.0,711.0,206.0,1428.0,0.4
#
120895.0,91.0,106.0,5.0,761.0,190.0,1436.0,0.4
120895.0,91.0,106.0,5.0,761.0,190.0,1436.0,0.4
121184.0,59.0,103.0,5.0,711.0,206.0,1428.0,0.4
121184.0,59.0,103.0,5.0,711.0,206.0,1428.0,0.4
#
120895.0,91.0,106.0,5.0,761.0,190.0,1436.0,0.4
120895.0,91.0,106.0,5.0,761.0,190.0,1436.0,0.4
121184.0,59.0,103.0,5.0,711.0,206.0,1428.0,0.4
121184.0,59.0,103.0,5.0,711.0,206.0,1428.0,0.4
#
120895.0,91.0,106.0,5.0,761.0,190.0,1436.0,0.4
120895.0,91.0,106.0,5.0,761.0,190.0,1436.0,0.4
121184.0,59.0,103.0,5.0,711.0,206.0,1428.0,0.4
121184.0,59.0,103.0,5.0,711.0,206.0,1428.0,0.4
#
120895.0,91.0,106.0,5.0,761.0,190.0,1436.0,0.4
120895.0,91.0,106.0,5.0,761.0,190.0,1436.0,0.4
121184.0,59.0,103.0,5.0,711.0,206.0,1428.0,0.4
121184.0,59.0,103.0,5.0,711.0,206.0,1428.0,0.4
#
120895.0,91.0,106.0,5.0,761.0,190.0,1436.0,0.4
120895.0,91.0,106.0,5.0,761.0,190.0,1436.0,0.4
121184.0,59.0,103.0,5.0,711.0,206.0,1428.0,0.4
121184.0,59.0,103.0,5.0,711.0,206.0,1428.0,0.4
#
120895.0,91.0,106.0,5.0,761.0,190.0,1436.0,0.4
120895.0,91.0,106.0,5.0,761.0,190.0,1436.0,0.4
121184.0,59.0,103.0,5.0,711.0,206.0,1428.0,0.4
121184.0,59.0,103.0,5.0,711.0,206.0,1428.0,0.4
#
120895.0,91.0,106.0,5.0,761.0,190.0,1436.0,0.4
120895.0,91.0,106.0,5.0,761.0,190.0,1436.0,0.4
121184.0,59.0,103.0,5.0,711.0,206.0,1428.0,0.4
121184.0,59.0,103.0,5.0,711.0,206.0,1428.0,0.4
#
120895.0,91.0,106.0,5.0,761.0,190.0,1436.0,0.4
120895.0,91.0,106.0,5.0,761.0,190.0,1436.0,0.4
121184.0,59.0,103.0,5.0,711.0,206.0,1428.0,0.4
121184.0,59.0,103.0,5.0,711.0,206.0,1428.0,0.4
#
120895.0,91.0,106.0,5.0,761.0,190.0,1436.0,0.4
120895.0,91.0,106.0,5.0,761.0,190.0,1436.0,0.4
121184.0,59.0,103.0,5.0,711.0,206.0,1428.0,0.4
121184.0,59.0,103.0,5.0,711.0,206.0,1428.0,0.4
#
120895.0,91.0,106.0,5.0,761.0,190.0,1436.0,0.4
120895.0,91.0,106.0,5.0,761.0,190.0,1436.0,0.4
121184.0,59.0,103.0,5.0,711.0,206.0,1428.0,0.4
121184.0,59.0,103.0,5.0,711.0,206.0,1428.0,0.4
#
120895.0,91.0,106.0,5.0,761.0,190.0,1436.0,0.4
120895.0,91.0,106.0,5.0,761.0,190.0,1436.0,0.4
121184.0,59.0,103.0,5.0,711.0,206.0,1428.0,0.4
121184.0,59.0,103.0,5.0,711.0,206.0,1428.0,0.4
#
120895.0,91.0,106.0,5.0,761.0,190.0,1436.0,0.4
120895.0,91.0,106.0,5.0,761.0,190.0,1436.0,0.4
121184.0,59.0,103.0,5.0,711.0,206.0,1428.0,0.4
121184.0,59.0,103.0,5.0,711.0,206.0,1428.0,0.4
#
120895.0,91.0,106.0,5.0,761.0,190.0,1436.0,0.4
120895.0,91.0,106.0,5.0,761.0,190.0,1436.0,0.4
121184.0,59.0,103.0,5.0,711.0,206.0,1428.0,0.4
121184.0,59.0,103.0,5.0,711.0,206.0,1428.0,0.4
#
120895.0,91.0,106.0,5.0,761.0,190.0,1436.0,0.4
120895.0,91.0,106.0,5.0,761.0,190.0,1436.0,0.4
121184.0,59.0,103.0,5.0,711.0,206.0,1428.0,0.4
121184.0,59.0,103.0,5.0,711.0,206.0,1428.0,0.4
#
120726.0,84.0,106.0,5.0,758.0,184.0,1433.0,0.4
#
120726.0,84.0,106.0,5.0,758.0,184.0,1433.0,0.4
#
120726.0,84.0,106.0,5.0,758.0,184.0,1433.0,0.4
120726.0,84.0,106.0,5.0,758.0,184.0,1433.0,0.4
#
120726.0,84.0,106.0,5.0,758.0,184.0,1433.0,0.4
120726.0,84.0,106.0,5.0,758.0,184.0,1433.0,0.4
#
120726.0,84.0,106.0,5.0,758.0,184.0,1433.0,0.4
120726.0,84.0,106.0,5.0,758.0,184.0,1433.0,0.4
#
120726.0,84.0,106.0,5.0,758.0,184.0,1433.0,0.4
120726.0,84.0,106.0,5.0,758.0,184.0,1433.0,0.4
#
120726.0,84.0,106.0,5.0,758.0,184.0,1433.0,0.4
120726.0,84.0,106.0,5.0,758.0,184.0,1433.0,0.4
#
120726.0,84.0,106.0,5.0,758.0,184.0,1433.0,0.4
120726.0,84.0,106.0,5.0,758.0,184.0,1433.0,0.4
#
120726.0,84.0,106.0,5.0,758.0,184.0,1433.0,0.4
120726.0,84.0,106.0,5.0,758.0,184.0,1433.0,0.4
#
120726.0,84.0,106.0,5.0,758.0,184.0,1433.0,0.4
120726.0,84.0,106.0,5.0,758.0,184.0,1433.0,0.4
#
120726.0,84.0,106.0,5.0,758.0,184.0,1433.0,0.4
120726.0,84.0,106.0,5.0,758.0,184.0,1433.0,0.4
#
120726.0,84.0,106.0,5.0,758.0,184.0,1433.0,0.4
120726.0,84.0,106.0,5.0,758.0,184.0,1433.0,0.4
#
120726.0,84.0,106.0,5.0,758.0,184.0,1433.0,0.4
120726.0,84.0,106.0,5.0,758.0,184.0,1433.0,0.4
#
120726.0,84.0,106.0,5.0,758.0,184.0,1433.0,0.4
120726.0,84.0,106.0,5.0,758.0,184.0,1433.0,0.4
#
120726.0,84.0,106.0,5.0,758.0,184.0,1433.0,0.4
120726.0,84.0,106.0,5.0,758.0,184.0,1433.0,0.4
#
120726.0,84.0,106.0,5.0,758.0,184.0,1433.0,0.4
120726.0,84.0,106.0,5.0,758.0,184.0,1433.0,0.4
#
120726.0,84.0,106.0,5.0,758.0,184.0,1433.0,0.4
120726.0,84.0,106.0,5.0,758.0,184.0,1433.0,0.4
#
120726.0,84.0,106.0,5.0,758.0,184.0,1433.0,0.4
120726.0,84.0,106.0,5.0,758.0,184.0,1433.0,0.4
