#
164095,38,158,11,697,166,1456,0.5	
158195,42,155,11,723,140,1445,0.5454545454545454	
183519,27,156,15,561,147,1573,0.6166666666666667	
151864,113,145,8,804,155,1440,0.4375	
145723,135,137,8,863,157,1398,0.40625	
153170,64,144,9,752,165,1423,0.4444444444444444	
151396,126,136,8,824,165,1421,0.46875	
#
164095,38,158,11,697,166,1456,0.5	
183519,27,156,15,561,147,1573,0.6166666666666667	
143697,29,140,10,705,160,1452,0.55	
#
164095,38,158,11,697,166,1456,0.5	
170312,39,156,13,660,148,1512,0.5192307692307692	
183519,27,156,15,561,147,1573,0.6166666666666667	
143697,29,140,10,705,160,1452,0.55	
#
164095,38,158,11,697,166,1456,0.5	
170312,39,156,13,660,148,1512,0.5192307692307692	
183519,27,156,15,561,147,1573,0.6166666666666667	
143697,29,140,10,705,160,1452,0.55	
#
164095,38,158,11,697,166,1456,0.5	
170312,39,156,13,660,148,1512,0.5192307692307692	
183519,27,156,15,561,147,1573,0.6166666666666667	
143697,29,140,10,705,160,1452,0.55	
#
164745,39,150,11,658,168,1474,0.5227272727272727	
164095,38,158,11,697,166,1456,0.5	
183519,27,156,15,561,147,1573,0.6166666666666667	
143697,29,140,10,705,160,1452,0.55	
#
164745,39,150,11,658,168,1474,0.5227272727272727	
164095,38,158,11,697,166,1456,0.5	
183519,27,156,15,561,147,1573,0.6166666666666667	
143697,29,140,10,705,160,1452,0.55	
143697,29,140,10,705,160,1452,0.55	
#
183519,27,156,15,561,147,1573,0.6166666666666667	
143697,29,140,10,705,160,1452,0.55	
143697,29,140,10,705,160,1452,0.55	
156685,11,139,11,645,148,1475,0.5227272727272727	
#
183519,27,156,15,561,147,1573,0.6166666666666667	
156102,11,155,11,701,145,1414,0.5227272727272727	
143697,29,140,10,705,160,1452,0.55	
143697,29,140,10,705,160,1452,0.55	
156685,11,139,11,645,148,1475,0.5227272727272727	
#
156102,11,155,11,701,145,1414,0.5227272727272727	
183519,27,156,15,561,147,1573,0.6166666666666667	
143697,29,140,10,705,160,1452,0.55	
143697,29,140,10,705,160,1452,0.55	
156685,11,139,11,645,148,1475,0.5227272727272727	
#
156102,11,155,11,701,145,1414,0.5227272727272727	
183519,27,156,15,561,147,1573,0.6166666666666667	
142927,144,142,10,791,154,1497,0.525	
143697,29,140,10,705,160,1452,0.55	
143697,29,140,10,705,160,1452,0.55	
156685,11,139,11,645,148,1475,0.5227272727272727	
#
156102,11,155,11,701,145,1414,0.5227272727272727	
183519,27,156,15,561,147,1573,0.6166666666666667	
142927,144,142,10,791,154,1497,0.525	
143697,29,140,10,705,160,1452,0.55	
143697,29,140,10,705,160,1452,0.55	
156685,11,139,11,645,148,1475,0.5227272727272727	
#
164813,11,125,10,571,184,1514,0.55	
154053,15,140,9,618,184,1479,0.4444444444444444	
183519,27,156,15,561,147,1573,0.6166666666666667	
142927,144,142,10,791,154,1497,0.525	
143697,29,140,10,705,160,1452,0.55	
143697,29,140,10,705,160,1452,0.55	
#
164813,11,125,10,571,184,1514,0.55	
154053,15,140,9,618,184,1479,0.4444444444444444	
183519,27,156,15,561,147,1573,0.6166666666666667	
142927,144,142,10,791,154,1497,0.525	
143697,29,140,10,705,160,1452,0.55	
143697,29,140,10,705,160,1452,0.55	
#
164813,11,125,10,571,184,1514,0.55	
154053,15,140,9,618,184,1479,0.4444444444444444	
183519,27,156,15,561,147,1573,0.6166666666666667	
142927,144,142,10,791,154,1497,0.525	
143697,29,140,10,705,160,1452,0.55	
143697,29,140,10,705,160,1452,0.55	
#
164813,11,125,10,571,184,1514,0.55	
154053,15,140,9,618,184,1479,0.4444444444444444	
183519,27,156,15,561,147,1573,0.6166666666666667	
142927,144,142,10,791,154,1497,0.525	
143697,29,140,10,705,160,1452,0.55	
143697,29,140,10,705,160,1452,0.55	
#
164813,11,125,10,571,184,1514,0.55	
154053,15,140,9,618,184,1479,0.4444444444444444	
183519,27,156,15,561,147,1573,0.6166666666666667	
142927,144,142,10,791,154,1497,0.525	
143697,29,140,10,705,160,1452,0.55	
143697,29,140,10,705,160,1452,0.55	
#
164813,11,125,10,571,184,1514,0.55	
154053,15,140,9,618,184,1479,0.4444444444444444	
183519,27,156,15,561,147,1573,0.6166666666666667	
142927,144,142,10,791,154,1497,0.525	
143697,29,140,10,705,160,1452,0.55	
143697,29,140,10,705,160,1452,0.55	
151824,28,134,8,657,141,1498,0.4375	
#
164813,11,125,10,571,184,1514,0.55	
154053,15,140,9,618,184,1479,0.4444444444444444	
183519,27,156,15,561,147,1573,0.6166666666666667	
143697,29,140,10,705,160,1452,0.55	
143697,29,140,10,705,160,1452,0.55	
151824,28,134,8,657,141,1498,0.4375	
#
164813,11,125,10,571,184,1514,0.55	
154053,15,140,9,618,184,1479,0.4444444444444444	
183519,27,156,15,561,147,1573,0.6166666666666667	
143697,29,140,10,705,160,1452,0.55	
143697,29,140,10,705,160,1452,0.55	
151824,28,134,8,657,141,1498,0.4375	
#
164813,11,125,10,571,184,1514,0.55	
154053,15,140,9,618,184,1479,0.4444444444444444	
183519,27,156,15,561,147,1573,0.6166666666666667	
143697,29,140,10,705,160,1452,0.55	
143697,29,140,10,705,160,1452,0.55	
151824,28,134,8,657,141,1498,0.4375	
#
164813,11,125,10,571,184,1514,0.55	
154053,15,140,9,618,184,1479,0.4444444444444444	
183519,27,156,15,561,147,1573,0.6166666666666667	
143697,29,140,10,705,160,1452,0.55	
151824,28,134,8,657,141,1498,0.4375	
#
164813,11,125,10,571,184,1514,0.55	
154053,15,140,9,618,184,1479,0.4444444444444444	
183519,27,156,15,561,147,1573,0.6166666666666667	
143697,29,140,10,705,160,1452,0.55	
151824,28,134,8,657,141,1498,0.4375	
#
164813,11,125,10,571,184,1514,0.55	
154053,15,140,9,618,184,1479,0.4444444444444444	
183519,27,156,15,561,147,1573,0.6166666666666667	
143697,29,140,10,705,160,1452,0.55	
151824,28,134,8,657,141,1498,0.4375	
#
164813,11,125,10,571,184,1514,0.55	
154053,15,140,9,618,184,1479,0.4444444444444444	
183519,27,156,15,561,147,1573,0.6166666666666667	
143697,29,140,10,705,160,1452,0.55	
151824,28,134,8,657,141,1498,0.4375	
#
183519,27,156,15,561,147,1573,0.6166666666666667	
164813,11,125,10,571,184,1514,0.55	
154053,15,140,9,618,184,1479,0.4444444444444444	
154053,15,140,9,618,184,1479,0.4444444444444444	
143697,29,140,10,705,160,1452,0.55	
151824,28,134,8,657,141,1498,0.4375	
#
183519,27,156,15,561,147,1573,0.6166666666666667	
164813,11,125,10,571,184,1514,0.55	
154053,15,140,9,618,184,1479,0.4444444444444444	
154053,15,140,9,618,184,1479,0.4444444444444444	
143697,29,140,10,705,160,1452,0.55	
143697,29,140,10,705,160,1452,0.55	
151824,28,134,8,657,141,1498,0.4375	
147680,80,132,10,689,168,1479,0.5	
#
183519,27,156,15,561,147,1573,0.6166666666666667	
164813,11,125,10,571,184,1514,0.55	
154053,15,140,9,618,184,1479,0.4444444444444444	
143697,29,140,10,705,160,1452,0.55	
143697,29,140,10,705,160,1452,0.55	
147680,80,132,10,689,168,1479,0.5	
151824,28,134,8,657,141,1498,0.4375	
#
183519,27,156,15,561,147,1573,0.6166666666666667	
164813,11,125,10,571,184,1514,0.55	
154053,15,140,9,618,184,1479,0.4444444444444444	
143697,29,140,10,705,160,1452,0.55	
153702,50,136,11,646,129,1550,0.5454545454545454	
147680,80,132,10,689,168,1479,0.5	
151824,28,134,8,657,141,1498,0.4375	
#
183519,27,156,15,561,147,1573,0.6166666666666667	
164813,11,125,10,571,184,1514,0.55	
143697,29,140,10,705,160,1452,0.55	
154053,15,140,9,618,184,1479,0.4444444444444444	
153702,50,136,11,646,129,1550,0.5454545454545454	
145882,49,125,8,667,159,1487,0.46875	
151824,28,134,8,657,141,1498,0.4375	
#
150203,49,149,11,635,155,1521,0.5454545454545454	
183519,27,156,15,561,147,1573,0.6166666666666667	
164813,11,125,10,571,184,1514,0.55	
160411,25,155,13,586,133,1551,0.5961538461538461	
154053,15,140,9,618,184,1479,0.4444444444444444	
154053,15,140,9,618,184,1479,0.4444444444444444	
143697,29,140,10,705,160,1452,0.55	
143697,29,140,10,705,160,1452,0.55	
145882,49,125,8,667,159,1487,0.46875	
#
150203,49,149,11,635,155,1521,0.5454545454545454	
183519,27,156,15,561,147,1573,0.6166666666666667	
164813,11,125,10,571,184,1514,0.55	
160411,25,155,13,586,133,1551,0.5961538461538461	
154053,15,140,9,618,184,1479,0.4444444444444444	
154053,15,140,9,618,184,1479,0.4444444444444444	
143697,29,140,10,705,160,1452,0.55	
143697,29,140,10,705,160,1452,0.55	
145882,49,125,8,667,159,1487,0.46875	
#
150203,49,149,11,635,155,1521,0.5454545454545454	
183519,27,156,15,561,147,1573,0.6166666666666667	
164813,11,125,10,571,184,1514,0.55	
160411,25,155,13,586,133,1551,0.5961538461538461	
154053,15,140,9,618,184,1479,0.4444444444444444	
141489,57,136,8,692,125,1526,0.40625	
145882,49,125,8,667,159,1487,0.46875	
#
150203,49,149,11,635,155,1521,0.5454545454545454	
183519,27,156,15,561,147,1573,0.6166666666666667	
164813,11,125,10,571,184,1514,0.55	
160411,25,155,13,586,133,1551,0.5961538461538461	
154053,15,140,9,618,184,1479,0.4444444444444444	
141489,57,136,8,692,125,1526,0.40625	
145882,49,125,8,667,159,1487,0.46875	
#
150203,49,149,11,635,155,1521,0.5454545454545454	
183519,27,156,15,561,147,1573,0.6166666666666667	
164813,11,125,10,571,184,1514,0.55	
160411,25,155,13,586,133,1551,0.5961538461538461	
154053,15,140,9,618,184,1479,0.4444444444444444	
141489,57,136,8,692,125,1526,0.40625	
145882,49,125,8,667,159,1487,0.46875	
#
150203,49,149,11,635,155,1521,0.5454545454545454	
183519,27,156,15,561,147,1573,0.6166666666666667	
164813,11,125,10,571,184,1514,0.55	
160411,25,155,13,586,133,1551,0.5961538461538461	
154053,15,140,9,618,184,1479,0.4444444444444444	
141489,57,136,8,692,125,1526,0.40625	
147423,30,151,9,657,158,1484,0.4444444444444444	
145882,49,125,8,667,159,1487,0.46875	
#
150203,49,149,11,635,155,1521,0.5454545454545454	
183519,27,156,15,561,147,1573,0.6166666666666667	
164813,11,125,10,571,184,1514,0.55	
160411,25,155,13,586,133,1551,0.5961538461538461	
154053,15,140,9,618,184,1479,0.4444444444444444	
141489,57,136,8,692,125,1526,0.40625	
145882,49,125,8,667,159,1487,0.46875	
146118,51,133,8,664,158,1497,0.5	
146553,34,136,9,648,156,1508,0.5	
155279,23,142,10,602,156,1524,0.5	
#
150203,49,149,11,635,155,1521,0.5454545454545454	
183519,27,156,15,561,147,1573,0.6166666666666667	
164813,11,125,10,571,184,1514,0.55	
160411,25,155,13,586,133,1551,0.5961538461538461	
154053,15,140,9,618,184,1479,0.4444444444444444	
141489,57,136,8,692,125,1526,0.40625	
145882,49,125,8,667,159,1487,0.46875	
146118,51,133,8,664,158,1497,0.5	
146553,34,136,9,648,156,1508,0.5	
155279,23,142,10,602,156,1524,0.5	
#
150203,49,149,11,635,155,1521,0.5454545454545454	
183519,27,156,15,561,147,1573,0.6166666666666667	
164813,11,125,10,571,184,1514,0.55	
160411,25,155,13,586,133,1551,0.5961538461538461	
154053,15,140,9,618,184,1479,0.4444444444444444	
141489,57,136,8,692,125,1526,0.40625	
145882,49,125,8,667,159,1487,0.46875	
146118,51,133,8,664,158,1497,0.5	
146553,34,136,9,648,156,1508,0.5	
155279,23,142,10,602,156,1524,0.5	
#
150203,49,149,11,635,155,1521,0.5454545454545454	
183519,27,156,15,561,147,1573,0.6166666666666667	
164813,11,125,10,571,184,1514,0.55	
160411,25,155,13,586,133,1551,0.5961538461538461	
154053,15,140,9,618,184,1479,0.4444444444444444	
141489,57,136,8,692,125,1526,0.40625	
145882,49,125,8,667,159,1487,0.46875	
146118,51,133,8,664,158,1497,0.5	
146553,34,136,9,648,156,1508,0.5	
155279,23,142,10,602,156,1524,0.5	
#
150203,49,149,11,635,155,1521,0.5454545454545454	
183519,27,156,15,561,147,1573,0.6166666666666667	
154053,15,140,9,618,184,1479,0.4444444444444444	
164813,11,125,10,571,184,1514,0.55	
160411,25,155,13,586,133,1551,0.5961538461538461	
141489,57,136,8,692,125,1526,0.40625	
145882,49,125,8,667,159,1487,0.46875	
146553,34,136,9,648,156,1508,0.5	
155279,23,142,10,602,156,1524,0.5	
#
150203,49,149,11,635,155,1521,0.5454545454545454	
183519,27,156,15,561,147,1573,0.6166666666666667	
154053,15,140,9,618,184,1479,0.4444444444444444	
164813,11,125,10,571,184,1514,0.55	
160411,25,155,13,586,133,1551,0.5961538461538461	
141489,57,136,8,692,125,1526,0.40625	
145882,49,125,8,667,159,1487,0.46875	
146553,34,136,9,648,156,1508,0.5	
155279,23,142,10,602,156,1524,0.5	
#
183519,27,156,15,561,147,1573,0.6166666666666667	
164813,11,125,10,571,184,1514,0.55	
141489,57,136,8,692,125,1526,0.40625	
149450,19,120,11,581,144,1543,0.5909090909090908	
145882,49,125,8,667,159,1487,0.46875	
146553,34,136,9,648,156,1508,0.5	
#
183519,27,156,15,561,147,1573,0.6166666666666667	
164813,11,125,10,571,184,1514,0.55	
141489,57,136,8,692,125,1526,0.40625	
149450,19,120,11,581,144,1543,0.5909090909090908	
140806,71,130,9,700,158,1494,0.4722222222222222	
145882,49,125,8,667,159,1487,0.46875	
146553,34,136,9,648,156,1508,0.5	
#
183519,27,156,15,561,147,1573,0.6166666666666667	
164813,11,125,10,571,184,1514,0.55	
141489,57,136,8,692,125,1526,0.40625	
149450,19,120,11,581,144,1543,0.5909090909090908	
140806,71,130,9,700,158,1494,0.4722222222222222	
145882,49,125,8,667,159,1487,0.46875	
146553,34,136,9,648,156,1508,0.5	
#
183519,27,156,15,561,147,1573,0.6166666666666667	
164813,11,125,10,571,184,1514,0.55	
141489,57,136,8,692,125,1526,0.40625	
142972,31,155,9,677,151,1478,0.4722222222222222	
146553,34,136,9,648,156,1508,0.5	
149450,19,120,11,581,144,1543,0.5909090909090908	
145882,49,125,8,667,159,1487,0.46875	
#
183519,27,156,15,561,147,1573,0.6166666666666667	
134347,10,153,9,574,196,1497,0.5833333333333333	
164813,11,125,10,571,184,1514,0.55	
#
183519,27,156,15,561,147,1573,0.6166666666666667	
134347,10,153,9,574,196,1497,0.5833333333333333	
164813,11,125,10,571,184,1514,0.55	
#
183519,27,156,15,561,147,1573,0.6166666666666667	
134347,10,153,9,574,196,1497,0.5833333333333333	
164813,11,125,10,571,184,1514,0.55	
#
183519,27,156,15,561,147,1573,0.6166666666666667	
134347,10,153,9,574,196,1497,0.5833333333333333	
164813,11,125,10,571,184,1514,0.55	
#
183519,27,156,15,561,147,1573,0.6166666666666667	
134347,10,153,9,574,196,1497,0.5833333333333333	
164813,11,125,10,571,184,1514,0.55	
#
183519,27,156,15,561,147,1573,0.6166666666666667	
134347,10,153,9,574,196,1497,0.5833333333333333	
164813,11,125,10,571,184,1514,0.55	
#
183519,27,156,15,561,147,1573,0.6166666666666667	
134347,10,153,9,574,196,1497,0.5833333333333333	
164813,11,125,10,571,184,1514,0.55	
#
183519,27,156,15,561,147,1573,0.6166666666666667	
134347,10,153,9,574,196,1497,0.5833333333333333	
164813,11,125,10,571,184,1514,0.55	
#
183519,27,156,15,561,147,1573,0.6166666666666667	
134347,10,153,9,574,196,1497,0.5833333333333333	
164813,11,125,10,571,184,1514,0.55	
#
183519,27,156,15,561,147,1573,0.6166666666666667	
134347,10,153,9,574,196,1497,0.5833333333333333	
164813,11,125,10,571,184,1514,0.55	
#
183519,27,156,15,561,147,1573,0.6166666666666667	
134347,10,153,9,574,196,1497,0.5833333333333333	
164813,11,125,10,571,184,1514,0.55	
#
183519,27,156,15,561,147,1573,0.6166666666666667	
134347,10,153,9,574,196,1497,0.5833333333333333	
164813,11,125,10,571,184,1514,0.55	
#
134347,10,153,9,574,196,1497,0.5833333333333333	
164813,11,125,10,571,184,1514,0.55	
183519,27,156,15,561,147,1573,0.6166666666666667	
#
134347,10,153,9,574,196,1497,0.5833333333333333	
164813,11,125,10,571,184,1514,0.55	
183519,27,156,15,561,147,1573,0.6166666666666667	
#
134347,10,153,9,574,196,1497,0.5833333333333333	
164813,11,125,10,571,184,1514,0.55	
183519,27,156,15,561,147,1573,0.6166666666666667	
#
134347,10,153,9,574,196,1497,0.5833333333333333	
183519,27,156,15,561,147,1573,0.6166666666666667	
#
134347,10,153,9,574,196,1497,0.5833333333333333	
183519,27,156,15,561,147,1573,0.6166666666666667	
#
134347,10,153,9,574,196,1497,0.5833333333333333	
183519,27,156,15,561,147,1573,0.6166666666666667	
149146,21,153,11,575,131,1577,0.5909090909090908	
#
134347,10,153,9,574,196,1497,0.5833333333333333	
183519,27,156,15,561,147,1573,0.6166666666666667	
149146,21,153,11,575,131,1577,0.5909090909090908	
#
134347,10,153,9,574,196,1497,0.5833333333333333	
183519,27,156,15,561,147,1573,0.6166666666666667	
149146,21,153,11,575,131,1577,0.5909090909090908	
#
134347,10,153,9,574,196,1497,0.5833333333333333	
183519,27,156,15,561,147,1573,0.6166666666666667	
149146,21,153,11,575,131,1577,0.5909090909090908	
#
169587,5,158,12,580,124,1539,0.5833333333333333	
134347,10,153,9,574,196,1497,0.5833333333333333	
183519,27,156,15,561,147,1573,0.6166666666666667	
149146,21,153,11,575,131,1577,0.5909090909090908	
#
169587,5,158,12,580,124,1539,0.5833333333333333	
134347,10,153,9,574,196,1497,0.5833333333333333	
183519,27,156,15,561,147,1573,0.6166666666666667	
149146,21,153,11,575,131,1577,0.5909090909090908	
#
169587,5,158,12,580,124,1539,0.5833333333333333	
134347,10,153,9,574,196,1497,0.5833333333333333	
183519,27,156,15,561,147,1573,0.6166666666666667	
149146,21,153,11,575,131,1577,0.5909090909090908	
#
169587,5,158,12,580,124,1539,0.5833333333333333	
134347,10,153,9,574,196,1497,0.5833333333333333	
183519,27,156,15,561,147,1573,0.6166666666666667	
149146,21,153,11,575,131,1577,0.5909090909090908	
#
169587,5,158,12,580,124,1539,0.5833333333333333	
134347,10,153,9,574,196,1497,0.5833333333333333	
183519,27,156,15,561,147,1573,0.6166666666666667	
149146,21,153,11,575,131,1577,0.5909090909090908	
#
169587,5,158,12,580,124,1539,0.5833333333333333	
134347,10,153,9,574,196,1497,0.5833333333333333	
183519,27,156,15,561,147,1573,0.6166666666666667	
149146,21,153,11,575,131,1577,0.5909090909090908	
#
183519,27,156,15,561,147,1573,0.6166666666666667	
134347,10,153,9,574,196,1497,0.5833333333333333	
149146,21,153,11,575,131,1577,0.5909090909090908	
#
183519,27,156,15,561,147,1573,0.6166666666666667	
134347,10,153,9,574,196,1497,0.5833333333333333	
149146,21,153,11,575,131,1577,0.5909090909090908	
#
183519,27,156,15,561,147,1573,0.6166666666666667	
134347,10,153,9,574,196,1497,0.5833333333333333	
149146,21,153,11,575,131,1577,0.5909090909090908	
#
183519,27,156,15,561,147,1573,0.6166666666666667	
134347,10,153,9,574,196,1497,0.5833333333333333	
149146,21,153,11,575,131,1577,0.5909090909090908	
#
183519,27,156,15,561,147,1573,0.6166666666666667	
134347,10,153,9,574,196,1497,0.5833333333333333	
149146,21,153,11,575,131,1577,0.5909090909090908	
#
183519,27,156,15,561,147,1573,0.6166666666666667	
134347,10,153,9,574,196,1497,0.5833333333333333	
149146,21,153,11,575,131,1577,0.5909090909090908	
#
183519,27,156,15,561,147,1573,0.6166666666666667	
134347,10,153,9,574,196,1497,0.5833333333333333	
149146,21,153,11,575,131,1577,0.5909090909090908	
#
183519,27,156,15,561,147,1573,0.6166666666666667	
134347,10,153,9,574,196,1497,0.5833333333333333	
149146,21,153,11,575,131,1577,0.5909090909090908	
#
183519,27,156,15,561,147,1573,0.6166666666666667	
134347,10,153,9,574,196,1497,0.5833333333333333	
149146,21,153,11,575,131,1577,0.5909090909090908	
#
183519,27,156,15,561,147,1573,0.6166666666666667	
134347,10,153,9,574,196,1497,0.5833333333333333	
149146,21,153,11,575,131,1577,0.5909090909090908	
#
183519,27,156,15,561,147,1573,0.6166666666666667	
134347,10,153,9,574,196,1497,0.5833333333333333	
149146,21,153,11,575,131,1577,0.5909090909090908	
#
183519,27,156,15,561,147,1573,0.6166666666666667	
134347,10,153,9,574,196,1497,0.5833333333333333	
149146,21,153,11,575,131,1577,0.5909090909090908	
#
183519,27,156,15,561,147,1573,0.6166666666666667	
134347,10,153,9,574,196,1497,0.5833333333333333	
149146,21,153,11,575,131,1577,0.5909090909090908	
#
183519,27,156,15,561,147,1573,0.6166666666666667	
134347,10,153,9,574,196,1497,0.5833333333333333	
161533,4,148,14,574,131,1545,0.6071428571428572	
149146,21,153,11,575,131,1577,0.5909090909090908	
#
183519,27,156,15,561,147,1573,0.6166666666666667	
134347,10,153,9,574,196,1497,0.5833333333333333	
157088,13,132,13,566,150,1547,0.5384615384615384	
149146,21,153,11,575,131,1577,0.5909090909090908	
#
183519,27,156,15,561,147,1573,0.6166666666666667	
134347,10,153,9,574,196,1497,0.5833333333333333	
157088,13,132,13,566,150,1547,0.5384615384615384	
149146,21,153,11,575,131,1577,0.5909090909090908	
#
183519,27,156,15,561,147,1573,0.6166666666666667	
134347,10,153,9,574,196,1497,0.5833333333333333	
157088,13,132,13,566,150,1547,0.5384615384615384	
149146,21,153,11,575,131,1577,0.5909090909090908	
#
183519,27,156,15,561,147,1573,0.6166666666666667	
134347,10,153,9,574,196,1497,0.5833333333333333	
157088,13,132,13,566,150,1547,0.5384615384615384	
149146,21,153,11,575,131,1577,0.5909090909090908	
#
183519,27,156,15,561,147,1573,0.6166666666666667	
134347,10,153,9,574,196,1497,0.5833333333333333	
157088,13,132,13,566,150,1547,0.5384615384615384	
149146,21,153,11,575,131,1577,0.5909090909090908	
#
183519,27,156,15,561,147,1573,0.6166666666666667	
134347,10,153,9,574,196,1497,0.5833333333333333	
157088,13,132,13,566,150,1547,0.5384615384615384	
149146,21,153,11,575,131,1577,0.5909090909090908	
#
183519,27,156,15,561,147,1573,0.6166666666666667	
134347,10,153,9,574,196,1497,0.5833333333333333	
157088,13,132,13,566,150,1547,0.5384615384615384	
149146,21,153,11,575,131,1577,0.5909090909090908	
#
183519,27,156,15,561,147,1573,0.6166666666666667	
134347,10,153,9,574,196,1497,0.5833333333333333	
157088,13,132,13,566,150,1547,0.5384615384615384	
149146,21,153,11,575,131,1577,0.5909090909090908	
#
183519,27,156,15,561,147,1573,0.6166666666666667	
134347,10,153,9,574,196,1497,0.5833333333333333	
157088,13,132,13,566,150,1547,0.5384615384615384	
149146,21,153,11,575,131,1577,0.5909090909090908	
#
183519,27,156,15,561,147,1573,0.6166666666666667	
134347,10,153,9,574,196,1497,0.5833333333333333	
157088,13,132,13,566,150,1547,0.5384615384615384	
149146,21,153,11,575,131,1577,0.5909090909090908	
#
183519,27,156,15,561,147,1573,0.6166666666666667	
134347,10,153,9,574,196,1497,0.5833333333333333	
157088,13,132,13,566,150,1547,0.5384615384615384	
149146,21,153,11,575,131,1577,0.5909090909090908	
#
183519,27,156,15,561,147,1573,0.6166666666666667	
134347,10,153,9,574,196,1497,0.5833333333333333	
134347,10,153,9,574,196,1497,0.5833333333333333	
157088,13,132,13,566,150,1547,0.5384615384615384	
149146,21,153,11,575,131,1577,0.5909090909090908	
#
183519,27,156,15,561,147,1573,0.6166666666666667	
134347,10,153,9,574,196,1497,0.5833333333333333	
134347,10,153,9,574,196,1497,0.5833333333333333	
157088,13,132,13,566,150,1547,0.5384615384615384	
149146,21,153,11,575,131,1577,0.5909090909090908	
#
183519,27,156,15,561,147,1573,0.6166666666666667	
134347,10,153,9,574,196,1497,0.5833333333333333	
134347,10,153,9,574,196,1497,0.5833333333333333	
157088,13,132,13,566,150,1547,0.5384615384615384	
149146,21,153,11,575,131,1577,0.5909090909090908	
#
183519,27,156,15,561,147,1573,0.6166666666666667	
134347,10,153,9,574,196,1497,0.5833333333333333	
134347,10,153,9,574,196,1497,0.5833333333333333	
157088,13,132,13,566,150,1547,0.5384615384615384	
149146,21,153,11,575,131,1577,0.5909090909090908	
#
183519,27,156,15,561,147,1573,0.6166666666666667	
134347,10,153,9,574,196,1497,0.5833333333333333	
134347,10,153,9,574,196,1497,0.5833333333333333	
157088,13,132,13,566,150,1547,0.5384615384615384	
149146,21,153,11,575,131,1577,0.5909090909090908	
#
183519,27,156,15,561,147,1573,0.6166666666666667	
134347,10,153,9,574,196,1497,0.5833333333333333	
134347,10,153,9,574,196,1497,0.5833333333333333	
157088,13,132,13,566,150,1547,0.5384615384615384	
149146,21,153,11,575,131,1577,0.5909090909090908	
#
183519,27,156,15,561,147,1573,0.6166666666666667	
134347,10,153,9,574,196,1497,0.5833333333333333	
134347,10,153,9,574,196,1497,0.5833333333333333	
157088,13,132,13,566,150,1547,0.5384615384615384	
149146,21,153,11,575,131,1577,0.5909090909090908	
#
183519,27,156,15,561,147,1573,0.6166666666666667	
134347,10,153,9,574,196,1497,0.5833333333333333	
134347,10,153,9,574,196,1497,0.5833333333333333	
157088,13,132,13,566,150,1547,0.5384615384615384	
149146,21,153,11,575,131,1577,0.5909090909090908	
#
183519,27,156,15,561,147,1573,0.6166666666666667	
134347,10,153,9,574,196,1497,0.5833333333333333	
134347,10,153,9,574,196,1497,0.5833333333333333	
157088,13,132,13,566,150,1547,0.5384615384615384	
149146,21,153,11,575,131,1577,0.5909090909090908	
#
183519,27,156,15,561,147,1573,0.6166666666666667	
134347,10,153,9,574,196,1497,0.5833333333333333	
134347,10,153,9,574,196,1497,0.5833333333333333	
157088,13,132,13,566,150,1547,0.5384615384615384	
149146,21,153,11,575,131,1577,0.5909090909090908	
#
183519,27,156,15,561,147,1573,0.6166666666666667	
134347,10,153,9,574,196,1497,0.5833333333333333	
134347,10,153,9,574,196,1497,0.5833333333333333	
157088,13,132,13,566,150,1547,0.5384615384615384	
149146,21,153,11,575,131,1577,0.5909090909090908	
#
183519,27,156,15,561,147,1573,0.6166666666666667	
134347,10,153,9,574,196,1497,0.5833333333333333	
134347,10,153,9,574,196,1497,0.5833333333333333	
157088,13,132,13,566,150,1547,0.5384615384615384	
149146,21,153,11,575,131,1577,0.5909090909090908	
#
157088,13,132,13,566,150,1547,0.5384615384615384	
134347,10,153,9,574,196,1497,0.5833333333333333	
134347,10,153,9,574,196,1497,0.5833333333333333	
149146,21,153,11,575,131,1577,0.5909090909090908	
#
157088,13,132,13,566,150,1547,0.5384615384615384	
134347,10,153,9,574,196,1497,0.5833333333333333	
134347,10,153,9,574,196,1497,0.5833333333333333	
149146,21,153,11,575,131,1577,0.5909090909090908	
#
134347,10,153,9,574,196,1497,0.5833333333333333	
154012,5,130,9,531,158,1566,0.5833333333333333	
149146,21,153,11,575,131,1577,0.5909090909090908	
#
134347,10,153,9,574,196,1497,0.5833333333333333	
154012,5,130,9,531,158,1566,0.5833333333333333	
149146,21,153,11,575,131,1577,0.5909090909090908	
#
134347,10,153,9,574,196,1497,0.5833333333333333	
154012,5,130,9,531,158,1566,0.5833333333333333	
149146,21,153,11,575,131,1577,0.5909090909090908	
#
134347,10,153,9,574,196,1497,0.5833333333333333	
154012,5,130,9,531,158,1566,0.5833333333333333	
149146,21,153,11,575,131,1577,0.5909090909090908	
#
134347,10,153,9,574,196,1497,0.5833333333333333	
154012,5,130,9,531,158,1566,0.5833333333333333	
149146,21,153,11,575,131,1577,0.5909090909090908	
#
134347,10,153,9,574,196,1497,0.5833333333333333	
154012,5,130,9,531,158,1566,0.5833333333333333	
149146,21,153,11,575,131,1577,0.5909090909090908	
#
134347,10,153,9,574,196,1497,0.5833333333333333	
154012,5,130,9,531,158,1566,0.5833333333333333	
149146,21,153,11,575,131,1577,0.5909090909090908	
#
134347,10,153,9,574,196,1497,0.5833333333333333	
154012,5,130,9,531,158,1566,0.5833333333333333	
149146,21,153,11,575,131,1577,0.5909090909090908	
#
134347,10,153,9,574,196,1497,0.5833333333333333	
154012,5,130,9,531,158,1566,0.5833333333333333	
149146,21,153,11,575,131,1577,0.5909090909090908	
#
134347,10,153,9,574,196,1497,0.5833333333333333	
154012,5,130,9,531,158,1566,0.5833333333333333	
149146,21,153,11,575,131,1577,0.5909090909090908	
#
134347,10,153,9,574,196,1497,0.5833333333333333	
154012,5,130,9,531,158,1566,0.5833333333333333	
149146,21,153,11,575,131,1577,0.5909090909090908	
#
134347,10,153,9,574,196,1497,0.5833333333333333	
154012,5,130,9,531,158,1566,0.5833333333333333	
149146,21,153,11,575,131,1577,0.5909090909090908	
#
134347,10,153,9,574,196,1497,0.5833333333333333	
154012,5,130,9,531,158,1566,0.5833333333333333	
149146,21,153,11,575,131,1577,0.5909090909090908	
#
134347,10,153,9,574,196,1497,0.5833333333333333	
154012,5,130,9,531,158,1566,0.5833333333333333	
149146,21,153,11,575,131,1577,0.5909090909090908	
#
134347,10,153,9,574,196,1497,0.5833333333333333	
154012,5,130,9,531,158,1566,0.5833333333333333	
149146,21,153,11,575,131,1577,0.5909090909090908	
#
134347,10,153,9,574,196,1497,0.5833333333333333	
154012,5,130,9,531,158,1566,0.5833333333333333	
149146,21,153,11,575,131,1577,0.5909090909090908	
#
134347,10,153,9,574,196,1497,0.5833333333333333	
134347,10,153,9,574,196,1497,0.5833333333333333	
154012,5,130,9,531,158,1566,0.5833333333333333	
149146,21,153,11,575,131,1577,0.5909090909090908	
#
134347,10,153,9,574,196,1497,0.5833333333333333	
134347,10,153,9,574,196,1497,0.5833333333333333	
154012,5,130,9,531,158,1566,0.5833333333333333	
149146,21,153,11,575,131,1577,0.5909090909090908	
#
134347,10,153,9,574,196,1497,0.5833333333333333	
134347,10,153,9,574,196,1497,0.5833333333333333	
154012,5,130,9,531,158,1566,0.5833333333333333	
149146,21,153,11,575,131,1577,0.5909090909090908	
169785,5,135,13,513,150,1577,0.6153846153846154	
#
134347,10,153,9,574,196,1497,0.5833333333333333	
134347,10,153,9,574,196,1497,0.5833333333333333	
154012,5,130,9,531,158,1566,0.5833333333333333	
146792,9,125,9,563,181,1515,0.6111111111111112	
169785,5,135,13,513,150,1577,0.6153846153846154	
162653,4,149,14,531,161,1557,0.625	
150214,9,164,10,558,178,1526,0.6	
#
134347,10,153,9,574,196,1497,0.5833333333333333	
134347,10,153,9,574,196,1497,0.5833333333333333	
154012,5,130,9,531,158,1566,0.5833333333333333	
146792,9,125,9,563,181,1515,0.6111111111111112	
163568,10,148,12,504,162,1598,0.625	
162653,4,149,14,531,161,1557,0.625	
150214,9,164,10,558,178,1526,0.6	
#
134347,10,153,9,574,196,1497,0.5833333333333333	
134347,10,153,9,574,196,1497,0.5833333333333333	
154012,5,130,9,531,158,1566,0.5833333333333333	
146792,9,125,9,563,181,1515,0.6111111111111112	
163568,10,148,12,504,162,1598,0.625	
162653,4,149,14,531,161,1557,0.625	
150214,9,164,10,558,178,1526,0.6	
#
134347,10,153,9,574,196,1497,0.5833333333333333	
134347,10,153,9,574,196,1497,0.5833333333333333	
154012,5,130,9,531,158,1566,0.5833333333333333	
146792,9,125,9,563,181,1515,0.6111111111111112	
163568,10,148,12,504,162,1598,0.625	
162653,4,149,14,531,161,1557,0.625	
150214,9,164,10,558,178,1526,0.6	
#
134347,10,153,9,574,196,1497,0.5833333333333333	
134347,10,153,9,574,196,1497,0.5833333333333333	
154012,5,130,9,531,158,1566,0.5833333333333333	
146792,9,125,9,563,181,1515,0.6111111111111112	
163568,10,148,12,504,162,1598,0.625	
148383,9,164,9,558,178,1526,0.5833333333333333	
150214,9,164,10,558,178,1526,0.6	
#
134347,10,153,9,574,196,1497,0.5833333333333333	
134347,10,153,9,574,196,1497,0.5833333333333333	
154012,5,130,9,531,158,1566,0.5833333333333333	
146792,9,125,9,563,181,1515,0.6111111111111112	
163568,10,148,12,504,162,1598,0.625	
148383,9,164,9,558,178,1526,0.5833333333333333	
150214,9,164,10,558,178,1526,0.6	
#
134347,10,153,9,574,196,1497,0.5833333333333333	
134347,10,153,9,574,196,1497,0.5833333333333333	
154012,5,130,9,531,158,1566,0.5833333333333333	
146792,9,125,9,563,181,1515,0.6111111111111112	
163568,10,148,12,504,162,1598,0.625	
148383,9,164,9,558,178,1526,0.5833333333333333	
150214,9,164,10,558,178,1526,0.6	
#
134347,10,153,9,574,196,1497,0.5833333333333333	
134347,10,153,9,574,196,1497,0.5833333333333333	
154012,5,130,9,531,158,1566,0.5833333333333333	
146792,9,125,9,563,181,1515,0.6111111111111112	
163568,10,148,12,504,162,1598,0.625	
148383,9,164,9,558,178,1526,0.5833333333333333	
150214,9,164,10,558,178,1526,0.6	
159778,4,148,11,518,151,1580,0.5909090909090908	
#
134347,10,153,9,574,196,1497,0.5833333333333333	
134347,10,153,9,574,196,1497,0.5833333333333333	
154012,5,130,9,531,158,1566,0.5833333333333333	
146792,9,125,9,563,181,1515,0.6111111111111112	
163568,10,148,12,504,162,1598,0.625	
148383,9,164,9,558,178,1526,0.5833333333333333	
150214,9,164,10,558,178,1526,0.6	
153740,9,164,12,555,173,1543,0.6041666666666667	
159778,4,148,11,518,151,1580,0.5909090909090908	
#
134347,10,153,9,574,196,1497,0.5833333333333333	
134347,10,153,9,574,196,1497,0.5833333333333333	
154012,5,130,9,531,158,1566,0.5833333333333333	
146792,9,125,9,563,181,1515,0.6111111111111112	
163568,10,148,12,504,162,1598,0.625	
148383,9,164,9,558,178,1526,0.5833333333333333	
150214,9,164,10,558,178,1526,0.6	
153740,9,164,12,555,173,1543,0.6041666666666667	
159778,4,148,11,518,151,1580,0.5909090909090908	
#
134347,10,153,9,574,196,1497,0.5833333333333333	
134347,10,153,9,574,196,1497,0.5833333333333333	
154012,5,130,9,531,158,1566,0.5833333333333333	
146792,9,125,9,563,181,1515,0.6111111111111112	
163568,10,148,12,504,162,1598,0.625	
150214,9,164,10,558,178,1526,0.6	
153740,9,164,12,555,173,1543,0.6041666666666667	
159778,4,148,11,518,151,1580,0.5909090909090908	
#
134347,10,153,9,574,196,1497,0.5833333333333333	
134347,10,153,9,574,196,1497,0.5833333333333333	
154012,5,130,9,531,158,1566,0.5833333333333333	
157025,10,149,12,517,156,1587,0.6041666666666667	
146792,9,125,9,563,181,1515,0.6111111111111112	
163568,10,148,12,504,162,1598,0.625	
150214,9,164,10,558,178,1526,0.6	
153740,9,164,12,555,173,1543,0.6041666666666667	
159778,4,148,11,518,151,1580,0.5909090909090908	
#
134347,10,153,9,574,196,1497,0.5833333333333333	
134347,10,153,9,574,196,1497,0.5833333333333333	
154012,5,130,9,531,158,1566,0.5833333333333333	
157025,10,149,12,517,156,1587,0.6041666666666667	
146792,9,125,9,563,181,1515,0.6111111111111112	
163568,10,148,12,504,162,1598,0.625	
150214,9,164,10,558,178,1526,0.6	
153740,9,164,12,555,173,1543,0.6041666666666667	
159778,4,148,11,518,151,1580,0.5909090909090908	
#
134347,10,153,9,574,196,1497,0.5833333333333333	
154012,5,130,9,531,158,1566,0.5833333333333333	
157025,10,149,12,517,156,1587,0.6041666666666667	
146792,9,125,9,563,181,1515,0.6111111111111112	
163568,10,148,12,504,162,1598,0.625	
150214,9,164,10,558,178,1526,0.6	
153740,9,164,12,555,173,1543,0.6041666666666667	
158777,4,122,13,505,188,1556,0.6153846153846154	
#
134347,10,153,9,574,196,1497,0.5833333333333333	
134347,10,153,9,574,196,1497,0.5833333333333333	
146792,9,125,9,563,181,1515,0.6111111111111112	
163568,10,148,12,504,162,1598,0.625	
151792,10,148,10,523,160,1580,0.55	
158777,4,122,13,505,188,1556,0.6153846153846154	
150214,9,164,10,558,178,1526,0.6	
#
134347,10,153,9,574,196,1497,0.5833333333333333	
134347,10,153,9,574,196,1497,0.5833333333333333	
146792,9,125,9,563,181,1515,0.6111111111111112	
146792,9,125,9,563,181,1515,0.6111111111111112	
163568,10,148,12,504,162,1598,0.625	
151792,10,148,10,523,160,1580,0.55	
158777,4,122,13,505,188,1556,0.6153846153846154	
150214,9,164,10,558,178,1526,0.6	
#
134347,10,153,9,574,196,1497,0.5833333333333333	
134347,10,153,9,574,196,1497,0.5833333333333333	
146792,9,125,9,563,181,1515,0.6111111111111112	
146792,9,125,9,563,181,1515,0.6111111111111112	
151792,10,148,10,523,160,1580,0.55	
158777,4,122,13,505,188,1556,0.6153846153846154	
147876,4,121,11,537,188,1528,0.5681818181818181	
#
134347,10,153,9,574,196,1497,0.5833333333333333	
134347,10,153,9,574,196,1497,0.5833333333333333	
146792,9,125,9,563,181,1515,0.6111111111111112	
146792,9,125,9,563,181,1515,0.6111111111111112	
151792,10,148,10,523,160,1580,0.55	
158777,4,122,13,505,188,1556,0.6153846153846154	
147876,4,121,11,537,188,1528,0.5681818181818181	
#
134347,10,153,9,574,196,1497,0.5833333333333333	
134347,10,153,9,574,196,1497,0.5833333333333333	
146792,9,125,9,563,181,1515,0.6111111111111112	
146792,9,125,9,563,181,1515,0.6111111111111112	
151792,10,148,10,523,160,1580,0.55	
158777,4,122,13,505,188,1556,0.6153846153846154	
147876,4,121,11,537,188,1528,0.5681818181818181	
#
134347,10,153,9,574,196,1497,0.5833333333333333	
134347,10,153,9,574,196,1497,0.5833333333333333	
146792,9,125,9,563,181,1515,0.6111111111111112	
146792,9,125,9,563,181,1515,0.6111111111111112	
158777,4,122,13,505,188,1556,0.6153846153846154	
151260,4,148,10,511,163,1577,0.575	
147876,4,121,11,537,188,1528,0.5681818181818181	
#
134347,10,153,9,574,196,1497,0.5833333333333333	
134347,10,153,9,574,196,1497,0.5833333333333333	
146792,9,125,9,563,181,1515,0.6111111111111112	
146792,9,125,9,563,181,1515,0.6111111111111112	
158777,4,122,13,505,188,1556,0.6153846153846154	
151260,4,148,10,511,163,1577,0.575	
147876,4,121,11,537,188,1528,0.5681818181818181	
#
134347,10,153,9,574,196,1497,0.5833333333333333	
158375,10,148,11,504,158,1598,0.6136363636363636	
146792,9,125,9,563,181,1515,0.6111111111111112	
146792,9,125,9,563,181,1515,0.6111111111111112	
151260,4,148,10,511,163,1577,0.575	
147876,4,121,11,537,188,1528,0.5681818181818181	
#
134347,10,153,9,574,196,1497,0.5833333333333333	
158375,10,148,11,504,158,1598,0.6136363636363636	
146792,9,125,9,563,181,1515,0.6111111111111112	
146792,9,125,9,563,181,1515,0.6111111111111112	
151260,4,148,10,511,163,1577,0.575	
147876,4,121,11,537,188,1528,0.5681818181818181	
#
161781,4,126,14,497,178,1577,0.6428571428571428	
134347,10,153,9,574,196,1497,0.5833333333333333	
158375,10,148,11,504,158,1598,0.6136363636363636	
146792,9,125,9,563,181,1515,0.6111111111111112	
146792,9,125,9,563,181,1515,0.6111111111111112	
151260,4,148,10,511,163,1577,0.575	
147876,4,121,11,537,188,1528,0.5681818181818181	
#
161781,4,126,14,497,178,1577,0.6428571428571428	
134347,10,153,9,574,196,1497,0.5833333333333333	
158375,10,148,11,504,158,1598,0.6136363636363636	
146792,9,125,9,563,181,1515,0.6111111111111112	
146792,9,125,9,563,181,1515,0.6111111111111112	
151260,4,148,10,511,163,1577,0.575	
147876,4,121,11,537,188,1528,0.5681818181818181	
#
161781,4,126,14,497,178,1577,0.6428571428571428	
134347,10,153,9,574,196,1497,0.5833333333333333	
151260,4,148,10,511,163,1577,0.575	
146792,9,125,9,563,181,1515,0.6111111111111112	
146792,9,125,9,563,181,1515,0.6111111111111112	
158777,4,122,13,505,188,1556,0.6153846153846154	
147876,4,121,11,537,188,1528,0.5681818181818181	
#
161781,4,126,14,497,178,1577,0.6428571428571428	
134347,10,153,9,574,196,1497,0.5833333333333333	
151260,4,148,10,511,163,1577,0.575	
146792,9,125,9,563,181,1515,0.6111111111111112	
146792,9,125,9,563,181,1515,0.6111111111111112	
158777,4,122,13,505,188,1556,0.6153846153846154	
147876,4,121,11,537,188,1528,0.5681818181818181	
#
134347,10,153,9,574,196,1497,0.5833333333333333	
151260,4,148,10,511,163,1577,0.575	
146792,9,125,9,563,181,1515,0.6111111111111112	
146792,9,125,9,563,181,1515,0.6111111111111112	
147714,9,164,9,558,179,1525,0.5833333333333333	
158777,4,122,13,505,188,1556,0.6153846153846154	
147876,4,121,11,537,188,1528,0.5681818181818181	
#
134347,10,153,9,574,196,1497,0.5833333333333333	
151260,4,148,10,511,163,1577,0.575	
146792,9,125,9,563,181,1515,0.6111111111111112	
146792,9,125,9,563,181,1515,0.6111111111111112	
147714,9,164,9,558,179,1525,0.5833333333333333	
158777,4,122,13,505,188,1556,0.6153846153846154	
147876,4,121,11,537,188,1528,0.5681818181818181	
#
134347,10,153,9,574,196,1497,0.5833333333333333	
151260,4,148,10,511,163,1577,0.575	
146792,9,125,9,563,181,1515,0.6111111111111112	
146792,9,125,9,563,181,1515,0.6111111111111112	
159662,10,148,14,497,152,1617,0.6428571428571428	
147714,9,164,9,558,179,1525,0.5833333333333333	
158777,4,122,13,505,188,1556,0.6153846153846154	
147876,4,121,11,537,188,1528,0.5681818181818181	
#
134347,10,153,9,574,196,1497,0.5833333333333333	
151260,4,148,10,511,163,1577,0.575	
146792,9,125,9,563,181,1515,0.6111111111111112	
146792,9,125,9,563,181,1515,0.6111111111111112	
159662,10,148,14,497,152,1617,0.6428571428571428	
147714,9,164,9,558,179,1525,0.5833333333333333	
158113,4,141,13,505,169,1575,0.6153846153846154	
147876,4,121,11,537,188,1528,0.5681818181818181	
156347,4,148,12,511,165,1575,0.6041666666666667	
#
134347,10,153,9,574,196,1497,0.5833333333333333	
151260,4,148,10,511,163,1577,0.575	
161969,4,133,13,483,151,1615,0.6538461538461539	
146792,9,125,9,563,181,1515,0.6111111111111112	
146792,9,125,9,563,181,1515,0.6111111111111112	
159662,10,148,14,497,152,1617,0.6428571428571428	
156347,4,148,12,511,165,1575,0.6041666666666667	
147714,9,164,9,558,179,1525,0.5833333333333333	
158113,4,141,13,505,169,1575,0.6153846153846154	
161417,4,148,14,487,146,1616,0.6428571428571428	
147876,4,121,11,537,188,1528,0.5681818181818181	
#
134347,10,153,9,574,196,1497,0.5833333333333333	
151260,4,148,10,511,163,1577,0.575	
161969,4,133,13,483,151,1615,0.6538461538461539	
146792,9,125,9,563,181,1515,0.6111111111111112	
159662,10,148,14,497,152,1617,0.6428571428571428	
147388,7,162,9,526,185,1543,0.6111111111111112	
158113,4,141,13,505,169,1575,0.6153846153846154	
161417,4,148,14,487,146,1616,0.6428571428571428	
156347,4,148,12,511,165,1575,0.6041666666666667	
#
134347,10,153,9,574,196,1497,0.5833333333333333	
158375,10,148,11,504,158,1598,0.6136363636363636	
151260,4,148,10,511,163,1577,0.575	
146792,9,125,9,563,181,1515,0.6111111111111112	
159662,10,148,14,497,152,1617,0.6428571428571428	
147388,7,162,9,526,185,1543,0.6111111111111112	
158113,4,141,13,505,169,1575,0.6153846153846154	
161417,4,148,14,487,146,1616,0.6428571428571428	
156347,4,148,12,511,165,1575,0.6041666666666667	
#
151260,4,148,10,511,163,1577,0.575	
134347,10,153,9,574,196,1497,0.5833333333333333	
156687,4,120,12,505,182,1562,0.625	
146792,9,125,9,563,181,1515,0.6111111111111112	
159662,10,148,14,497,152,1617,0.6428571428571428	
147388,7,162,9,526,185,1543,0.6111111111111112	
161417,4,148,14,487,146,1616,0.6428571428571428	
157308,4,133,12,504,165,1580,0.6041666666666667	
156347,4,148,12,511,165,1575,0.6041666666666667	
#
151260,4,148,10,511,163,1577,0.575	
134347,10,153,9,574,196,1497,0.5833333333333333	
157308,4,133,12,504,165,1580,0.6041666666666667	
156687,4,120,12,505,182,1562,0.625	
146792,9,125,9,563,181,1515,0.6111111111111112	
159662,10,148,14,497,152,1617,0.6428571428571428	
147388,7,162,9,526,185,1543,0.6111111111111112	
161417,4,148,14,487,146,1616,0.6428571428571428	
156347,4,148,12,511,165,1575,0.6041666666666667	
#
157308,4,133,12,504,165,1580,0.6041666666666667	
151260,4,148,10,511,163,1577,0.575	
134347,10,153,9,574,196,1497,0.5833333333333333	
156687,4,120,12,505,182,1562,0.625	
146792,9,125,9,563,181,1515,0.6111111111111112	
157127,10,126,10,504,163,1593,0.6	
159662,10,148,14,497,152,1617,0.6428571428571428	
147388,7,162,9,526,185,1543,0.6111111111111112	
161417,4,148,14,487,146,1616,0.6428571428571428	
156347,4,148,12,511,165,1575,0.6041666666666667	
#
157308,4,133,12,504,165,1580,0.6041666666666667	
151260,4,148,10,511,163,1577,0.575	
134347,10,153,9,574,196,1497,0.5833333333333333	
146792,9,125,9,563,181,1515,0.6111111111111112	
157127,10,126,10,504,163,1593,0.6	
156347,4,148,12,511,165,1575,0.6041666666666667	
147388,7,162,9,526,185,1543,0.6111111111111112	
161417,4,148,14,487,146,1616,0.6428571428571428	
#
157308,4,133,12,504,165,1580,0.6041666666666667	
151260,4,148,10,511,163,1577,0.575	
134347,10,153,9,574,196,1497,0.5833333333333333	
156347,4,148,12,511,165,1575,0.6041666666666667	
146792,9,125,9,563,181,1515,0.6111111111111112	
157127,10,126,10,504,163,1593,0.6	
165037,4,148,13,492,154,1602,0.6538461538461539	
147388,7,162,9,526,185,1543,0.6111111111111112	
161838,10,126,14,504,152,1609,0.6428571428571428	
#
157308,4,133,12,504,165,1580,0.6041666666666667	
151260,4,148,10,511,163,1577,0.575	
134347,10,153,9,574,196,1497,0.5833333333333333	
146792,9,125,9,563,181,1515,0.6111111111111112	
157127,10,126,10,504,163,1593,0.6	
160190,4,133,13,500,160,1589,0.6346153846153846	
156347,4,148,12,511,165,1575,0.6041666666666667	
147388,7,162,9,526,185,1543,0.6111111111111112	
158635,4,116,12,501,181,1570,0.6041666666666667	
#
154334,4,143,12,496,175,1578,0.625	
151260,4,148,10,511,163,1577,0.575	
134347,10,153,9,574,196,1497,0.5833333333333333	
151580,4,148,10,509,165,1577,0.575	
146792,9,125,9,563,181,1515,0.6111111111111112	
147388,7,162,9,526,185,1543,0.6111111111111112	
152992,4,148,10,499,170,1585,0.6	
162643,10,126,12,490,155,1619,0.6458333333333333	
#
154334,4,143,12,496,175,1578,0.625	
151260,4,148,10,511,163,1577,0.575	
134347,10,153,9,574,196,1497,0.5833333333333333	
151580,4,148,10,509,165,1577,0.575	
146792,9,125,9,563,181,1515,0.6111111111111112	
147388,7,162,9,526,185,1543,0.6111111111111112	
146070,9,134,10,576,164,1505,0.55	
152992,4,148,10,499,170,1585,0.6	
162643,10,126,12,490,155,1619,0.6458333333333333	
#
154334,4,143,12,496,175,1578,0.625	
151260,4,148,10,511,163,1577,0.575	
134347,10,153,9,574,196,1497,0.5833333333333333	
151580,4,148,10,509,165,1577,0.575	
146792,9,125,9,563,181,1515,0.6111111111111112	
147388,7,162,9,526,185,1543,0.6111111111111112	
146070,9,134,10,576,164,1505,0.55	
152992,4,148,10,499,170,1585,0.6	
162643,10,126,12,490,155,1619,0.6458333333333333	
#
154334,4,143,12,496,175,1578,0.625	
151260,4,148,10,511,163,1577,0.575	
134347,10,153,9,574,196,1497,0.5833333333333333	
151580,4,148,10,509,165,1577,0.575	
147388,7,162,9,526,185,1543,0.6111111111111112	
146792,9,125,9,563,181,1515,0.6111111111111112	
156064,4,148,13,478,160,1614,0.6730769230769231	
152992,4,148,10,499,170,1585,0.6	
#
154334,4,143,12,496,175,1578,0.625	
151260,4,148,10,511,163,1577,0.575	
134347,10,153,9,574,196,1497,0.5833333333333333	
151580,4,148,10,509,165,1577,0.575	
147388,7,162,9,526,185,1543,0.6111111111111112	
146792,9,125,9,563,181,1515,0.6111111111111112	
156064,4,148,13,478,160,1614,0.6730769230769231	
152992,4,148,10,499,170,1585,0.6	
#
154334,4,143,12,496,175,1578,0.625	
151260,4,148,10,511,163,1577,0.575	
151260,4,148,10,511,163,1577,0.575	
134347,10,153,9,574,196,1497,0.5833333333333333	
151580,4,148,10,509,165,1577,0.575	
147388,7,162,9,526,185,1543,0.6111111111111112	
146792,9,125,9,563,181,1515,0.6111111111111112	
156064,4,148,13,478,160,1614,0.6730769230769231	
152992,4,148,10,499,170,1585,0.6	
#
151260,4,148,10,511,163,1577,0.575	
151260,4,148,10,511,163,1577,0.575	
134347,10,153,9,574,196,1497,0.5833333333333333	
151580,4,148,10,509,165,1577,0.575	
147388,7,162,9,526,185,1543,0.6111111111111112	
154334,4,143,12,496,175,1578,0.625	
146792,9,125,9,563,181,1515,0.6111111111111112	
156064,4,148,13,478,160,1614,0.6730769230769231	
152992,4,148,10,499,170,1585,0.6	
#
151260,4,148,10,511,163,1577,0.575	
151260,4,148,10,511,163,1577,0.575	
147388,7,162,9,526,185,1543,0.6111111111111112	
151580,4,148,10,509,165,1577,0.575	
152052,4,148,11,504,177,1569,0.6136363636363636	
146792,9,125,9,563,181,1515,0.6111111111111112	
156064,4,148,13,478,160,1614,0.6730769230769231	
154334,4,143,12,496,175,1578,0.625	
134347,10,153,9,574,196,1497,0.5833333333333333	
150886,10,148,10,519,165,1582,0.575	
152992,4,148,10,499,170,1585,0.6	
#
151260,4,148,10,511,163,1577,0.575	
151260,4,148,10,511,163,1577,0.575	
147388,7,162,9,526,185,1543,0.6111111111111112	
151580,4,148,10,509,165,1577,0.575	
152052,4,148,11,504,177,1569,0.6136363636363636	
156064,4,148,13,478,160,1614,0.6730769230769231	
154334,4,143,12,496,175,1578,0.625	
134347,10,153,9,574,196,1497,0.5833333333333333	
144667,13,115,9,556,196,1526,0.5	
150886,10,148,10,519,165,1582,0.575	
152992,4,148,10,499,170,1585,0.6	
#
156064,4,148,13,478,160,1614,0.6730769230769231	
151260,4,148,10,511,163,1577,0.575	
151260,4,148,10,511,163,1577,0.575	
147388,7,162,9,526,185,1543,0.6111111111111112	
151580,4,148,10,509,165,1577,0.575	
152052,4,148,11,504,177,1569,0.6136363636363636	
154334,4,143,12,496,175,1578,0.625	
154334,4,143,12,496,175,1578,0.625	
144667,13,115,9,556,196,1526,0.5	
134347,10,153,9,574,196,1497,0.5833333333333333	
150886,10,148,10,519,165,1582,0.575	
152992,4,148,10,499,170,1585,0.6	
#
156064,4,148,13,478,160,1614,0.6730769230769231	
151260,4,148,10,511,163,1577,0.575	
151260,4,148,10,511,163,1577,0.575	
147388,7,162,9,526,185,1543,0.6111111111111112	
151580,4,148,10,509,165,1577,0.575	
152052,4,148,11,504,177,1569,0.6136363636363636	
144194,10,150,9,594,191,1479,0.4722222222222222	
154334,4,143,12,496,175,1578,0.625	
152992,4,148,10,499,170,1585,0.6	
144667,13,115,9,556,196,1526,0.5	
#
156064,4,148,13,478,160,1614,0.6730769230769231	
152052,4,148,11,504,177,1569,0.6136363636363636	
144194,10,150,9,594,191,1479,0.4722222222222222	
154334,4,143,12,496,175,1578,0.625	
152992,4,148,10,499,170,1585,0.6	
144667,13,115,9,556,196,1526,0.5	
146616,7,162,9,507,175,1572,0.6111111111111112	
#
156064,4,148,13,478,160,1614,0.6730769230769231	
152052,4,148,11,504,177,1569,0.6136363636363636	
144194,10,150,9,594,191,1479,0.4722222222222222	
153312,4,148,10,497,172,1585,0.6	
152992,4,148,10,499,170,1585,0.6	
154334,4,143,12,496,175,1578,0.625	
144667,13,115,9,556,196,1526,0.5	
146616,7,162,9,507,175,1572,0.6111111111111112	
148092,7,162,10,507,174,1573,0.625	
#
157623,4,143,13,483,167,1599,0.6538461538461539	
146479,7,162,9,516,184,1554,0.6111111111111112	
154334,4,143,12,496,175,1578,0.625	
148092,7,162,10,507,174,1573,0.625	
152052,4,148,11,504,177,1569,0.6136363636363636	
144135,7,115,9,544,199,1523,0.5	
153312,4,148,10,497,172,1585,0.6	
152992,4,148,10,499,170,1585,0.6	
146616,7,162,9,507,175,1572,0.6111111111111112	
156595,4,126,10,492,166,1590,0.625	
#
157623,4,143,13,483,167,1599,0.6538461538461539	
146479,7,162,9,516,184,1554,0.6111111111111112	
154334,4,143,12,496,175,1578,0.625	
148092,7,162,10,507,174,1573,0.625	
152052,4,148,11,504,177,1569,0.6136363636363636	
144194,10,150,9,594,191,1479,0.4722222222222222	
153312,4,148,10,497,172,1585,0.6	
152992,4,148,10,499,170,1585,0.6	
144667,13,115,9,556,196,1526,0.5	
146616,7,162,9,507,175,1572,0.6111111111111112	
146070,7,113,9,552,203,1513,0.5	
156595,4,126,10,492,166,1590,0.625	
#
157623,4,143,13,483,167,1599,0.6538461538461539	
146479,7,162,9,516,184,1554,0.6111111111111112	
153312,4,148,10,497,172,1585,0.6	
154334,4,143,12,496,175,1578,0.625	
148092,7,162,10,507,174,1573,0.625	
152052,4,148,11,504,177,1569,0.6136363636363636	
144194,10,150,9,594,191,1479,0.4722222222222222	
152992,4,148,10,499,170,1585,0.6	
144667,13,115,9,556,196,1526,0.5	
146616,7,162,9,507,175,1572,0.6111111111111112	
146070,7,113,9,552,203,1513,0.5	
156595,4,126,10,492,166,1590,0.625	
#
157623,4,143,13,483,167,1599,0.6538461538461539	
146479,7,162,9,516,184,1554,0.6111111111111112	
153312,4,148,10,497,172,1585,0.6	
148092,7,162,10,507,174,1573,0.625	
152052,4,148,11,504,177,1569,0.6136363636363636	
154334,4,143,12,496,175,1578,0.625	
152992,4,148,10,499,170,1585,0.6	
144667,13,115,9,556,196,1526,0.5	
146616,7,162,9,507,175,1572,0.6111111111111112	
146070,7,113,9,552,203,1513,0.5	
156595,4,126,10,492,166,1590,0.625	
#
157623,4,143,13,483,167,1599,0.6538461538461539	
146479,7,162,9,516,184,1554,0.6111111111111112	
153312,4,148,10,497,172,1585,0.6	
148092,7,162,10,507,174,1573,0.625	
152052,4,148,11,504,177,1569,0.6136363636363636	
154334,4,143,12,496,175,1578,0.625	
152992,4,148,10,499,170,1585,0.6	
144667,13,115,9,556,196,1526,0.5	
146616,7,162,9,507,175,1572,0.6111111111111112	
146070,7,113,9,552,203,1513,0.5	
156595,4,126,10,492,166,1590,0.625	
#
157623,4,143,13,483,167,1599,0.6538461538461539	
146479,7,162,9,516,184,1554,0.6111111111111112	
153312,4,148,10,497,172,1585,0.6	
148092,7,162,10,507,174,1573,0.625	
152052,4,148,11,504,177,1569,0.6136363636363636	
154334,4,143,12,496,175,1578,0.625	
152992,4,148,10,499,170,1585,0.6	
144667,13,115,9,556,196,1526,0.5	
146616,7,162,9,507,175,1572,0.6111111111111112	
146070,7,113,9,552,203,1513,0.5	
156595,4,126,10,492,166,1590,0.625	
#
157623,4,143,13,483,167,1599,0.6538461538461539	
146479,7,162,9,516,184,1554,0.6111111111111112	
153312,4,148,10,497,172,1585,0.6	
154334,4,143,12,496,175,1578,0.625	
152052,4,148,11,504,177,1569,0.6136363636363636	
148092,7,162,10,507,174,1573,0.625	
152992,4,148,10,499,170,1585,0.6	
144667,13,115,9,556,196,1526,0.5	
146616,7,162,9,507,175,1572,0.6111111111111112	
146070,7,113,9,552,203,1513,0.5	
156595,4,126,10,492,166,1590,0.625	
#
157623,4,143,13,483,167,1599,0.6538461538461539	
153312,4,148,10,497,172,1585,0.6	
148092,7,162,10,507,174,1573,0.625	
154334,4,143,12,496,175,1578,0.625	
152052,4,148,11,504,177,1569,0.6136363636363636	
152992,4,148,10,499,170,1585,0.6	
146616,7,162,9,507,175,1572,0.6111111111111112	
156595,4,126,10,492,166,1590,0.625	
144716,7,162,8,507,185,1562,0.59375	
#
157623,4,143,13,483,167,1599,0.6538461538461539	
153312,4,148,10,497,172,1585,0.6	
148092,7,162,10,507,174,1573,0.625	
154334,4,143,12,496,175,1578,0.625	
144324,9,158,9,576,142,1544,0.5	
144716,7,162,8,507,185,1562,0.59375	
152992,4,148,10,499,170,1585,0.6	
146616,7,162,9,507,175,1572,0.6111111111111112	
156595,4,126,10,492,166,1590,0.625	
152052,4,148,11,504,177,1569,0.6136363636363636	
#
157623,4,143,13,483,167,1599,0.6538461538461539	
153312,4,148,10,497,172,1585,0.6	
148092,7,162,10,507,174,1573,0.625	
154334,4,143,12,496,175,1578,0.625	
144324,9,158,9,576,142,1544,0.5	
144716,7,162,8,507,185,1562,0.59375	
152992,4,148,10,499,170,1585,0.6	
146616,7,162,9,507,175,1572,0.6111111111111112	
156595,4,126,10,492,166,1590,0.625	
152052,4,148,11,504,177,1569,0.6136363636363636	
#
157623,4,143,13,483,167,1599,0.6538461538461539	
153312,4,148,10,497,172,1585,0.6	
148092,7,162,10,507,174,1573,0.625	
152992,4,148,10,499,170,1585,0.6	
152992,4,148,10,499,170,1585,0.6	
154334,4,143,12,496,175,1578,0.625	
144324,9,158,9,576,142,1544,0.5	
144716,7,162,8,507,185,1562,0.59375	
146616,7,162,9,507,175,1572,0.6111111111111112	
156595,4,126,10,492,166,1590,0.625	
152052,4,148,11,504,177,1569,0.6136363636363636	
#
157623,4,143,13,483,167,1599,0.6538461538461539	
153312,4,148,10,497,172,1585,0.6	
152992,4,148,10,499,170,1585,0.6	
148092,7,162,10,507,174,1573,0.625	
144716,7,162,8,507,185,1562,0.59375	
154334,4,143,12,496,175,1578,0.625	
145169,7,162,9,507,183,1564,0.6111111111111112	
148767,7,162,10,505,177,1572,0.625	
141961,7,162,8,517,180,1557,0.59375	
146616,7,162,9,507,175,1572,0.6111111111111112	
156595,4,126,10,492,166,1590,0.625	
152052,4,148,11,504,177,1569,0.6136363636363636	
#
157623,4,143,13,483,167,1599,0.6538461538461539	
150928,4,148,10,499,168,1587,0.6	
152992,4,148,10,499,170,1585,0.6	
148092,7,162,10,507,174,1573,0.625	
153312,4,148,10,497,172,1585,0.6	
153312,4,148,10,497,172,1585,0.6	
144716,7,162,8,507,185,1562,0.59375	
144716,7,162,8,507,185,1562,0.59375	
154334,4,143,12,496,175,1578,0.625	
145169,7,162,9,507,183,1564,0.6111111111111112	
148767,7,162,10,505,177,1572,0.625	
141961,7,162,8,517,180,1557,0.59375	
146616,7,162,9,507,175,1572,0.6111111111111112	
156595,4,126,10,492,166,1590,0.625	
#
157623,4,143,13,483,167,1599,0.6538461538461539	
150928,4,148,10,499,168,1587,0.6	
152992,4,148,10,499,170,1585,0.6	
146901,7,162,9,507,175,1572,0.6111111111111112	
148092,7,162,10,507,174,1573,0.625	
153312,4,148,10,497,172,1585,0.6	
153312,4,148,10,497,172,1585,0.6	
148767,7,162,10,505,177,1572,0.625	
144716,7,162,8,507,185,1562,0.59375	
146616,7,162,9,507,175,1572,0.6111111111111112	
154334,4,143,12,496,175,1578,0.625	
145169,7,162,9,507,183,1564,0.6111111111111112	
141961,7,162,8,517,180,1557,0.59375	
156595,4,126,10,492,166,1590,0.625	
#
157623,4,143,13,483,167,1599,0.6538461538461539	
150928,4,148,10,499,168,1587,0.6	
146901,7,162,9,507,175,1572,0.6111111111111112	
148092,7,162,10,507,174,1573,0.625	
153312,4,148,10,497,172,1585,0.6	
153312,4,148,10,497,172,1585,0.6	
148767,7,162,10,505,177,1572,0.625	
144716,7,162,8,507,185,1562,0.59375	
152992,4,148,10,499,170,1585,0.6	
146616,7,162,9,507,175,1572,0.6111111111111112	
145169,7,162,9,507,183,1564,0.6111111111111112	
141961,7,162,8,517,180,1557,0.59375	
144139,7,162,8,507,184,1563,0.59375	
146547,7,162,9,507,185,1562,0.6111111111111112	
154334,4,143,12,496,175,1578,0.625	
156595,4,126,10,492,166,1590,0.625	
#
157623,4,143,13,483,167,1599,0.6538461538461539	
150928,4,148,10,499,168,1587,0.6	
146901,7,162,9,507,175,1572,0.6111111111111112	
148092,7,162,10,507,174,1573,0.625	
153312,4,148,10,497,172,1585,0.6	
153312,4,148,10,497,172,1585,0.6	
148767,7,162,10,505,177,1572,0.625	
144716,7,162,8,507,185,1562,0.59375	
152992,4,148,10,499,170,1585,0.6	
146616,7,162,9,507,175,1572,0.6111111111111112	
145169,7,162,9,507,183,1564,0.6111111111111112	
141961,7,162,8,517,180,1557,0.59375	
144139,7,162,8,507,184,1563,0.59375	
148732,7,162,10,507,175,1572,0.625	
146547,7,162,9,507,185,1562,0.6111111111111112	
154334,4,143,12,496,175,1578,0.625	
156595,4,126,10,492,166,1590,0.625	
#
157623,4,143,13,483,167,1599,0.6538461538461539	
150928,4,148,10,499,168,1587,0.6	
153312,4,148,10,497,172,1585,0.6	
152992,4,148,10,499,170,1585,0.6	
143792,7,162,9,517,180,1557,0.6111111111111112	
144363,14,162,8,503,184,1572,0.59375	
144139,7,162,8,507,184,1563,0.59375	
154334,4,143,12,496,175,1578,0.625	
156595,4,126,10,492,166,1590,0.625	
#
157623,4,143,13,483,167,1599,0.6538461538461539	
150928,4,148,10,499,168,1587,0.6	
153312,4,148,10,497,172,1585,0.6	
152992,4,148,10,499,170,1585,0.6	
152992,4,148,10,499,170,1585,0.6	
143792,7,162,9,517,180,1557,0.6111111111111112	
144139,7,162,8,507,184,1563,0.59375	
144363,14,162,8,503,184,1572,0.59375	
154334,4,143,12,496,175,1578,0.625	
156595,4,126,10,492,166,1590,0.625	
#
157623,4,143,13,483,167,1599,0.6538461538461539	
150928,4,148,10,499,168,1587,0.6	
153312,4,148,10,497,172,1585,0.6	
152992,4,148,10,499,170,1585,0.6	
152992,4,148,10,499,170,1585,0.6	
143792,7,162,9,517,180,1557,0.6111111111111112	
144139,7,162,8,507,184,1563,0.59375	
141157,12,132,9,560,177,1535,0.5555555555555556	
144363,14,162,8,503,184,1572,0.59375	
154334,4,143,12,496,175,1578,0.625	
156595,4,126,10,492,166,1590,0.625	
#
157623,4,143,13,483,167,1599,0.6538461538461539	
150928,4,148,10,499,168,1587,0.6	
153312,4,148,10,497,172,1585,0.6	
152992,4,148,10,499,170,1585,0.6	
144139,7,162,8,507,184,1563,0.59375	
144363,14,162,8,503,184,1572,0.59375	
143792,7,162,9,517,180,1557,0.6111111111111112	
141157,12,132,9,560,177,1535,0.5555555555555556	
154334,4,143,12,496,175,1578,0.625	
156595,4,126,10,492,166,1590,0.625	
#
157623,4,143,13,483,167,1599,0.6538461538461539	
153312,4,148,10,497,172,1585,0.6	
152992,4,148,10,499,170,1585,0.6	
144139,7,162,8,507,184,1563,0.59375	
144363,14,162,8,503,184,1572,0.59375	
143792,7,162,9,517,180,1557,0.6111111111111112	
143792,7,162,9,517,180,1557,0.6111111111111112	
154334,4,143,12,496,175,1578,0.625	
156595,4,126,10,492,166,1590,0.625	
152052,4,148,11,504,177,1569,0.6136363636363636	
#
157623,4,143,13,483,167,1599,0.6538461538461539	
153312,4,148,10,497,172,1585,0.6	
153312,4,148,10,497,172,1585,0.6	
152931,4,149,10,505,170,1573,0.6	
152992,4,148,10,499,170,1585,0.6	
144139,7,162,8,507,184,1563,0.59375	
144363,14,162,8,503,184,1572,0.59375	
143792,7,162,9,517,180,1557,0.6111111111111112	
143792,7,162,9,517,180,1557,0.6111111111111112	
154334,4,143,12,496,175,1578,0.625	
156595,4,126,10,492,166,1590,0.625	
143448,14,162,9,547,185,1529,0.5833333333333333	
#
157623,4,143,13,483,167,1599,0.6538461538461539	
153312,4,148,10,497,172,1585,0.6	
153312,4,148,10,497,172,1585,0.6	
152931,4,149,10,505,170,1573,0.6	
152992,4,148,10,499,170,1585,0.6	
144139,7,162,8,507,184,1563,0.59375	
144363,14,162,8,503,184,1572,0.59375	
143792,7,162,9,517,180,1557,0.6111111111111112	
143792,7,162,9,517,180,1557,0.6111111111111112	
154334,4,143,12,496,175,1578,0.625	
156595,4,126,10,492,166,1590,0.625	
143448,14,162,9,547,185,1529,0.5833333333333333	
#
157623,4,143,13,483,167,1599,0.6538461538461539	
144363,14,162,8,503,184,1572,0.59375	
143792,7,162,9,517,180,1557,0.6111111111111112	
144139,7,162,8,507,184,1563,0.59375	
144139,7,162,8,507,184,1563,0.59375	
144940,14,162,8,503,185,1571,0.59375	
146097,7,162,9,489,177,1583,0.6111111111111112	
143448,14,162,9,547,185,1529,0.5833333333333333	
#
157623,4,143,13,483,167,1599,0.6538461538461539	
144363,14,162,8,503,184,1572,0.59375	
143792,7,162,9,517,180,1557,0.6111111111111112	
144139,7,162,8,507,184,1563,0.59375	
144139,7,162,8,507,184,1563,0.59375	
143536,8,162,8,526,179,1554,0.59375	
144668,14,162,8,494,185,1580,0.59375	
146097,7,162,9,489,177,1583,0.6111111111111112	
#
157623,4,143,13,483,167,1599,0.6538461538461539	
146097,7,162,9,489,177,1583,0.6111111111111112	
144363,14,162,8,503,184,1572,0.59375	
144139,7,162,8,507,184,1563,0.59375	
143792,7,162,9,517,180,1557,0.6111111111111112	
144668,14,162,8,494,185,1580,0.59375	
143448,14,162,9,547,185,1529,0.5833333333333333	
#
157623,4,143,13,483,167,1599,0.6538461538461539	
146097,7,162,9,489,177,1583,0.6111111111111112	
144363,14,162,8,503,184,1572,0.59375	
144139,7,162,8,507,184,1563,0.59375	
143792,7,162,9,517,180,1557,0.6111111111111112	
143448,14,162,9,547,185,1529,0.5833333333333333	
144668,14,162,8,494,185,1580,0.59375	
#
157623,4,143,13,483,167,1599,0.6538461538461539	
146097,7,162,9,489,177,1583,0.6111111111111112	
144363,14,162,8,503,184,1572,0.59375	
144139,7,162,8,507,184,1563,0.59375	
144139,7,162,8,507,184,1563,0.59375	
143792,7,162,9,517,180,1557,0.6111111111111112	
143448,14,162,9,547,185,1529,0.5833333333333333	
144668,14,162,8,494,185,1580,0.59375	
145451,7,162,9,489,186,1574,0.6111111111111112	
#
157623,4,143,13,483,167,1599,0.6538461538461539	
146097,7,162,9,489,177,1583,0.6111111111111112	
144363,14,162,8,503,184,1572,0.59375	
144139,7,162,8,507,184,1563,0.59375	
144139,7,162,8,507,184,1563,0.59375	
143792,7,162,9,517,180,1557,0.6111111111111112	
143448,14,162,9,547,185,1529,0.5833333333333333	
144484,7,162,8,498,187,1564,0.59375	
144668,14,162,8,494,185,1580,0.59375	
145451,7,162,9,489,186,1574,0.6111111111111112	
#
157623,4,143,13,483,167,1599,0.6538461538461539	
146097,7,162,9,489,177,1583,0.6111111111111112	
144484,7,162,8,498,187,1564,0.59375	
144668,14,162,8,494,185,1580,0.59375	
147928,7,162,10,489,177,1583,0.625	
145451,7,162,9,489,186,1574,0.6111111111111112	
141442,7,162,8,499,182,1568,0.59375	
#
157623,4,143,13,483,167,1599,0.6538461538461539	
146097,7,162,9,489,177,1583,0.6111111111111112	
144668,14,162,8,494,185,1580,0.59375	
144484,7,162,8,498,187,1564,0.59375	
147928,7,162,10,489,177,1583,0.625	
145451,7,162,9,489,186,1574,0.6111111111111112	
141442,7,162,8,499,182,1568,0.59375	
#
157623,4,143,13,483,167,1599,0.6538461538461539	
146097,7,162,9,489,177,1583,0.6111111111111112	
144668,14,162,8,494,185,1580,0.59375	
144484,7,162,8,498,187,1564,0.59375	
145451,7,162,9,489,186,1574,0.6111111111111112	
147928,7,162,10,489,177,1583,0.625	
141442,7,162,8,499,182,1568,0.59375	
#
157623,4,143,13,483,167,1599,0.6538461538461539	
146097,7,162,9,489,177,1583,0.6111111111111112	
145451,7,162,9,489,186,1574,0.6111111111111112	
147928,7,162,10,489,177,1583,0.625	
141442,7,162,8,499,182,1568,0.59375	
143620,7,162,8,489,186,1574,0.59375	
#
157623,4,143,13,483,167,1599,0.6538461538461539	
146097,7,162,9,489,177,1583,0.6111111111111112	
145451,7,162,9,489,186,1574,0.6111111111111112	
147928,7,162,10,489,177,1583,0.625	
141442,7,162,8,499,182,1568,0.59375	
143620,7,162,8,489,186,1574,0.59375	
#
157623,4,143,13,483,167,1599,0.6538461538461539	
146097,7,162,9,489,177,1583,0.6111111111111112	
139002,5,157,8,490,168,1584,0.59375	
145451,7,162,9,489,186,1574,0.6111111111111112	
147928,7,162,10,489,177,1583,0.625	
143620,7,162,8,489,186,1574,0.59375	
#
157623,4,143,13,483,167,1599,0.6538461538461539	
146097,7,162,9,489,177,1583,0.6111111111111112	
139002,5,157,8,490,168,1584,0.59375	
145451,7,162,9,489,186,1574,0.6111111111111112	
147928,7,162,10,489,177,1583,0.625	
143620,7,162,8,489,186,1574,0.59375	
143620,7,162,8,489,186,1574,0.59375	
#
157623,4,143,13,483,167,1599,0.6538461538461539	
146097,7,162,9,489,177,1583,0.6111111111111112	
139002,5,157,8,490,168,1584,0.59375	
145451,7,162,9,489,186,1574,0.6111111111111112	
146417,7,162,9,487,179,1583,0.6111111111111112	
143620,7,162,8,489,186,1574,0.59375	
143620,7,162,8,489,186,1574,0.59375	
#
157623,4,143,13,483,167,1599,0.6538461538461539	
146097,7,162,9,489,177,1583,0.6111111111111112	
143620,7,162,8,489,186,1574,0.59375	
139002,5,157,8,490,168,1584,0.59375	
145451,7,162,9,489,186,1574,0.6111111111111112	
145451,7,162,9,489,186,1574,0.6111111111111112	
146417,7,162,9,487,179,1583,0.6111111111111112	
#
157623,4,143,13,483,167,1599,0.6538461538461539	
146097,7,162,9,489,177,1583,0.6111111111111112	
143620,7,162,8,489,186,1574,0.59375	
139002,5,157,8,490,168,1584,0.59375	
145451,7,162,9,489,186,1574,0.6111111111111112	
145451,7,162,9,489,186,1574,0.6111111111111112	
146417,7,162,9,487,179,1583,0.6111111111111112	
#
157623,4,143,13,483,167,1599,0.6538461538461539	
143620,7,162,8,489,186,1574,0.59375	
139002,5,157,8,490,168,1584,0.59375	
143844,14,162,8,485,186,1583,0.59375	
#
143620,7,162,8,489,186,1574,0.59375	
139002,5,157,8,490,168,1584,0.59375	
143844,14,162,8,485,186,1583,0.59375	
143925,7,162,8,480,187,1582,0.59375	
#
139002,5,157,8,490,168,1584,0.59375	
143925,7,162,8,480,187,1582,0.59375	
143620,7,162,8,489,186,1574,0.59375	
143620,7,162,8,489,186,1574,0.59375	
143844,14,162,8,485,186,1583,0.59375	
#
139002,5,157,8,490,168,1584,0.59375	
143925,7,162,8,480,187,1582,0.59375	
143620,7,162,8,489,186,1574,0.59375	
137542,12,157,8,530,161,1571,0.59375	
143844,14,162,8,485,186,1583,0.59375	
143174,7,162,8,489,186,1574,0.59375	
145401,7,162,9,480,186,1583,0.6111111111111112	
#
144149,14,162,8,476,187,1591,0.59375	
143620,7,162,8,489,186,1574,0.59375	
139002,5,157,8,490,168,1584,0.59375	
143925,7,162,8,480,187,1582,0.59375	
137542,12,157,8,530,161,1571,0.59375	
143844,14,162,8,485,186,1583,0.59375	
143174,7,162,8,489,186,1574,0.59375	
#
143925,7,162,8,480,187,1582,0.59375	
143620,7,162,8,489,186,1574,0.59375	
144149,14,162,8,476,187,1591,0.59375	
139002,5,157,8,490,168,1584,0.59375	
139002,5,157,8,490,168,1584,0.59375	
137542,12,157,8,530,161,1571,0.59375	
143844,14,162,8,485,186,1583,0.59375	
143174,7,162,8,489,186,1574,0.59375	
#
143925,7,162,8,480,187,1582,0.59375	
143620,7,162,8,489,186,1574,0.59375	
144149,14,162,8,476,187,1591,0.59375	
139002,5,157,8,490,168,1584,0.59375	
139002,5,157,8,490,168,1584,0.59375	
137542,12,157,8,530,161,1571,0.59375	
143844,14,162,8,485,186,1583,0.59375	
143174,7,162,8,489,186,1574,0.59375	
138778,0,157,8,494,168,1573,0.59375	
#
143925,7,162,8,480,187,1582,0.59375	
143620,7,162,8,489,186,1574,0.59375	
144149,14,162,8,476,187,1591,0.59375	
139002,5,157,8,490,168,1584,0.59375	
139002,5,157,8,490,168,1584,0.59375	
137542,12,157,8,530,161,1571,0.59375	
143844,14,162,8,485,186,1583,0.59375	
143844,14,162,8,485,186,1583,0.59375	
143174,7,162,8,489,186,1574,0.59375	
137318,7,157,8,534,161,1560,0.59375	
138778,0,157,8,494,168,1573,0.59375	
#
143925,7,162,8,480,187,1582,0.59375	
143925,7,162,8,480,187,1582,0.59375	
143620,7,162,8,489,186,1574,0.59375	
143844,14,162,8,485,186,1583,0.59375	
139002,5,157,8,490,168,1584,0.59375	
139002,5,157,8,490,168,1584,0.59375	
137542,12,157,8,530,161,1571,0.59375	
143174,7,162,8,489,186,1574,0.59375	
137318,7,157,8,534,161,1560,0.59375	
138778,0,157,8,494,168,1573,0.59375	
145401,7,162,9,480,186,1583,0.6111111111111112	
#
143925,7,162,8,480,187,1582,0.59375	
139002,5,157,8,490,168,1584,0.59375	
143620,7,162,8,489,186,1574,0.59375	
143844,14,162,8,485,186,1583,0.59375	
143844,14,162,8,485,186,1583,0.59375	
143174,7,162,8,489,186,1574,0.59375	
137186,5,157,7,520,166,1556,0.5714285714285714	
138778,0,157,8,494,168,1573,0.59375	
145401,7,162,9,480,186,1583,0.6111111111111112	
#
143925,7,162,8,480,187,1582,0.59375	
139002,5,157,8,490,168,1584,0.59375	
143620,7,162,8,489,186,1574,0.59375	
143844,14,162,8,485,186,1583,0.59375	
143844,14,162,8,485,186,1583,0.59375	
143174,7,162,8,489,186,1574,0.59375	
137186,5,157,7,520,166,1556,0.5714285714285714	
138778,0,157,8,494,168,1573,0.59375	
145401,7,162,9,480,186,1583,0.6111111111111112	
#
143925,7,162,8,480,187,1582,0.59375	
139002,5,157,8,490,168,1584,0.59375	
143620,7,162,8,489,186,1574,0.59375	
143620,7,162,8,489,186,1574,0.59375	
143844,14,162,8,485,186,1583,0.59375	
143174,7,162,8,489,186,1574,0.59375	
137186,5,157,7,520,166,1556,0.5714285714285714	
138778,0,157,8,494,168,1573,0.59375	
145401,7,162,9,480,186,1583,0.6111111111111112	
#
143925,7,162,8,480,187,1582,0.59375	
139002,5,157,8,490,168,1584,0.59375	
143620,7,162,8,489,186,1574,0.59375	
143620,7,162,8,489,186,1574,0.59375	
138778,0,157,8,494,168,1573,0.59375	
143844,14,162,8,485,186,1583,0.59375	
143174,7,162,8,489,186,1574,0.59375	
137186,5,157,7,520,166,1556,0.5714285714285714	
145401,7,162,9,480,186,1583,0.6111111111111112	
#
143925,7,162,8,480,187,1582,0.59375	
139002,5,157,8,490,168,1584,0.59375	
139002,5,157,8,490,168,1584,0.59375	
139307,5,157,8,481,169,1592,0.59375	
138778,0,157,8,494,168,1573,0.59375	
137186,5,157,7,520,166,1556,0.5714285714285714	
145401,7,162,9,480,186,1583,0.6111111111111112	
#
146911,14,162,9,476,178,1600,0.6111111111111112	
143925,7,162,8,480,187,1582,0.59375	
139002,5,157,8,490,168,1584,0.59375	
139002,5,157,8,490,168,1584,0.59375	
143479,7,162,8,480,187,1582,0.59375	
138778,0,157,8,494,168,1573,0.59375	
139307,5,157,8,481,169,1592,0.59375	
137186,5,157,7,520,166,1556,0.5714285714285714	
#
144149,14,162,8,476,187,1591,0.59375	
139002,5,157,8,490,168,1584,0.59375	
139002,5,157,8,490,168,1584,0.59375	
143479,7,162,8,480,187,1582,0.59375	
138778,0,157,8,494,168,1573,0.59375	
139307,5,157,8,481,169,1592,0.59375	
143925,7,162,8,480,187,1582,0.59375	
143925,7,162,8,480,187,1582,0.59375	
137186,5,157,7,520,166,1556,0.5714285714285714	
#
144149,14,162,8,476,187,1591,0.59375	
139083,0,157,8,485,169,1581,0.59375	
139002,5,157,8,490,168,1584,0.59375	
139002,5,157,8,490,168,1584,0.59375	
143479,7,162,8,480,187,1582,0.59375	
138778,0,157,8,494,168,1573,0.59375	
139307,5,157,8,481,169,1592,0.59375	
137542,12,157,8,530,161,1571,0.59375	
143925,7,162,8,480,187,1582,0.59375	
143925,7,162,8,480,187,1582,0.59375	
#
144149,14,162,8,476,187,1591,0.59375	
139083,0,157,8,485,169,1581,0.59375	
139002,5,157,8,490,168,1584,0.59375	
139002,5,157,8,490,168,1584,0.59375	
138778,0,157,8,494,168,1573,0.59375	
139307,5,157,8,481,169,1592,0.59375	
143925,7,162,8,480,187,1582,0.59375	
143925,7,162,8,480,187,1582,0.59375	
#
144149,14,162,8,476,187,1591,0.59375	
139083,0,157,8,485,169,1581,0.59375	
139002,5,157,8,490,168,1584,0.59375	
138778,0,157,8,494,168,1573,0.59375	
138778,0,157,8,494,168,1573,0.59375	
143925,7,162,8,480,187,1582,0.59375	
139307,5,157,8,481,169,1592,0.59375	
138822,5,157,8,490,183,1569,0.59375	
#
144149,14,162,8,476,187,1591,0.59375	
139083,0,157,8,485,169,1581,0.59375	
139002,5,157,8,490,168,1584,0.59375	
138778,0,157,8,494,168,1573,0.59375	
138778,0,157,8,494,168,1573,0.59375	
138822,5,157,8,490,183,1569,0.59375	
143925,7,162,8,480,187,1582,0.59375	
139307,5,157,8,481,169,1592,0.59375	
#
144149,14,162,8,476,187,1591,0.59375	
139083,0,157,8,485,169,1581,0.59375	
139002,5,157,8,490,168,1584,0.59375	
139002,5,157,8,490,168,1584,0.59375	
136656,5,157,7,490,178,1574,0.5714285714285714	
143925,7,162,8,480,187,1582,0.59375	
139307,5,157,8,481,169,1592,0.59375	
138822,5,157,8,490,183,1569,0.59375	
#
144149,14,162,8,476,187,1591,0.59375	
139083,0,157,8,485,169,1581,0.59375	
139002,5,157,8,490,168,1584,0.59375	
139002,5,157,8,490,168,1584,0.59375	
136432,0,157,7,494,178,1563,0.5714285714285714	
136656,5,157,7,490,178,1574,0.5714285714285714	
143925,7,162,8,480,187,1582,0.59375	
139307,5,157,8,481,169,1592,0.59375	
138822,5,157,8,490,183,1569,0.59375	
#
144149,14,162,8,476,187,1591,0.59375	
139083,0,157,8,485,169,1581,0.59375	
139002,5,157,8,490,168,1584,0.59375	
139002,5,157,8,490,168,1584,0.59375	
136656,5,157,7,490,178,1574,0.5714285714285714	
136432,0,157,7,494,178,1563,0.5714285714285714	
143925,7,162,8,480,187,1582,0.59375	
139307,5,157,8,481,169,1592,0.59375	
138822,5,157,8,490,183,1569,0.59375	
#
144149,14,162,8,476,187,1591,0.59375	
139083,0,157,8,485,169,1581,0.59375	
139002,5,157,8,490,168,1584,0.59375	
139002,5,157,8,490,168,1584,0.59375	
136656,5,157,7,490,178,1574,0.5714285714285714	
136432,0,157,7,494,178,1563,0.5714285714285714	
143925,7,162,8,480,187,1582,0.59375	
139307,5,157,8,481,169,1592,0.59375	
138822,5,157,8,490,183,1569,0.59375	
#
144149,14,162,8,476,187,1591,0.59375	
139083,0,157,8,485,169,1581,0.59375	
139083,0,157,8,485,169,1581,0.59375	
136656,5,157,7,490,178,1574,0.5714285714285714	
136432,0,157,7,494,178,1563,0.5714285714285714	
143925,7,162,8,480,187,1582,0.59375	
139307,5,157,8,481,169,1592,0.59375	
139307,5,157,8,481,169,1592,0.59375	
139012,0,156,8,486,178,1563,0.59375	
#
144149,14,162,8,476,187,1591,0.59375	
139083,0,157,8,485,169,1581,0.59375	
139083,0,157,8,485,169,1581,0.59375	
136656,5,157,7,490,178,1574,0.5714285714285714	
136432,0,157,7,494,178,1563,0.5714285714285714	
143925,7,162,8,480,187,1582,0.59375	
139307,5,157,8,481,169,1592,0.59375	
139307,5,157,8,481,169,1592,0.59375	
139012,0,156,8,486,178,1563,0.59375	
#
144149,14,162,8,476,187,1591,0.59375	
139083,0,157,8,485,169,1581,0.59375	
139083,0,157,8,485,169,1581,0.59375	
136656,5,157,7,490,178,1574,0.5714285714285714	
136432,0,157,7,494,178,1563,0.5714285714285714	
143925,7,162,8,480,187,1582,0.59375	
139307,5,157,8,481,169,1592,0.59375	
139307,5,157,8,481,169,1592,0.59375	
139012,0,156,8,486,178,1563,0.59375	
#
144149,14,162,8,476,187,1591,0.59375	
139083,0,157,8,485,169,1581,0.59375	
139307,5,157,8,481,169,1592,0.59375	
136432,0,157,7,494,178,1563,0.5714285714285714	
143925,7,162,8,480,187,1582,0.59375	
136666,0,156,7,486,188,1553,0.5714285714285714	
139012,0,156,8,486,178,1563,0.59375	
#
164505,14,141,13,465,192,1599,0.6538461538461539	
139083,0,157,8,485,169,1581,0.59375	
139307,5,157,8,481,169,1592,0.59375	
136457,5,157,7,501,171,1570,0.5714285714285714	
143925,7,162,8,480,187,1582,0.59375	
136666,0,156,7,486,188,1553,0.5714285714285714	
141807,5,157,9,481,168,1593,0.6111111111111112	
139012,0,156,8,486,178,1563,0.59375	
#
164505,14,141,13,465,192,1599,0.6538461538461539	
139307,5,157,8,481,169,1592,0.59375	
136961,5,157,7,481,179,1582,0.5714285714285714	
136457,5,157,7,501,171,1570,0.5714285714285714	
138973,5,157,8,481,175,1586,0.59375	
143925,7,162,8,480,187,1582,0.59375	
136666,0,156,7,486,188,1553,0.5714285714285714	
141807,5,157,9,481,168,1593,0.6111111111111112	
#
164505,14,141,13,465,192,1599,0.6538461538461539	
139307,5,157,8,481,169,1592,0.59375	
139307,5,157,8,481,169,1592,0.59375	
136961,5,157,7,481,179,1582,0.5714285714285714	
136656,5,157,7,490,178,1574,0.5714285714285714	
136457,5,157,7,501,171,1570,0.5714285714285714	
138973,5,157,8,481,175,1586,0.59375	
143925,7,162,8,480,187,1582,0.59375	
141807,5,157,9,481,168,1593,0.6111111111111112	
#
164505,14,141,13,465,192,1599,0.6538461538461539	
139307,5,157,8,481,169,1592,0.59375	
139307,5,157,8,481,169,1592,0.59375	
136961,5,157,7,481,179,1582,0.5714285714285714	
136656,5,157,7,490,178,1574,0.5714285714285714	
136457,5,157,7,501,171,1570,0.5714285714285714	
139127,5,157,8,481,184,1577,0.59375	
143925,7,162,8,480,187,1582,0.59375	
#
164505,14,141,13,465,192,1599,0.6538461538461539	
139307,5,157,8,481,169,1592,0.59375	
139307,5,157,8,481,169,1592,0.59375	
136961,5,157,7,481,179,1582,0.5714285714285714	
136656,5,157,7,490,178,1574,0.5714285714285714	
136457,5,157,7,501,171,1570,0.5714285714285714	
139127,5,157,8,481,184,1577,0.59375	
143925,7,162,8,480,187,1582,0.59375	
#
164505,14,141,13,465,192,1599,0.6538461538461539	
139307,5,157,8,481,169,1592,0.59375	
139307,5,157,8,481,169,1592,0.59375	
136656,5,157,7,490,178,1574,0.5714285714285714	
136656,5,157,7,490,178,1574,0.5714285714285714	
136457,5,157,7,501,171,1570,0.5714285714285714	
136457,5,157,7,501,171,1570,0.5714285714285714	
136961,5,157,7,481,179,1582,0.5714285714285714	
#
164505,14,141,13,465,192,1599,0.6538461538461539	
139307,5,157,8,481,169,1592,0.59375	
139307,5,157,8,481,169,1592,0.59375	
136656,5,157,7,490,178,1574,0.5714285714285714	
136656,5,157,7,490,178,1574,0.5714285714285714	
136457,5,157,7,501,171,1570,0.5714285714285714	
136961,5,157,7,481,179,1582,0.5714285714285714	
139664,5,157,8,472,174,1596,0.59375	
154084,0,119,12,473,174,1583,0.625	
#
164505,14,141,13,465,192,1599,0.6538461538461539	
139307,5,157,8,481,169,1592,0.59375	
139307,5,157,8,481,169,1592,0.59375	
136656,5,157,7,490,178,1574,0.5714285714285714	
136656,5,157,7,490,178,1574,0.5714285714285714	
136961,5,157,7,481,179,1582,0.5714285714285714	
136785,5,157,7,483,183,1576,0.5714285714285714	
154084,0,119,12,473,174,1583,0.625	
#
164505,14,141,13,465,192,1599,0.6538461538461539	
136737,0,157,7,485,179,1571,0.5714285714285714	
139307,5,157,8,481,169,1592,0.59375	
136961,5,157,7,481,179,1582,0.5714285714285714	
136656,5,157,7,490,178,1574,0.5714285714285714	
136656,5,157,7,490,178,1574,0.5714285714285714	
136785,5,157,7,483,183,1576,0.5714285714285714	
139664,5,157,8,472,174,1596,0.59375	
154084,0,119,12,473,174,1583,0.625	
#
164505,14,141,13,465,192,1599,0.6538461538461539	
136737,0,157,7,485,179,1571,0.5714285714285714	
139307,5,157,8,481,169,1592,0.59375	
136961,5,157,7,481,179,1582,0.5714285714285714	
136656,5,157,7,490,178,1574,0.5714285714285714	
136656,5,157,7,490,178,1574,0.5714285714285714	
136785,5,157,7,483,183,1576,0.5714285714285714	
139664,5,157,8,472,174,1596,0.59375	
154084,0,119,12,473,174,1583,0.625	
#
164505,14,141,13,465,192,1599,0.6538461538461539	
136737,0,157,7,485,179,1571,0.5714285714285714	
139307,5,157,8,481,169,1592,0.59375	
136961,5,157,7,481,179,1582,0.5714285714285714	
136656,5,157,7,490,178,1574,0.5714285714285714	
139664,5,157,8,472,174,1596,0.59375	
136785,5,157,7,483,183,1576,0.5714285714285714	
154084,0,119,12,473,174,1583,0.625	
#
164505,14,141,13,465,192,1599,0.6538461538461539	
136737,0,157,7,485,179,1571,0.5714285714285714	
139307,5,157,8,481,169,1592,0.59375	
136961,5,157,7,481,179,1582,0.5714285714285714	
136656,5,157,7,490,178,1574,0.5714285714285714	
139664,5,157,8,472,174,1596,0.59375	
139127,5,157,8,481,184,1577,0.59375	
136785,5,157,7,483,183,1576,0.5714285714285714	
154084,0,119,12,473,174,1583,0.625	
#
164505,14,141,13,465,192,1599,0.6538461538461539	
136737,0,157,7,485,179,1571,0.5714285714285714	
136961,5,157,7,481,179,1582,0.5714285714285714	
136961,5,157,7,481,179,1582,0.5714285714285714	
139664,5,157,8,472,174,1596,0.59375	
136656,5,157,7,490,178,1574,0.5714285714285714	
136656,5,157,7,490,178,1574,0.5714285714285714	
137094,0,157,7,476,184,1575,0.5714285714285714	
136785,5,157,7,483,183,1576,0.5714285714285714	
154084,0,119,12,473,174,1583,0.625	
#
164505,14,141,13,465,192,1599,0.6538461538461539	
136737,0,157,7,485,179,1571,0.5714285714285714	
136961,5,157,7,481,179,1582,0.5714285714285714	
136961,5,157,7,481,179,1582,0.5714285714285714	
139664,5,157,8,472,174,1596,0.59375	
136656,5,157,7,490,178,1574,0.5714285714285714	
137318,5,157,7,472,184,1586,0.5714285714285714	
137094,0,157,7,476,184,1575,0.5714285714285714	
136785,5,157,7,483,183,1576,0.5714285714285714	
154084,0,119,12,473,174,1583,0.625	
#
136737,0,157,7,485,179,1571,0.5714285714285714	
136961,5,157,7,481,179,1582,0.5714285714285714	
136961,5,157,7,481,179,1582,0.5714285714285714	
139664,5,157,8,472,174,1596,0.59375	
137094,0,157,7,476,184,1575,0.5714285714285714	
137318,5,157,7,472,184,1586,0.5714285714285714	
136656,5,157,7,490,178,1574,0.5714285714285714	
152238,0,122,11,460,177,1593,0.6136363636363636	
136785,5,157,7,483,183,1576,0.5714285714285714	
#
139664,5,157,8,472,174,1596,0.59375	
136961,5,157,7,481,179,1582,0.5714285714285714	
137094,0,157,7,476,184,1575,0.5714285714285714	
137318,5,157,7,472,184,1586,0.5714285714285714	
136656,5,157,7,490,178,1574,0.5714285714285714	
136656,5,157,7,490,178,1574,0.5714285714285714	
152238,0,122,11,460,177,1593,0.6136363636363636	
#
139664,5,157,8,472,174,1596,0.59375	
136961,5,157,7,481,179,1582,0.5714285714285714	
136961,5,157,7,481,179,1582,0.5714285714285714	
137094,0,157,7,476,184,1575,0.5714285714285714	
137318,5,157,7,472,184,1586,0.5714285714285714	
136656,5,157,7,490,178,1574,0.5714285714285714	
152238,0,122,11,460,177,1593,0.6136363636363636	
#
139664,5,157,8,472,174,1596,0.59375	
137318,5,157,7,472,184,1586,0.5714285714285714	
136961,5,157,7,481,179,1582,0.5714285714285714	
137094,0,157,7,476,184,1575,0.5714285714285714	
136656,5,157,7,490,178,1574,0.5714285714285714	
152238,0,122,11,460,177,1593,0.6136363636363636	
#
152238,0,122,11,460,177,1593,0.6136363636363636	
139664,5,157,8,472,174,1596,0.59375	
137318,5,157,7,472,184,1586,0.5714285714285714	
136961,5,157,7,481,179,1582,0.5714285714285714	
137094,0,157,7,476,184,1575,0.5714285714285714	
136656,5,157,7,490,178,1574,0.5714285714285714	
#
152238,0,122,11,460,177,1593,0.6136363636363636	
139664,5,157,8,472,174,1596,0.59375	
137318,5,157,7,472,184,1586,0.5714285714285714	
136961,5,157,7,481,179,1582,0.5714285714285714	
137094,0,157,7,476,184,1575,0.5714285714285714	
136656,5,157,7,490,178,1574,0.5714285714285714	
#
152238,0,122,11,460,177,1593,0.6136363636363636	
139664,5,157,8,472,174,1596,0.59375	
137318,5,157,7,472,184,1586,0.5714285714285714	
136961,5,157,7,481,179,1582,0.5714285714285714	
137094,0,157,7,476,184,1575,0.5714285714285714	
136656,5,157,7,490,178,1574,0.5714285714285714	
141495,5,157,9,472,174,1596,0.6111111111111112	
#
152238,0,122,11,460,177,1593,0.6136363636363636	
139664,5,157,8,472,174,1596,0.59375	
137318,5,157,7,472,184,1586,0.5714285714285714	
137094,0,157,7,476,184,1575,0.5714285714285714	
136656,5,157,7,490,178,1574,0.5714285714285714	
141495,5,157,9,472,174,1596,0.6111111111111112	
136971,0,156,7,477,189,1561,0.5714285714285714	
#
152238,0,122,11,460,177,1593,0.6136363636363636	
139664,5,157,8,472,174,1596,0.59375	
137318,5,157,7,472,184,1586,0.5714285714285714	
137094,0,157,7,476,184,1575,0.5714285714285714	
136656,5,157,7,490,178,1574,0.5714285714285714	
141495,5,157,9,472,174,1596,0.6111111111111112	
136971,0,156,7,477,189,1561,0.5714285714285714	
#
152238,0,122,11,460,177,1593,0.6136363636363636	
139664,5,157,8,472,174,1596,0.59375	
137318,5,157,7,472,184,1586,0.5714285714285714	
137094,0,157,7,476,184,1575,0.5714285714285714	
136656,5,157,7,490,178,1574,0.5714285714285714	
141495,5,157,9,472,174,1596,0.6111111111111112	
136971,0,156,7,477,189,1561,0.5714285714285714	
#
152238,0,122,11,460,177,1593,0.6136363636363636	
139664,5,157,8,472,174,1596,0.59375	
137318,5,157,7,472,184,1586,0.5714285714285714	
136961,5,157,7,481,179,1582,0.5714285714285714	
137094,0,157,7,476,184,1575,0.5714285714285714	
136656,5,157,7,490,178,1574,0.5714285714285714	
141495,5,157,9,472,174,1596,0.6111111111111112	
141495,5,157,9,472,174,1596,0.6111111111111112	
#
152238,0,122,11,460,177,1593,0.6136363636363636	
139664,5,157,8,472,174,1596,0.59375	
137318,5,157,7,472,184,1586,0.5714285714285714	
137094,0,157,7,476,184,1575,0.5714285714285714	
136656,5,157,7,490,178,1574,0.5714285714285714	
136971,0,156,7,477,189,1561,0.5714285714285714	
139928,5,157,8,472,174,1596,0.59375	
141495,5,157,9,472,174,1596,0.6111111111111112	
141495,5,157,9,472,174,1596,0.6111111111111112	
#
152238,0,122,11,460,177,1593,0.6136363636363636	
139664,5,157,8,472,174,1596,0.59375	
137318,5,157,7,472,184,1586,0.5714285714285714	
137094,0,157,7,476,184,1575,0.5714285714285714	
137094,0,157,7,476,184,1575,0.5714285714285714	
136656,5,157,7,490,178,1574,0.5714285714285714	
136971,0,156,7,477,189,1561,0.5714285714285714	
139928,5,157,8,472,174,1596,0.59375	
141495,5,157,9,472,174,1596,0.6111111111111112	
141495,5,157,9,472,174,1596,0.6111111111111112	
#
152238,0,122,11,460,177,1593,0.6136363636363636	
139664,5,157,8,472,174,1596,0.59375	
137318,5,157,7,472,184,1586,0.5714285714285714	
141495,5,157,9,472,174,1596,0.6111111111111112	
139149,5,157,8,472,184,1586,0.59375	
137094,0,157,7,476,184,1575,0.5714285714285714	
136656,5,157,7,490,178,1574,0.5714285714285714	
136971,0,156,7,477,189,1561,0.5714285714285714	
139928,5,157,8,472,174,1596,0.59375	
#
152238,0,122,11,460,177,1593,0.6136363636363636	
137318,5,157,7,472,184,1586,0.5714285714285714	
137318,5,157,7,472,184,1586,0.5714285714285714	
139664,5,157,8,472,174,1596,0.59375	
141495,5,157,9,472,174,1596,0.6111111111111112	
139149,5,157,8,472,184,1586,0.59375	
137094,0,157,7,476,184,1575,0.5714285714285714	
139928,5,157,8,472,174,1596,0.59375	
136737,0,157,7,485,179,1571,0.5714285714285714	
136971,0,156,7,477,189,1561,0.5714285714285714	
142428,5,157,9,472,173,1597,0.6111111111111112	
136656,5,157,7,490,178,1574,0.5714285714285714	
#
152238,0,122,11,460,177,1593,0.6136363636363636	
137318,5,157,7,472,184,1586,0.5714285714285714	
137318,5,157,7,472,184,1586,0.5714285714285714	
139664,5,157,8,472,174,1596,0.59375	
141495,5,157,9,472,174,1596,0.6111111111111112	
139928,5,157,8,472,174,1596,0.59375	
137094,0,157,7,476,184,1575,0.5714285714285714	
139149,5,157,8,472,184,1586,0.59375	
136737,0,157,7,485,179,1571,0.5714285714285714	
136971,0,156,7,477,189,1561,0.5714285714285714	
142428,5,157,9,472,173,1597,0.6111111111111112	
136656,5,157,7,490,178,1574,0.5714285714285714	
143995,5,157,10,472,173,1597,0.625	
#
152238,0,122,11,460,177,1593,0.6136363636363636	
137318,5,157,7,472,184,1586,0.5714285714285714	
137318,5,157,7,472,184,1586,0.5714285714285714	
139664,5,157,8,472,174,1596,0.59375	
141495,5,157,9,472,174,1596,0.6111111111111112	
139928,5,157,8,472,174,1596,0.59375	
137094,0,157,7,476,184,1575,0.5714285714285714	
136971,0,156,7,477,189,1561,0.5714285714285714	
139149,5,157,8,472,184,1586,0.59375	
136737,0,157,7,485,179,1571,0.5714285714285714	
142428,5,157,9,472,173,1597,0.6111111111111112	
136656,5,157,7,490,178,1574,0.5714285714285714	
143995,5,157,10,472,173,1597,0.625	
#
152238,0,122,11,460,177,1593,0.6136363636363636	
137318,5,157,7,472,184,1586,0.5714285714285714	
137318,5,157,7,472,184,1586,0.5714285714285714	
139664,5,157,8,472,174,1596,0.59375	
141495,5,157,9,472,174,1596,0.6111111111111112	
139928,5,157,8,472,174,1596,0.59375	
137094,0,157,7,476,184,1575,0.5714285714285714	
136971,0,156,7,477,189,1561,0.5714285714285714	
139149,5,157,8,472,184,1586,0.59375	
136737,0,157,7,485,179,1571,0.5714285714285714	
142428,5,157,9,472,173,1597,0.6111111111111112	
136656,5,157,7,490,178,1574,0.5714285714285714	
143995,5,157,10,472,173,1597,0.625	
137582,5,157,7,472,184,1586,0.5714285714285714	
141759,5,157,9,472,174,1596,0.6111111111111112	
#
152238,0,122,11,460,177,1593,0.6136363636363636	
137094,0,157,7,476,184,1575,0.5714285714285714	
136971,0,156,7,477,189,1561,0.5714285714285714	
136737,0,157,7,485,179,1571,0.5714285714285714	
136656,5,157,7,490,178,1574,0.5714285714285714	
137328,0,156,7,468,194,1565,0.5714285714285714	
#
152238,0,122,11,460,177,1593,0.6136363636363636	
137328,0,156,7,468,194,1565,0.5714285714285714	
137094,0,157,7,476,184,1575,0.5714285714285714	
136971,0,156,7,477,189,1561,0.5714285714285714	
136737,0,157,7,485,179,1571,0.5714285714285714	
136656,5,157,7,490,178,1574,0.5714285714285714	
#
152238,0,122,11,460,177,1593,0.6136363636363636	
137328,0,156,7,468,194,1565,0.5714285714285714	
137094,0,157,7,476,184,1575,0.5714285714285714	
136971,0,156,7,477,189,1561,0.5714285714285714	
136737,0,157,7,485,179,1571,0.5714285714285714	
136656,5,157,7,490,178,1574,0.5714285714285714	
#
149151,8,132,9,454,174,1610,0.6111111111111112	
137328,0,156,7,468,194,1565,0.5714285714285714	
137328,0,156,7,468,194,1565,0.5714285714285714	
136971,0,156,7,477,189,1561,0.5714285714285714	
136737,0,157,7,485,179,1571,0.5714285714285714	
#
149151,8,132,9,454,174,1610,0.6111111111111112	
137328,0,156,7,468,194,1565,0.5714285714285714	
137328,0,156,7,468,194,1565,0.5714285714285714	
136971,0,156,7,477,189,1561,0.5714285714285714	
136737,0,157,7,485,179,1571,0.5714285714285714	
139674,0,156,8,468,184,1575,0.59375	
#
149151,8,132,9,454,174,1610,0.6111111111111112	
137328,0,156,7,468,194,1565,0.5714285714285714	
137328,0,156,7,468,194,1565,0.5714285714285714	
136971,0,156,7,477,189,1561,0.5714285714285714	
136737,0,157,7,485,179,1571,0.5714285714285714	
139674,0,156,8,468,184,1575,0.59375	
#
149151,8,132,9,454,174,1610,0.6111111111111112	
137328,0,156,7,468,194,1565,0.5714285714285714	
137328,0,156,7,468,194,1565,0.5714285714285714	
139674,0,156,8,468,184,1575,0.59375	
136971,0,156,7,477,189,1561,0.5714285714285714	
136737,0,157,7,485,179,1571,0.5714285714285714	
137592,0,156,7,468,194,1565,0.5714285714285714	
#
149151,8,132,9,454,174,1610,0.6111111111111112	
137328,0,156,7,468,194,1565,0.5714285714285714	
137328,0,156,7,468,194,1565,0.5714285714285714	
139674,0,156,8,468,184,1575,0.59375	
136971,0,156,7,477,189,1561,0.5714285714285714	
136737,0,157,7,485,179,1571,0.5714285714285714	
144431,5,157,9,466,183,1593,0.5833333333333333	
137592,0,156,7,468,194,1565,0.5714285714285714	
#
149151,8,132,9,454,174,1610,0.6111111111111112	
137592,0,156,7,468,194,1565,0.5714285714285714	
137328,0,156,7,468,194,1565,0.5714285714285714	
137328,0,156,7,468,194,1565,0.5714285714285714	
139674,0,156,8,468,184,1575,0.59375	
136971,0,156,7,477,189,1561,0.5714285714285714	
136737,0,157,7,485,179,1571,0.5714285714285714	
144431,5,157,9,466,183,1593,0.5833333333333333	
#
149151,8,132,9,454,174,1610,0.6111111111111112	
137328,0,156,7,468,194,1565,0.5714285714285714	
137328,0,156,7,468,194,1565,0.5714285714285714	
139674,0,156,8,468,184,1575,0.59375	
136971,0,156,7,477,189,1561,0.5714285714285714	
136737,0,157,7,485,179,1571,0.5714285714285714	
144431,5,157,9,466,183,1593,0.5833333333333333	
137592,0,156,7,468,194,1565,0.5714285714285714	
137592,0,156,7,468,194,1565,0.5714285714285714	
#
149151,8,132,9,454,174,1610,0.6111111111111112	
137328,0,156,7,468,194,1565,0.5714285714285714	
137328,0,156,7,468,194,1565,0.5714285714285714	
139674,0,156,8,468,184,1575,0.59375	
142174,0,156,9,468,183,1576,0.6111111111111112	
136971,0,156,7,477,189,1561,0.5714285714285714	
136737,0,157,7,485,179,1571,0.5714285714285714	
143538,0,156,8,465,176,1588,0.59375	
#
149151,8,132,9,454,174,1610,0.6111111111111112	
137328,0,156,7,468,194,1565,0.5714285714285714	
137328,0,156,7,468,194,1565,0.5714285714285714	
139494,0,156,8,468,199,1560,0.59375	
139674,0,156,8,468,184,1575,0.59375	
142174,0,156,9,468,183,1576,0.6111111111111112	
136971,0,156,7,477,189,1561,0.5714285714285714	
136737,0,157,7,485,179,1571,0.5714285714285714	
143538,0,156,8,465,176,1588,0.59375	
#
149151,8,132,9,454,174,1610,0.6111111111111112	
137328,0,156,7,468,194,1565,0.5714285714285714	
137328,0,156,7,468,194,1565,0.5714285714285714	
139674,0,156,8,468,184,1575,0.59375	
142174,0,156,9,468,183,1576,0.6111111111111112	
136971,0,156,7,477,189,1561,0.5714285714285714	
136737,0,157,7,485,179,1571,0.5714285714285714	
143538,0,156,8,465,176,1588,0.59375	
#
149151,8,132,9,454,174,1610,0.6111111111111112	
137328,0,156,7,468,194,1565,0.5714285714285714	
137328,0,156,7,468,194,1565,0.5714285714285714	
139674,0,156,8,468,184,1575,0.59375	
142174,0,156,9,468,183,1576,0.6111111111111112	
136971,0,156,7,477,189,1561,0.5714285714285714	
136737,0,157,7,485,179,1571,0.5714285714285714	
139159,0,156,8,468,194,1565,0.59375	
143538,0,156,8,465,176,1588,0.59375	
#
149151,8,132,9,454,174,1610,0.6111111111111112	
137328,0,156,7,468,194,1565,0.5714285714285714	
137328,0,156,7,468,194,1565,0.5714285714285714	
139674,0,156,8,468,184,1575,0.59375	
139159,0,156,8,468,194,1565,0.59375	
136971,0,156,7,477,189,1561,0.5714285714285714	
136737,0,157,7,485,179,1571,0.5714285714285714	
142174,0,156,9,468,183,1576,0.6111111111111112	
143538,0,156,8,465,176,1588,0.59375	
#
149151,8,132,9,454,174,1610,0.6111111111111112	
137328,0,156,7,468,194,1565,0.5714285714285714	
137328,0,156,7,468,194,1565,0.5714285714285714	
139674,0,156,8,468,184,1575,0.59375	
139159,0,156,8,468,194,1565,0.59375	
136971,0,156,7,477,189,1561,0.5714285714285714	
136737,0,157,7,485,179,1571,0.5714285714285714	
142174,0,156,9,468,183,1576,0.6111111111111112	
143538,0,156,8,465,176,1588,0.59375	
#
149151,8,132,9,454,174,1610,0.6111111111111112	
137328,0,156,7,468,194,1565,0.5714285714285714	
137328,0,156,7,468,194,1565,0.5714285714285714	
139674,0,156,8,468,184,1575,0.59375	
139159,0,156,8,468,194,1565,0.59375	
136971,0,156,7,477,189,1561,0.5714285714285714	
136737,0,157,7,485,179,1571,0.5714285714285714	
142174,0,156,9,468,183,1576,0.6111111111111112	
143538,0,156,8,465,176,1588,0.59375	
