#
16830.5859375,17266.328125,26160.16796875
16255.22265625,17832.51171875,27182.607421875
18694.26171875,14159.3310546875,20788.228515625
15671.3515625,19914.50390625,30566.71484375
15091.8251953125,21303.11328125,32945.46875
15770.478515625,18587.380859375,28400.376953125
15636.5439453125,20409.078125,31395.435546875
#
16830.5859375,17266.328125,26160.16796875
18694.26171875,14159.3310546875,20788.228515625
14795.228515625,17444.333984375,26453.236328125
#
16830.5859375,17266.328125,26160.16796875
17430.943359375,16430.40234375,24694.8828125
18694.26171875,14159.3310546875,20788.228515625
14795.228515625,17444.333984375,26453.236328125
#
16830.5859375,17266.328125,26160.16796875
17430.943359375,16430.40234375,24694.8828125
18694.26171875,14159.3310546875,20788.228515625
14795.228515625,17444.333984375,26453.236328125
#
16830.5859375,17266.328125,26160.16796875
17430.943359375,16430.40234375,24694.8828125
18694.26171875,14159.3310546875,20788.228515625
14795.228515625,17444.333984375,26453.236328125
#
16873.158203125,16394.35546875,24648.90234375
16830.5859375,17266.328125,26160.16796875
18694.26171875,14159.3310546875,20788.228515625
14795.228515625,17444.333984375,26453.236328125
#
16873.158203125,16394.35546875,24648.90234375
16830.5859375,17266.328125,26160.16796875
18694.26171875,14159.3310546875,20788.228515625
14795.228515625,17444.333984375,26453.236328125
14795.228515625,17444.333984375,26453.236328125
#
18694.26171875,14159.3310546875,20788.228515625
14795.228515625,17444.333984375,26453.236328125
14795.228515625,17444.333984375,26453.236328125
16058.537109375,16002.904296875,24053.0703125
#
18694.26171875,14159.3310546875,20788.228515625
16032.146484375,17228.3125,26246.34375
14795.228515625,17444.333984375,26453.236328125
14795.228515625,17444.333984375,26453.236328125
16058.537109375,16002.904296875,24053.0703125
#
16032.146484375,17228.3125,26246.34375
18694.26171875,14159.3310546875,20788.228515625
14795.228515625,17444.333984375,26453.236328125
14795.228515625,17444.333984375,26453.236328125
16058.537109375,16002.904296875,24053.0703125
#
16032.146484375,17228.3125,26246.34375
18694.26171875,14159.3310546875,20788.228515625
14771.58984375,19758.4296875,30139.369140625
14795.228515625,17444.333984375,26453.236328125
14795.228515625,17444.333984375,26453.236328125
16058.537109375,16002.904296875,24053.0703125
#
16032.146484375,17228.3125,26246.34375
18694.26171875,14159.3310546875,20788.228515625
14771.58984375,19758.4296875,30139.369140625
14795.228515625,17444.333984375,26453.236328125
14795.228515625,17444.333984375,26453.236328125
16058.537109375,16002.904296875,24053.0703125
#
16829.345703125,14387.6064453125,21180.11328125
15780.5361328125,15459.9765625,23033.578125
18694.26171875,14159.3310546875,20788.228515625
14771.58984375,19758.4296875,30139.369140625
14795.228515625,17444.333984375,26453.236328125
14795.228515625,17444.333984375,26453.236328125
#
16829.345703125,14387.6064453125,21180.11328125
15780.5361328125,15459.9765625,23033.578125
18694.26171875,14159.3310546875,20788.228515625
14771.58984375,19758.4296875,30139.369140625
14795.228515625,17444.333984375,26453.236328125
14795.228515625,17444.333984375,26453.236328125
#
16829.345703125,14387.6064453125,21180.11328125
15780.5361328125,15459.9765625,23033.578125
18694.26171875,14159.3310546875,20788.228515625
14771.58984375,19758.4296875,30139.369140625
14795.228515625,17444.333984375,26453.236328125
14795.228515625,17444.333984375,26453.236328125
#
16829.345703125,14387.6064453125,21180.11328125
15780.5361328125,15459.9765625,23033.578125
18694.26171875,14159.3310546875,20788.228515625
14771.58984375,19758.4296875,30139.369140625
14795.228515625,17444.333984375,26453.236328125
14795.228515625,17444.333984375,26453.236328125
#
16829.345703125,14387.6064453125,21180.11328125
15780.5361328125,15459.9765625,23033.578125
18694.26171875,14159.3310546875,20788.228515625
14771.58984375,19758.4296875,30139.369140625
14795.228515625,17444.333984375,26453.236328125
14795.228515625,17444.333984375,26453.236328125
#
16829.345703125,14387.6064453125,21180.11328125
15780.5361328125,15459.9765625,23033.578125
18694.26171875,14159.3310546875,20788.228515625
14771.58984375,19758.4296875,30139.369140625
14795.228515625,17444.333984375,26453.236328125
14795.228515625,17444.333984375,26453.236328125
15579.9306640625,16344.30078125,24570.65625
#
16829.345703125,14387.6064453125,21180.11328125
15780.5361328125,15459.9765625,23033.578125
18694.26171875,14159.3310546875,20788.228515625
14795.228515625,17444.333984375,26453.236328125
14795.228515625,17444.333984375,26453.236328125
15579.9306640625,16344.30078125,24570.65625
#
16829.345703125,14387.6064453125,21180.11328125
15780.5361328125,15459.9765625,23033.578125
18694.26171875,14159.3310546875,20788.228515625
14795.228515625,17444.333984375,26453.236328125
14795.228515625,17444.333984375,26453.236328125
15579.9306640625,16344.30078125,24570.65625
#
16829.345703125,14387.6064453125,21180.11328125
15780.5361328125,15459.9765625,23033.578125
18694.26171875,14159.3310546875,20788.228515625
14795.228515625,17444.333984375,26453.236328125
14795.228515625,17444.333984375,26453.236328125
15579.9306640625,16344.30078125,24570.65625
#
16829.345703125,14387.6064453125,21180.11328125
15780.5361328125,15459.9765625,23033.578125
18694.26171875,14159.3310546875,20788.228515625
14795.228515625,17444.333984375,26453.236328125
15579.9306640625,16344.30078125,24570.65625
#
16829.345703125,14387.6064453125,21180.11328125
15780.5361328125,15459.9765625,23033.578125
18694.26171875,14159.3310546875,20788.228515625
14795.228515625,17444.333984375,26453.236328125
15579.9306640625,16344.30078125,24570.65625
#
16829.345703125,14387.6064453125,21180.11328125
15780.5361328125,15459.9765625,23033.578125
18694.26171875,14159.3310546875,20788.228515625
14795.228515625,17444.333984375,26453.236328125
15579.9306640625,16344.30078125,24570.65625
#
16829.345703125,14387.6064453125,21180.11328125
15780.5361328125,15459.9765625,23033.578125
18694.26171875,14159.3310546875,20788.228515625
14795.228515625,17444.333984375,26453.236328125
15579.9306640625,16344.30078125,24570.65625
#
18694.26171875,14159.3310546875,20788.228515625
16829.345703125,14387.6064453125,21180.11328125
15780.5361328125,15459.9765625,23033.578125
15780.5361328125,15459.9765625,23033.578125
14795.228515625,17444.333984375,26453.236328125
15579.9306640625,16344.30078125,24570.65625
#
18694.26171875,14159.3310546875,20788.228515625
16829.345703125,14387.6064453125,21180.11328125
15780.5361328125,15459.9765625,23033.578125
15780.5361328125,15459.9765625,23033.578125
14795.228515625,17444.333984375,26453.236328125
14795.228515625,17444.333984375,26453.236328125
15579.9306640625,16344.30078125,24570.65625
15185.984375,17248.224609375,25994.310546875
#
18694.26171875,14159.3310546875,20788.228515625
16829.345703125,14387.6064453125,21180.11328125
15780.5361328125,15459.9765625,23033.578125
14795.228515625,17444.333984375,26453.236328125
14795.228515625,17444.333984375,26453.236328125
15185.984375,17248.224609375,25994.310546875
15579.9306640625,16344.30078125,24570.65625
#
18694.26171875,14159.3310546875,20788.228515625
16829.345703125,14387.6064453125,21180.11328125
15780.5361328125,15459.9765625,23033.578125
14795.228515625,17444.333984375,26453.236328125
15762.2119140625,16171.3359375,24182.927734375
15185.984375,17248.224609375,25994.310546875
15579.9306640625,16344.30078125,24570.65625
#
18694.26171875,14159.3310546875,20788.228515625
16829.345703125,14387.6064453125,21180.11328125
14795.228515625,17444.333984375,26453.236328125
15780.5361328125,15459.9765625,23033.578125
15762.2119140625,16171.3359375,24182.927734375
14992.435546875,16658.4296875,25040.140625
15579.9306640625,16344.30078125,24570.65625
#
15406.2138671875,15935.365234375,23775.15625
18694.26171875,14159.3310546875,20788.228515625
16829.345703125,14387.6064453125,21180.11328125
16397.662109375,14721.7021484375,21772.48046875
15780.5361328125,15459.9765625,23033.578125
15780.5361328125,15459.9765625,23033.578125
14795.228515625,17444.333984375,26453.236328125
14795.228515625,17444.333984375,26453.236328125
14992.435546875,16658.4296875,25040.140625
#
15406.2138671875,15935.365234375,23775.15625
18694.26171875,14159.3310546875,20788.228515625
16829.345703125,14387.6064453125,21180.11328125
16397.662109375,14721.7021484375,21772.48046875
15780.5361328125,15459.9765625,23033.578125
15780.5361328125,15459.9765625,23033.578125
14795.228515625,17444.333984375,26453.236328125
14795.228515625,17444.333984375,26453.236328125
14992.435546875,16658.4296875,25040.140625
#
15406.2138671875,15935.365234375,23775.15625
18694.26171875,14159.3310546875,20788.228515625
16829.345703125,14387.6064453125,21180.11328125
16397.662109375,14721.7021484375,21772.48046875
15780.5361328125,15459.9765625,23033.578125
14567.595703125,17238.6171875,26007.9765625
14992.435546875,16658.4296875,25040.140625
#
15406.2138671875,15935.365234375,23775.15625
18694.26171875,14159.3310546875,20788.228515625
16829.345703125,14387.6064453125,21180.11328125
16397.662109375,14721.7021484375,21772.48046875
15780.5361328125,15459.9765625,23033.578125
14567.595703125,17238.6171875,26007.9765625
14992.435546875,16658.4296875,25040.140625
#
15406.2138671875,15935.365234375,23775.15625
18694.26171875,14159.3310546875,20788.228515625
16829.345703125,14387.6064453125,21180.11328125
16397.662109375,14721.7021484375,21772.48046875
15780.5361328125,15459.9765625,23033.578125
14567.595703125,17238.6171875,26007.9765625
14992.435546875,16658.4296875,25040.140625
#
15406.2138671875,15935.365234375,23775.15625
18694.26171875,14159.3310546875,20788.228515625
16829.345703125,14387.6064453125,21180.11328125
16397.662109375,14721.7021484375,21772.48046875
15780.5361328125,15459.9765625,23033.578125
14567.595703125,17238.6171875,26007.9765625
15140.1865234375,16366.75,24586.14453125
14992.435546875,16658.4296875,25040.140625
#
15406.2138671875,15935.365234375,23775.15625
18694.26171875,14159.3310546875,20788.228515625
16829.345703125,14387.6064453125,21180.11328125
16397.662109375,14721.7021484375,21772.48046875
15780.5361328125,15459.9765625,23033.578125
14567.595703125,17238.6171875,26007.9765625
14992.435546875,16658.4296875,25040.140625
15014.423828125,16600.814453125,24924.970703125
15048.25,16191.7001953125,24240.529296875
15893.9111328125,15107.515625,22411.75
#
15406.2138671875,15935.365234375,23775.15625
18694.26171875,14159.3310546875,20788.228515625
16829.345703125,14387.6064453125,21180.11328125
16397.662109375,14721.7021484375,21772.48046875
15780.5361328125,15459.9765625,23033.578125
14567.595703125,17238.6171875,26007.9765625
14992.435546875,16658.4296875,25040.140625
15014.423828125,16600.814453125,24924.970703125
15048.25,16191.7001953125,24240.529296875
15893.9111328125,15107.515625,22411.75
#
15406.2138671875,15935.365234375,23775.15625
18694.26171875,14159.3310546875,20788.228515625
16829.345703125,14387.6064453125,21180.11328125
16397.662109375,14721.7021484375,21772.48046875
15780.5361328125,15459.9765625,23033.578125
14567.595703125,17238.6171875,26007.9765625
14992.435546875,16658.4296875,25040.140625
15014.423828125,16600.814453125,24924.970703125
15048.25,16191.7001953125,24240.529296875
15893.9111328125,15107.515625,22411.75
#
15406.2138671875,15935.365234375,23775.15625
18694.26171875,14159.3310546875,20788.228515625
16829.345703125,14387.6064453125,21180.11328125
16397.662109375,14721.7021484375,21772.48046875
15780.5361328125,15459.9765625,23033.578125
14567.595703125,17238.6171875,26007.9765625
14992.435546875,16658.4296875,25040.140625
15014.423828125,16600.814453125,24924.970703125
15048.25,16191.7001953125,24240.529296875
15893.9111328125,15107.515625,22411.75
#
15406.2138671875,15935.365234375,23775.15625
18694.26171875,14159.3310546875,20788.228515625
15780.5361328125,15459.9765625,23033.578125
16829.345703125,14387.6064453125,21180.11328125
16397.662109375,14721.7021484375,21772.48046875
14567.595703125,17238.6171875,26007.9765625
14992.435546875,16658.4296875,25040.140625
15048.25,16191.7001953125,24240.529296875
15893.9111328125,15107.515625,22411.75
#
15406.2138671875,15935.365234375,23775.15625
18694.26171875,14159.3310546875,20788.228515625
15780.5361328125,15459.9765625,23033.578125
16829.345703125,14387.6064453125,21180.11328125
16397.662109375,14721.7021484375,21772.48046875
14567.595703125,17238.6171875,26007.9765625
14992.435546875,16658.4296875,25040.140625
15048.25,16191.7001953125,24240.529296875
15893.9111328125,15107.515625,22411.75
#
18694.26171875,14159.3310546875,20788.228515625
16829.345703125,14387.6064453125,21180.11328125
14567.595703125,17238.6171875,26007.9765625
15298.708984375,14622.8720703125,21577.419921875
14992.435546875,16658.4296875,25040.140625
15048.25,16191.7001953125,24240.529296875
#
18694.26171875,14159.3310546875,20788.228515625
16829.345703125,14387.6064453125,21180.11328125
14567.595703125,17238.6171875,26007.9765625
15298.708984375,14622.8720703125,21577.419921875
14504.7197265625,17483.884765625,26384.73046875
14992.435546875,16658.4296875,25040.140625
15048.25,16191.7001953125,24240.529296875
#
18694.26171875,14159.3310546875,20788.228515625
16829.345703125,14387.6064453125,21180.11328125
14567.595703125,17238.6171875,26007.9765625
15298.708984375,14622.8720703125,21577.419921875
14504.7197265625,17483.884765625,26384.73046875
14992.435546875,16658.4296875,25040.140625
15048.25,16191.7001953125,24240.529296875
#
18694.26171875,14159.3310546875,20788.228515625
16829.345703125,14387.6064453125,21180.11328125
14567.595703125,17238.6171875,26007.9765625
14706.5830078125,16817.4921875,25365.705078125
15048.25,16191.7001953125,24240.529296875
15298.708984375,14622.8720703125,21577.419921875
14992.435546875,16658.4296875,25040.140625
#
18694.26171875,14159.3310546875,20788.228515625
13784.90234375,14498.3125,21318.9765625
16829.345703125,14387.6064453125,21180.11328125
#
18694.26171875,14159.3310546875,20788.228515625
13784.90234375,14498.3125,21318.9765625
16829.345703125,14387.6064453125,21180.11328125
#
18694.26171875,14159.3310546875,20788.228515625
13784.90234375,14498.3125,21318.9765625
16829.345703125,14387.6064453125,21180.11328125
#
18694.26171875,14159.3310546875,20788.228515625
13784.90234375,14498.3125,21318.9765625
16829.345703125,14387.6064453125,21180.11328125
#
18694.26171875,14159.3310546875,20788.228515625
13784.90234375,14498.3125,21318.9765625
16829.345703125,14387.6064453125,21180.11328125
#
18694.26171875,14159.3310546875,20788.228515625
13784.90234375,14498.3125,21318.9765625
16829.345703125,14387.6064453125,21180.11328125
#
18694.26171875,14159.3310546875,20788.228515625
13784.90234375,14498.3125,21318.9765625
16829.345703125,14387.6064453125,21180.11328125
#
18694.26171875,14159.3310546875,20788.228515625
13784.90234375,14498.3125,21318.9765625
16829.345703125,14387.6064453125,21180.11328125
#
18694.26171875,14159.3310546875,20788.228515625
13784.90234375,14498.3125,21318.9765625
16829.345703125,14387.6064453125,21180.11328125
#
18694.26171875,14159.3310546875,20788.228515625
13784.90234375,14498.3125,21318.9765625
16829.345703125,14387.6064453125,21180.11328125
#
18694.26171875,14159.3310546875,20788.228515625
13784.90234375,14498.3125,21318.9765625
16829.345703125,14387.6064453125,21180.11328125
#
18694.26171875,14159.3310546875,20788.228515625
13784.90234375,14498.3125,21318.9765625
16829.345703125,14387.6064453125,21180.11328125
#
13784.90234375,14498.3125,21318.9765625
16829.345703125,14387.6064453125,21180.11328125
18694.26171875,14159.3310546875,20788.228515625
#
13784.90234375,14498.3125,21318.9765625
16829.345703125,14387.6064453125,21180.11328125
18694.26171875,14159.3310546875,20788.228515625
#
13784.90234375,14498.3125,21318.9765625
16829.345703125,14387.6064453125,21180.11328125
18694.26171875,14159.3310546875,20788.228515625
#
13784.90234375,14498.3125,21318.9765625
18694.26171875,14159.3310546875,20788.228515625
#
13784.90234375,14498.3125,21318.9765625
18694.26171875,14159.3310546875,20788.228515625
#
13784.90234375,14498.3125,21318.9765625
18694.26171875,14159.3310546875,20788.228515625
15264.9580078125,14496.263671875,21330.458984375
#
13784.90234375,14498.3125,21318.9765625
18694.26171875,14159.3310546875,20788.228515625
15264.9580078125,14496.263671875,21330.458984375
#
13784.90234375,14498.3125,21318.9765625
18694.26171875,14159.3310546875,20788.228515625
15264.9580078125,14496.263671875,21330.458984375
#
13784.90234375,14498.3125,21318.9765625
18694.26171875,14159.3310546875,20788.228515625
15264.9580078125,14496.263671875,21330.458984375
#
17310.814453125,14493.8095703125,21475.634765625
13784.90234375,14498.3125,21318.9765625
18694.26171875,14159.3310546875,20788.228515625
15264.9580078125,14496.263671875,21330.458984375
#
17310.814453125,14493.8095703125,21475.634765625
13784.90234375,14498.3125,21318.9765625
18694.26171875,14159.3310546875,20788.228515625
15264.9580078125,14496.263671875,21330.458984375
#
17310.814453125,14493.8095703125,21475.634765625
13784.90234375,14498.3125,21318.9765625
18694.26171875,14159.3310546875,20788.228515625
15264.9580078125,14496.263671875,21330.458984375
#
17310.814453125,14493.8095703125,21475.634765625
13784.90234375,14498.3125,21318.9765625
18694.26171875,14159.3310546875,20788.228515625
15264.9580078125,14496.263671875,21330.458984375
#
17310.814453125,14493.8095703125,21475.634765625
13784.90234375,14498.3125,21318.9765625
18694.26171875,14159.3310546875,20788.228515625
15264.9580078125,14496.263671875,21330.458984375
#
17310.814453125,14493.8095703125,21475.634765625
13784.90234375,14498.3125,21318.9765625
18694.26171875,14159.3310546875,20788.228515625
15264.9580078125,14496.263671875,21330.458984375
#
18694.26171875,14159.3310546875,20788.228515625
13784.90234375,14498.3125,21318.9765625
15264.9580078125,14496.263671875,21330.458984375
#
18694.26171875,14159.3310546875,20788.228515625
13784.90234375,14498.3125,21318.9765625
15264.9580078125,14496.263671875,21330.458984375
#
18694.26171875,14159.3310546875,20788.228515625
13784.90234375,14498.3125,21318.9765625
15264.9580078125,14496.263671875,21330.458984375
#
18694.26171875,14159.3310546875,20788.228515625
13784.90234375,14498.3125,21318.9765625
15264.9580078125,14496.263671875,21330.458984375
#
18694.26171875,14159.3310546875,20788.228515625
13784.90234375,14498.3125,21318.9765625
15264.9580078125,14496.263671875,21330.458984375
#
18694.26171875,14159.3310546875,20788.228515625
13784.90234375,14498.3125,21318.9765625
15264.9580078125,14496.263671875,21330.458984375
#
18694.26171875,14159.3310546875,20788.228515625
13784.90234375,14498.3125,21318.9765625
15264.9580078125,14496.263671875,21330.458984375
#
18694.26171875,14159.3310546875,20788.228515625
13784.90234375,14498.3125,21318.9765625
15264.9580078125,14496.263671875,21330.458984375
#
18694.26171875,14159.3310546875,20788.228515625
13784.90234375,14498.3125,21318.9765625
15264.9580078125,14496.263671875,21330.458984375
#
18694.26171875,14159.3310546875,20788.228515625
13784.90234375,14498.3125,21318.9765625
15264.9580078125,14496.263671875,21330.458984375
#
18694.26171875,14159.3310546875,20788.228515625
13784.90234375,14498.3125,21318.9765625
15264.9580078125,14496.263671875,21330.458984375
#
18694.26171875,14159.3310546875,20788.228515625
13784.90234375,14498.3125,21318.9765625
15264.9580078125,14496.263671875,21330.458984375
#
18694.26171875,14159.3310546875,20788.228515625
13784.90234375,14498.3125,21318.9765625
15264.9580078125,14496.263671875,21330.458984375
#
18694.26171875,14159.3310546875,20788.228515625
13784.90234375,14498.3125,21318.9765625
16502.2265625,14379.1669921875,21238.27734375
15264.9580078125,14496.263671875,21330.458984375
#
18694.26171875,14159.3310546875,20788.228515625
13784.90234375,14498.3125,21318.9765625
16053.7548828125,14260.6865234375,20967.431640625
15264.9580078125,14496.263671875,21330.458984375
#
18694.26171875,14159.3310546875,20788.228515625
13784.90234375,14498.3125,21318.9765625
16053.7548828125,14260.6865234375,20967.431640625
15264.9580078125,14496.263671875,21330.458984375
#
18694.26171875,14159.3310546875,20788.228515625
13784.90234375,14498.3125,21318.9765625
16053.7548828125,14260.6865234375,20967.431640625
15264.9580078125,14496.263671875,21330.458984375
#
18694.26171875,14159.3310546875,20788.228515625
13784.90234375,14498.3125,21318.9765625
16053.7548828125,14260.6865234375,20967.431640625
15264.9580078125,14496.263671875,21330.458984375
#
18694.26171875,14159.3310546875,20788.228515625
13784.90234375,14498.3125,21318.9765625
16053.7548828125,14260.6865234375,20967.431640625
15264.9580078125,14496.263671875,21330.458984375
#
18694.26171875,14159.3310546875,20788.228515625
13784.90234375,14498.3125,21318.9765625
16053.7548828125,14260.6865234375,20967.431640625
15264.9580078125,14496.263671875,21330.458984375
#
18694.26171875,14159.3310546875,20788.228515625
13784.90234375,14498.3125,21318.9765625
16053.7548828125,14260.6865234375,20967.431640625
15264.9580078125,14496.263671875,21330.458984375
#
18694.26171875,14159.3310546875,20788.228515625
13784.90234375,14498.3125,21318.9765625
16053.7548828125,14260.6865234375,20967.431640625
15264.9580078125,14496.263671875,21330.458984375
#
18694.26171875,14159.3310546875,20788.228515625
13784.90234375,14498.3125,21318.9765625
16053.7548828125,14260.6865234375,20967.431640625
15264.9580078125,14496.263671875,21330.458984375
#
18694.26171875,14159.3310546875,20788.228515625
13784.90234375,14498.3125,21318.9765625
16053.7548828125,14260.6865234375,20967.431640625
15264.9580078125,14496.263671875,21330.458984375
#
18694.26171875,14159.3310546875,20788.228515625
13784.90234375,14498.3125,21318.9765625
16053.7548828125,14260.6865234375,20967.431640625
15264.9580078125,14496.263671875,21330.458984375
#
18694.26171875,14159.3310546875,20788.228515625
13784.90234375,14498.3125,21318.9765625
13784.90234375,14498.3125,21318.9765625
16053.7548828125,14260.6865234375,20967.431640625
15264.9580078125,14496.263671875,21330.458984375
#
18694.26171875,14159.3310546875,20788.228515625
13784.90234375,14498.3125,21318.9765625
13784.90234375,14498.3125,21318.9765625
16053.7548828125,14260.6865234375,20967.431640625
15264.9580078125,14496.263671875,21330.458984375
#
18694.26171875,14159.3310546875,20788.228515625
13784.90234375,14498.3125,21318.9765625
13784.90234375,14498.3125,21318.9765625
16053.7548828125,14260.6865234375,20967.431640625
15264.9580078125,14496.263671875,21330.458984375
#
18694.26171875,14159.3310546875,20788.228515625
13784.90234375,14498.3125,21318.9765625
13784.90234375,14498.3125,21318.9765625
16053.7548828125,14260.6865234375,20967.431640625
15264.9580078125,14496.263671875,21330.458984375
#
18694.26171875,14159.3310546875,20788.228515625
13784.90234375,14498.3125,21318.9765625
13784.90234375,14498.3125,21318.9765625
16053.7548828125,14260.6865234375,20967.431640625
15264.9580078125,14496.263671875,21330.458984375
#
18694.26171875,14159.3310546875,20788.228515625
13784.90234375,14498.3125,21318.9765625
13784.90234375,14498.3125,21318.9765625
16053.7548828125,14260.6865234375,20967.431640625
15264.9580078125,14496.263671875,21330.458984375
#
18694.26171875,14159.3310546875,20788.228515625
13784.90234375,14498.3125,21318.9765625
13784.90234375,14498.3125,21318.9765625
16053.7548828125,14260.6865234375,20967.431640625
15264.9580078125,14496.263671875,21330.458984375
#
18694.26171875,14159.3310546875,20788.228515625
13784.90234375,14498.3125,21318.9765625
13784.90234375,14498.3125,21318.9765625
16053.7548828125,14260.6865234375,20967.431640625
15264.9580078125,14496.263671875,21330.458984375
#
18694.26171875,14159.3310546875,20788.228515625
13784.90234375,14498.3125,21318.9765625
13784.90234375,14498.3125,21318.9765625
16053.7548828125,14260.6865234375,20967.431640625
15264.9580078125,14496.263671875,21330.458984375
#
18694.26171875,14159.3310546875,20788.228515625
13784.90234375,14498.3125,21318.9765625
13784.90234375,14498.3125,21318.9765625
16053.7548828125,14260.6865234375,20967.431640625
15264.9580078125,14496.263671875,21330.458984375
#
18694.26171875,14159.3310546875,20788.228515625
13784.90234375,14498.3125,21318.9765625
13784.90234375,14498.3125,21318.9765625
16053.7548828125,14260.6865234375,20967.431640625
15264.9580078125,14496.263671875,21330.458984375
#
18694.26171875,14159.3310546875,20788.228515625
13784.90234375,14498.3125,21318.9765625
13784.90234375,14498.3125,21318.9765625
16053.7548828125,14260.6865234375,20967.431640625
15264.9580078125,14496.263671875,21330.458984375
#
16053.7548828125,14260.6865234375,20967.431640625
13784.90234375,14498.3125,21318.9765625
13784.90234375,14498.3125,21318.9765625
15264.9580078125,14496.263671875,21330.458984375
#
16053.7548828125,14260.6865234375,20967.431640625
13784.90234375,14498.3125,21318.9765625
13784.90234375,14498.3125,21318.9765625
15264.9580078125,14496.263671875,21330.458984375
#
13784.90234375,14498.3125,21318.9765625
15725.9140625,13475.302734375,19591.265625
15264.9580078125,14496.263671875,21330.458984375
#
13784.90234375,14498.3125,21318.9765625
15725.9140625,13475.302734375,19591.265625
15264.9580078125,14496.263671875,21330.458984375
#
13784.90234375,14498.3125,21318.9765625
15725.9140625,13475.302734375,19591.265625
15264.9580078125,14496.263671875,21330.458984375
#
13784.90234375,14498.3125,21318.9765625
15725.9140625,13475.302734375,19591.265625
15264.9580078125,14496.263671875,21330.458984375
#
13784.90234375,14498.3125,21318.9765625
15725.9140625,13475.302734375,19591.265625
15264.9580078125,14496.263671875,21330.458984375
#
13784.90234375,14498.3125,21318.9765625
15725.9140625,13475.302734375,19591.265625
15264.9580078125,14496.263671875,21330.458984375
#
13784.90234375,14498.3125,21318.9765625
15725.9140625,13475.302734375,19591.265625
15264.9580078125,14496.263671875,21330.458984375
#
13784.90234375,14498.3125,21318.9765625
15725.9140625,13475.302734375,19591.265625
15264.9580078125,14496.263671875,21330.458984375
#
13784.90234375,14498.3125,21318.9765625
15725.9140625,13475.302734375,19591.265625
15264.9580078125,14496.263671875,21330.458984375
#
13784.90234375,14498.3125,21318.9765625
15725.9140625,13475.302734375,19591.265625
15264.9580078125,14496.263671875,21330.458984375
#
13784.90234375,14498.3125,21318.9765625
15725.9140625,13475.302734375,19591.265625
15264.9580078125,14496.263671875,21330.458984375
#
13784.90234375,14498.3125,21318.9765625
15725.9140625,13475.302734375,19591.265625
15264.9580078125,14496.263671875,21330.458984375
#
13784.90234375,14498.3125,21318.9765625
15725.9140625,13475.302734375,19591.265625
15264.9580078125,14496.263671875,21330.458984375
#
13784.90234375,14498.3125,21318.9765625
15725.9140625,13475.302734375,19591.265625
15264.9580078125,14496.263671875,21330.458984375
#
13784.90234375,14498.3125,21318.9765625
15725.9140625,13475.302734375,19591.265625
15264.9580078125,14496.263671875,21330.458984375
#
13784.90234375,14498.3125,21318.9765625
15725.9140625,13475.302734375,19591.265625
15264.9580078125,14496.263671875,21330.458984375
#
13784.90234375,14498.3125,21318.9765625
13784.90234375,14498.3125,21318.9765625
15725.9140625,13475.302734375,19591.265625
15264.9580078125,14496.263671875,21330.458984375
#
13784.90234375,14498.3125,21318.9765625
13784.90234375,14498.3125,21318.9765625
15725.9140625,13475.302734375,19591.265625
15264.9580078125,14496.263671875,21330.458984375
#
13784.90234375,14498.3125,21318.9765625
13784.90234375,14498.3125,21318.9765625
15725.9140625,13475.302734375,19591.265625
15264.9580078125,14496.263671875,21330.458984375
17292.59375,13032.291015625,18871.69921875
#
13784.90234375,14498.3125,21318.9765625
13784.90234375,14498.3125,21318.9765625
15725.9140625,13475.302734375,19591.265625
15022.6806640625,14221.845703125,20874.7578125
17292.59375,13032.291015625,18871.69921875
16589.97265625,13448.6318359375,19575.708984375
15362.0283203125,14101.337890625,20668.80078125
#
13784.90234375,14498.3125,21318.9765625
13784.90234375,14498.3125,21318.9765625
15725.9140625,13475.302734375,19591.265625
15022.6806640625,14221.845703125,20874.7578125
16666.310546875,12884.26953125,18536.369140625
16589.97265625,13448.6318359375,19575.708984375
15362.0283203125,14101.337890625,20668.80078125
#
13784.90234375,14498.3125,21318.9765625
13784.90234375,14498.3125,21318.9765625
15725.9140625,13475.302734375,19591.265625
15022.6806640625,14221.845703125,20874.7578125
16666.310546875,12884.26953125,18536.369140625
16589.97265625,13448.6318359375,19575.708984375
15362.0283203125,14101.337890625,20668.80078125
#
13784.90234375,14498.3125,21318.9765625
13784.90234375,14498.3125,21318.9765625
15725.9140625,13475.302734375,19591.265625
15022.6806640625,14221.845703125,20874.7578125
16666.310546875,12884.26953125,18536.369140625
16589.97265625,13448.6318359375,19575.708984375
15362.0283203125,14101.337890625,20668.80078125
#
13784.90234375,14498.3125,21318.9765625
13784.90234375,14498.3125,21318.9765625
15725.9140625,13475.302734375,19591.265625
15022.6806640625,14221.845703125,20874.7578125
16666.310546875,12884.26953125,18536.369140625
15178.931640625,14105.228515625,20672.091796875
15362.0283203125,14101.337890625,20668.80078125
#
13784.90234375,14498.3125,21318.9765625
13784.90234375,14498.3125,21318.9765625
15725.9140625,13475.302734375,19591.265625
15022.6806640625,14221.845703125,20874.7578125
16666.310546875,12884.26953125,18536.369140625
15178.931640625,14105.228515625,20672.091796875
15362.0283203125,14101.337890625,20668.80078125
#
13784.90234375,14498.3125,21318.9765625
13784.90234375,14498.3125,21318.9765625
15725.9140625,13475.302734375,19591.265625
15022.6806640625,14221.845703125,20874.7578125
16666.310546875,12884.26953125,18536.369140625
15178.931640625,14105.228515625,20672.091796875
15362.0283203125,14101.337890625,20668.80078125
#
13784.90234375,14498.3125,21318.9765625
13784.90234375,14498.3125,21318.9765625
15725.9140625,13475.302734375,19591.265625
15022.6806640625,14221.845703125,20874.7578125
16666.310546875,12884.26953125,18536.369140625
15178.931640625,14105.228515625,20672.091796875
15362.0283203125,14101.337890625,20668.80078125
16294.91015625,13163.189453125,19068.7109375
#
13784.90234375,14498.3125,21318.9765625
13784.90234375,14498.3125,21318.9765625
15725.9140625,13475.302734375,19591.265625
15022.6806640625,14221.845703125,20874.7578125
16666.310546875,12884.26953125,18536.369140625
15178.931640625,14105.228515625,20672.091796875
15362.0283203125,14101.337890625,20668.80078125
15712.939453125,14031.6943359375,20536.634765625
16294.91015625,13163.189453125,19068.7109375
#
13784.90234375,14498.3125,21318.9765625
13784.90234375,14498.3125,21318.9765625
15725.9140625,13475.302734375,19591.265625
15022.6806640625,14221.845703125,20874.7578125
16666.310546875,12884.26953125,18536.369140625
15178.931640625,14105.228515625,20672.091796875
15362.0283203125,14101.337890625,20668.80078125
15712.939453125,14031.6943359375,20536.634765625
16294.91015625,13163.189453125,19068.7109375
#
13784.90234375,14498.3125,21318.9765625
13784.90234375,14498.3125,21318.9765625
15725.9140625,13475.302734375,19591.265625
15022.6806640625,14221.845703125,20874.7578125
16666.310546875,12884.26953125,18536.369140625
15362.0283203125,14101.337890625,20668.80078125
15712.939453125,14031.6943359375,20536.634765625
16294.91015625,13163.189453125,19068.7109375
#
13784.90234375,14498.3125,21318.9765625
13784.90234375,14498.3125,21318.9765625
15725.9140625,13475.302734375,19591.265625
16019.4111328125,13172.6416015625,19046.400390625
15022.6806640625,14221.845703125,20874.7578125
16666.310546875,12884.26953125,18536.369140625
15362.0283203125,14101.337890625,20668.80078125
15712.939453125,14031.6943359375,20536.634765625
16294.91015625,13163.189453125,19068.7109375
#
13784.90234375,14498.3125,21318.9765625
13784.90234375,14498.3125,21318.9765625
15725.9140625,13475.302734375,19591.265625
16019.4111328125,13172.6416015625,19046.400390625
15022.6806640625,14221.845703125,20874.7578125
16666.310546875,12884.26953125,18536.369140625
15362.0283203125,14101.337890625,20668.80078125
15712.939453125,14031.6943359375,20536.634765625
16294.91015625,13163.189453125,19068.7109375
#
13784.90234375,14498.3125,21318.9765625
15725.9140625,13475.302734375,19591.265625
16019.4111328125,13172.6416015625,19046.400390625
15022.6806640625,14221.845703125,20874.7578125
16666.310546875,12884.26953125,18536.369140625
15362.0283203125,14101.337890625,20668.80078125
15712.939453125,14031.6943359375,20536.634765625
16187.82421875,12903.4697265625,18582.595703125
#
13784.90234375,14498.3125,21318.9765625
13784.90234375,14498.3125,21318.9765625
15022.6806640625,14221.845703125,20874.7578125
16666.310546875,12884.26953125,18536.369140625
15499.6337890625,13320.3212890625,19289.791015625
16187.82421875,12903.4697265625,18582.595703125
15362.0283203125,14101.337890625,20668.80078125
#
13784.90234375,14498.3125,21318.9765625
13784.90234375,14498.3125,21318.9765625
15022.6806640625,14221.845703125,20874.7578125
15022.6806640625,14221.845703125,20874.7578125
16666.310546875,12884.26953125,18536.369140625
15499.6337890625,13320.3212890625,19289.791015625
16187.82421875,12903.4697265625,18582.595703125
15362.0283203125,14101.337890625,20668.80078125
#
13784.90234375,14498.3125,21318.9765625
13784.90234375,14498.3125,21318.9765625
15022.6806640625,14221.845703125,20874.7578125
15022.6806640625,14221.845703125,20874.7578125
15499.6337890625,13320.3212890625,19289.791015625
16187.82421875,12903.4697265625,18582.595703125
15116.134765625,13630.693359375,19843.12890625
#
13784.90234375,14498.3125,21318.9765625
13784.90234375,14498.3125,21318.9765625
15022.6806640625,14221.845703125,20874.7578125
15022.6806640625,14221.845703125,20874.7578125
15499.6337890625,13320.3212890625,19289.791015625
16187.82421875,12903.4697265625,18582.595703125
15116.134765625,13630.693359375,19843.12890625
#
13784.90234375,14498.3125,21318.9765625
13784.90234375,14498.3125,21318.9765625
15022.6806640625,14221.845703125,20874.7578125
15022.6806640625,14221.845703125,20874.7578125
15499.6337890625,13320.3212890625,19289.791015625
16187.82421875,12903.4697265625,18582.595703125
15116.134765625,13630.693359375,19843.12890625
#
13784.90234375,14498.3125,21318.9765625
13784.90234375,14498.3125,21318.9765625
15022.6806640625,14221.845703125,20874.7578125
15022.6806640625,14221.845703125,20874.7578125
16187.82421875,12903.4697265625,18582.595703125
15439.3427734375,13031.912109375,18808.4609375
15116.134765625,13630.693359375,19843.12890625
#
13784.90234375,14498.3125,21318.9765625
13784.90234375,14498.3125,21318.9765625
15022.6806640625,14221.845703125,20874.7578125
15022.6806640625,14221.845703125,20874.7578125
16187.82421875,12903.4697265625,18582.595703125
15439.3427734375,13031.912109375,18808.4609375
15116.134765625,13630.693359375,19843.12890625
#
13784.90234375,14498.3125,21318.9765625
16146.970703125,12886.8056640625,18540.732421875
15022.6806640625,14221.845703125,20874.7578125
15022.6806640625,14221.845703125,20874.7578125
15439.3427734375,13031.912109375,18808.4609375
15116.134765625,13630.693359375,19843.12890625
#
13784.90234375,14498.3125,21318.9765625
16146.970703125,12886.8056640625,18540.732421875
15022.6806640625,14221.845703125,20874.7578125
15022.6806640625,14221.845703125,20874.7578125
15439.3427734375,13031.912109375,18808.4609375
15116.134765625,13630.693359375,19843.12890625
#
16483.556640625,12716.7001953125,18256.90625
13784.90234375,14498.3125,21318.9765625
16146.970703125,12886.8056640625,18540.732421875
15022.6806640625,14221.845703125,20874.7578125
15022.6806640625,14221.845703125,20874.7578125
15439.3427734375,13031.912109375,18808.4609375
15116.134765625,13630.693359375,19843.12890625
#
16483.556640625,12716.7001953125,18256.90625
13784.90234375,14498.3125,21318.9765625
16146.970703125,12886.8056640625,18540.732421875
15022.6806640625,14221.845703125,20874.7578125
15022.6806640625,14221.845703125,20874.7578125
15439.3427734375,13031.912109375,18808.4609375
15116.134765625,13630.693359375,19843.12890625
#
16483.556640625,12716.7001953125,18256.90625
13784.90234375,14498.3125,21318.9765625
15439.3427734375,13031.912109375,18808.4609375
15022.6806640625,14221.845703125,20874.7578125
15022.6806640625,14221.845703125,20874.7578125
16187.82421875,12903.4697265625,18582.595703125
15116.134765625,13630.693359375,19843.12890625
#
16483.556640625,12716.7001953125,18256.90625
13784.90234375,14498.3125,21318.9765625
15439.3427734375,13031.912109375,18808.4609375
15022.6806640625,14221.845703125,20874.7578125
15022.6806640625,14221.845703125,20874.7578125
16187.82421875,12903.4697265625,18582.595703125
15116.134765625,13630.693359375,19843.12890625
#
13784.90234375,14498.3125,21318.9765625
15439.3427734375,13031.912109375,18808.4609375
15022.6806640625,14221.845703125,20874.7578125
15022.6806640625,14221.845703125,20874.7578125
15112.0498046875,14106.8486328125,20673.10546875
16187.82421875,12903.4697265625,18582.595703125
15116.134765625,13630.693359375,19843.12890625
#
13784.90234375,14498.3125,21318.9765625
15439.3427734375,13031.912109375,18808.4609375
15022.6806640625,14221.845703125,20874.7578125
15022.6806640625,14221.845703125,20874.7578125
15112.0498046875,14106.8486328125,20673.10546875
16187.82421875,12903.4697265625,18582.595703125
15116.134765625,13630.693359375,19843.12890625
#
13784.90234375,14498.3125,21318.9765625
15439.3427734375,13031.912109375,18808.4609375
15022.6806640625,14221.845703125,20874.7578125
15022.6806640625,14221.845703125,20874.7578125
16271.69921875,12727.5625,18251.64453125
15112.0498046875,14106.8486328125,20673.10546875
16187.82421875,12903.4697265625,18582.595703125
15116.134765625,13630.693359375,19843.12890625
#
13784.90234375,14498.3125,21318.9765625
15439.3427734375,13031.912109375,18808.4609375
15022.6806640625,14221.845703125,20874.7578125
15022.6806640625,14221.845703125,20874.7578125
16271.69921875,12727.5625,18251.64453125
15112.0498046875,14106.8486328125,20673.10546875
16121.234375,12889.2275390625,18568.705078125
15116.134765625,13630.693359375,19843.12890625
15948.044921875,13023.494140625,18802.537109375
#
13784.90234375,14498.3125,21318.9765625
15439.3427734375,13031.912109375,18808.4609375
16494.01171875,12387.2275390625,17693.947265625
15022.6806640625,14221.845703125,20874.7578125
15022.6806640625,14221.845703125,20874.7578125
16271.69921875,12727.5625,18251.64453125
15948.044921875,13023.494140625,18802.537109375
15112.0498046875,14106.8486328125,20673.10546875
16121.234375,12889.2275390625,18568.705078125
16441.076171875,12469.748046875,17844.0078125
15116.134765625,13630.693359375,19843.12890625
#
13784.90234375,14498.3125,21318.9765625
15439.3427734375,13031.912109375,18808.4609375
16494.01171875,12387.2275390625,17693.947265625
15022.6806640625,14221.845703125,20874.7578125
16271.69921875,12727.5625,18251.64453125
15061.107421875,13393.619140625,19422.52734375
16121.234375,12889.2275390625,18568.705078125
16441.076171875,12469.748046875,17844.0078125
15948.044921875,13023.494140625,18802.537109375
#
13784.90234375,14498.3125,21318.9765625
16146.970703125,12886.8056640625,18540.732421875
15439.3427734375,13031.912109375,18808.4609375
15022.6806640625,14221.845703125,20874.7578125
16271.69921875,12727.5625,18251.64453125
15061.107421875,13393.619140625,19422.52734375
16121.234375,12889.2275390625,18568.705078125
16441.076171875,12469.748046875,17844.0078125
15948.044921875,13023.494140625,18802.537109375
#
15439.3427734375,13031.912109375,18808.4609375
13784.90234375,14498.3125,21318.9765625
15978.76171875,12903.8662109375,18582.03515625
15022.6806640625,14221.845703125,20874.7578125
16271.69921875,12727.5625,18251.64453125
15061.107421875,13393.619140625,19422.52734375
16441.076171875,12469.748046875,17844.0078125
16040.103515625,12867.83203125,18530.140625
15948.044921875,13023.494140625,18802.537109375
#
15439.3427734375,13031.912109375,18808.4609375
13784.90234375,14498.3125,21318.9765625
16040.103515625,12867.83203125,18530.140625
15978.76171875,12903.8662109375,18582.03515625
15022.6806640625,14221.845703125,20874.7578125
16271.69921875,12727.5625,18251.64453125
15061.107421875,13393.619140625,19422.52734375
16441.076171875,12469.748046875,17844.0078125
15948.044921875,13023.494140625,18802.537109375
#
16040.103515625,12867.83203125,18530.140625
15439.3427734375,13031.912109375,18808.4609375
13784.90234375,14498.3125,21318.9765625
15978.76171875,12903.8662109375,18582.03515625
15022.6806640625,14221.845703125,20874.7578125
16022.2041015625,12895.8623046875,18548.5859375
16271.69921875,12727.5625,18251.64453125
15061.107421875,13393.619140625,19422.52734375
16441.076171875,12469.748046875,17844.0078125
15948.044921875,13023.494140625,18802.537109375
#
16040.103515625,12867.83203125,18530.140625
15439.3427734375,13031.912109375,18808.4609375
13784.90234375,14498.3125,21318.9765625
15022.6806640625,14221.845703125,20874.7578125
16022.2041015625,12895.8623046875,18548.5859375
15948.044921875,13023.494140625,18802.537109375
15061.107421875,13393.619140625,19422.52734375
16441.076171875,12469.748046875,17844.0078125
#
16040.103515625,12867.83203125,18530.140625
15439.3427734375,13031.912109375,18808.4609375
13784.90234375,14498.3125,21318.9765625
15948.044921875,13023.494140625,18802.537109375
15022.6806640625,14221.845703125,20874.7578125
16022.2041015625,12895.8623046875,18548.5859375
16805.953125,12580.8916015625,18046.294921875
15061.107421875,13393.619140625,19422.52734375
16493.24609375,12880.6494140625,18526.51171875
#
16040.103515625,12867.83203125,18530.140625
15439.3427734375,13031.912109375,18808.4609375
13784.90234375,14498.3125,21318.9765625
15022.6806640625,14221.845703125,20874.7578125
16022.2041015625,12895.8623046875,18548.5859375
16325.9462890625,12770.830078125,18366.34765625
15948.044921875,13023.494140625,18802.537109375
15061.107421875,13393.619140625,19422.52734375
16171.2666015625,12815.2021484375,18422.49609375
#
15738.287109375,12701.189453125,18224.666015625
15439.3427734375,13031.912109375,18808.4609375
13784.90234375,14498.3125,21318.9765625
15470.2197265625,12988.7109375,18731.390625
15022.6806640625,14221.845703125,20874.7578125
15061.107421875,13393.619140625,19422.52734375
15605.7734375,12772.072265625,18341.095703125
16565.7265625,12574.572265625,17985.517578125
#
15738.287109375,12701.189453125,18224.666015625
15439.3427734375,13031.912109375,18808.4609375
13784.90234375,14498.3125,21318.9765625
15470.2197265625,12988.7109375,18731.390625
15022.6806640625,14221.845703125,20874.7578125
15061.107421875,13393.619140625,19422.52734375
14957.6220703125,14483.9443359375,21376.884765625
15605.7734375,12772.072265625,18341.095703125
16565.7265625,12574.572265625,17985.517578125
#
15738.287109375,12701.189453125,18224.666015625
15439.3427734375,13031.912109375,18808.4609375
13784.90234375,14498.3125,21318.9765625
15470.2197265625,12988.7109375,18731.390625
15022.6806640625,14221.845703125,20874.7578125
15061.107421875,13393.619140625,19422.52734375
14957.6220703125,14483.9443359375,21376.884765625
15605.7734375,12772.072265625,18341.095703125
16565.7265625,12574.572265625,17985.517578125
#
15738.287109375,12701.189453125,18224.666015625
15439.3427734375,13031.912109375,18808.4609375
13784.90234375,14498.3125,21318.9765625
15470.2197265625,12988.7109375,18731.390625
15061.107421875,13393.619140625,19422.52734375
15022.6806640625,14221.845703125,20874.7578125
15900.86328125,12292.109375,17504.720703125
15605.7734375,12772.072265625,18341.095703125
#
15738.287109375,12701.189453125,18224.666015625
15439.3427734375,13031.912109375,18808.4609375
13784.90234375,14498.3125,21318.9765625
15470.2197265625,12988.7109375,18731.390625
15061.107421875,13393.619140625,19422.52734375
15022.6806640625,14221.845703125,20874.7578125
15900.86328125,12292.109375,17504.720703125
15605.7734375,12772.072265625,18341.095703125
#
15738.287109375,12701.189453125,18224.666015625
15439.3427734375,13031.912109375,18808.4609375
15439.3427734375,13031.912109375,18808.4609375
13784.90234375,14498.3125,21318.9765625
15470.2197265625,12988.7109375,18731.390625
15061.107421875,13393.619140625,19422.52734375
15022.6806640625,14221.845703125,20874.7578125
15900.86328125,12292.109375,17504.720703125
15605.7734375,12772.072265625,18341.095703125
#
15439.3427734375,13031.912109375,18808.4609375
15439.3427734375,13031.912109375,18808.4609375
13784.90234375,14498.3125,21318.9765625
15470.2197265625,12988.7109375,18731.390625
15061.107421875,13393.619140625,19422.52734375
15738.287109375,12701.189453125,18224.666015625
15022.6806640625,14221.845703125,20874.7578125
15900.86328125,12292.109375,17504.720703125
15605.7734375,12772.072265625,18341.095703125
#
15439.3427734375,13031.912109375,18808.4609375
15439.3427734375,13031.912109375,18808.4609375
15061.107421875,13393.619140625,19422.52734375
15470.2197265625,12988.7109375,18731.390625
15514.7021484375,12883.7822265625,18541.794921875
15022.6806640625,14221.845703125,20874.7578125
15900.86328125,12292.109375,17504.720703125
15738.287109375,12701.189453125,18224.666015625
13784.90234375,14498.3125,21318.9765625
15406.841796875,13239.2763671875,19135.478515625
15605.7734375,12772.072265625,18341.095703125
#
15439.3427734375,13031.912109375,18808.4609375
15439.3427734375,13031.912109375,18808.4609375
15061.107421875,13393.619140625,19422.52734375
15470.2197265625,12988.7109375,18731.390625
15514.7021484375,12883.7822265625,18541.794921875
15900.86328125,12292.109375,17504.720703125
15738.287109375,12701.189453125,18224.666015625
13784.90234375,14498.3125,21318.9765625
14806.6513671875,14108.703125,20616.19921875
15406.841796875,13239.2763671875,19135.478515625
15605.7734375,12772.072265625,18341.095703125
#
15900.86328125,12292.109375,17504.720703125
15439.3427734375,13031.912109375,18808.4609375
15439.3427734375,13031.912109375,18808.4609375
15061.107421875,13393.619140625,19422.52734375
15470.2197265625,12988.7109375,18731.390625
15514.7021484375,12883.7822265625,18541.794921875
15738.287109375,12701.189453125,18224.666015625
15738.287109375,12701.189453125,18224.666015625
14806.6513671875,14108.703125,20616.19921875
13784.90234375,14498.3125,21318.9765625
15406.841796875,13239.2763671875,19135.478515625
15605.7734375,12772.072265625,18341.095703125
#
15900.86328125,12292.109375,17504.720703125
15439.3427734375,13031.912109375,18808.4609375
15439.3427734375,13031.912109375,18808.4609375
15061.107421875,13393.619140625,19422.52734375
15470.2197265625,12988.7109375,18731.390625
15514.7021484375,12883.7822265625,18541.794921875
14780.8310546875,14920.087890625,22095.34765625
15738.287109375,12701.189453125,18224.666015625
15605.7734375,12772.072265625,18341.095703125
14806.6513671875,14108.703125,20616.19921875
#
15900.86328125,12292.109375,17504.720703125
15514.7021484375,12883.7822265625,18541.794921875
14780.8310546875,14920.087890625,22095.34765625
15738.287109375,12701.189453125,18224.666015625
15605.7734375,12772.072265625,18341.095703125
14806.6513671875,14108.703125,20616.19921875
14972.947265625,12968.802734375,18672.4375
#
15900.86328125,12292.109375,17504.720703125
15514.7021484375,12883.7822265625,18541.794921875
14780.8310546875,14920.087890625,22095.34765625
15636.6484375,12728.8720703125,18264.025390625
15605.7734375,12772.072265625,18341.095703125
15738.287109375,12701.189453125,18224.666015625
14806.6513671875,14108.703125,20616.19921875
14972.947265625,12968.802734375,18672.4375
15120.5380859375,12964.728515625,18668.63671875
#
16059.6484375,12403.05859375,17706.375
14964.4931640625,13173.6416015625,19030.90234375
15738.287109375,12701.189453125,18224.666015625
15120.5380859375,12964.728515625,18668.63671875
15514.7021484375,12883.7822265625,18541.794921875
14746.3603515625,13820.2939453125,20134.87890625
15636.6484375,12728.8720703125,18264.025390625
15605.7734375,12772.072265625,18341.095703125
14972.947265625,12968.802734375,18672.4375
15961.9130859375,12607.451171875,18067.25
#
16059.6484375,12403.05859375,17706.375
14964.4931640625,13173.6416015625,19030.90234375
15738.287109375,12701.189453125,18224.666015625
15120.5380859375,12964.728515625,18668.63671875
15514.7021484375,12883.7822265625,18541.794921875
14780.8310546875,14920.087890625,22095.34765625
15636.6484375,12728.8720703125,18264.025390625
15605.7734375,12772.072265625,18341.095703125
14806.6513671875,14108.703125,20616.19921875
14972.947265625,12968.802734375,18672.4375
14944.470703125,13998.66796875,20448.826171875
15961.9130859375,12607.451171875,18067.25
#
16059.6484375,12403.05859375,17706.375
14964.4931640625,13173.6416015625,19030.90234375
15636.6484375,12728.8720703125,18264.025390625
15738.287109375,12701.189453125,18224.666015625
15120.5380859375,12964.728515625,18668.63671875
15514.7021484375,12883.7822265625,18541.794921875
14780.8310546875,14920.087890625,22095.34765625
15605.7734375,12772.072265625,18341.095703125
14806.6513671875,14108.703125,20616.19921875
14972.947265625,12968.802734375,18672.4375
14944.470703125,13998.66796875,20448.826171875
15961.9130859375,12607.451171875,18067.25
#
16059.6484375,12403.05859375,17706.375
14964.4931640625,13173.6416015625,19030.90234375
15636.6484375,12728.8720703125,18264.025390625
15120.5380859375,12964.728515625,18668.63671875
15514.7021484375,12883.7822265625,18541.794921875
15738.287109375,12701.189453125,18224.666015625
15605.7734375,12772.072265625,18341.095703125
14806.6513671875,14108.703125,20616.19921875
14972.947265625,12968.802734375,18672.4375
14944.470703125,13998.66796875,20448.826171875
15961.9130859375,12607.451171875,18067.25
#
16059.6484375,12403.05859375,17706.375
14964.4931640625,13173.6416015625,19030.90234375
15636.6484375,12728.8720703125,18264.025390625
15120.5380859375,12964.728515625,18668.63671875
15514.7021484375,12883.7822265625,18541.794921875
15738.287109375,12701.189453125,18224.666015625
15605.7734375,12772.072265625,18341.095703125
14806.6513671875,14108.703125,20616.19921875
14972.947265625,12968.802734375,18672.4375
14944.470703125,13998.66796875,20448.826171875
15961.9130859375,12607.451171875,18067.25
#
16059.6484375,12403.05859375,17706.375
14964.4931640625,13173.6416015625,19030.90234375
15636.6484375,12728.8720703125,18264.025390625
15120.5380859375,12964.728515625,18668.63671875
15514.7021484375,12883.7822265625,18541.794921875
15738.287109375,12701.189453125,18224.666015625
15605.7734375,12772.072265625,18341.095703125
14806.6513671875,14108.703125,20616.19921875
14972.947265625,12968.802734375,18672.4375
14944.470703125,13998.66796875,20448.826171875
15961.9130859375,12607.451171875,18067.25
#
16059.6484375,12403.05859375,17706.375
14964.4931640625,13173.6416015625,19030.90234375
15636.6484375,12728.8720703125,18264.025390625
15738.287109375,12701.189453125,18224.666015625
15514.7021484375,12883.7822265625,18541.794921875
15120.5380859375,12964.728515625,18668.63671875
15605.7734375,12772.072265625,18341.095703125
14806.6513671875,14108.703125,20616.19921875
14972.947265625,12968.802734375,18672.4375
14944.470703125,13998.66796875,20448.826171875
15961.9130859375,12607.451171875,18067.25
#
16059.6484375,12403.05859375,17706.375
15636.6484375,12728.8720703125,18264.025390625
15120.5380859375,12964.728515625,18668.63671875
15738.287109375,12701.189453125,18224.666015625
15514.7021484375,12883.7822265625,18541.794921875
15605.7734375,12772.072265625,18341.095703125
14972.947265625,12968.802734375,18672.4375
15961.9130859375,12607.451171875,18067.25
14783.0625,12979.60546875,18682.595703125
#
16059.6484375,12403.05859375,17706.375
15636.6484375,12728.8720703125,18264.025390625
15120.5380859375,12964.728515625,18668.63671875
15738.287109375,12701.189453125,18224.666015625
14782.953125,14484.1259765625,21354.435546875
14783.0625,12979.60546875,18682.595703125
15605.7734375,12772.072265625,18341.095703125
14972.947265625,12968.802734375,18672.4375
15961.9130859375,12607.451171875,18067.25
15514.7021484375,12883.7822265625,18541.794921875
#
16059.6484375,12403.05859375,17706.375
15636.6484375,12728.8720703125,18264.025390625
15120.5380859375,12964.728515625,18668.63671875
15738.287109375,12701.189453125,18224.666015625
14782.953125,14484.1259765625,21354.435546875
14783.0625,12979.60546875,18682.595703125
15605.7734375,12772.072265625,18341.095703125
14972.947265625,12968.802734375,18672.4375
15961.9130859375,12607.451171875,18067.25
15514.7021484375,12883.7822265625,18541.794921875
#
16059.6484375,12403.05859375,17706.375
15636.6484375,12728.8720703125,18264.025390625
15120.5380859375,12964.728515625,18668.63671875
15605.7734375,12772.072265625,18341.095703125
15605.7734375,12772.072265625,18341.095703125
15738.287109375,12701.189453125,18224.666015625
14782.953125,14484.1259765625,21354.435546875
14783.0625,12979.60546875,18682.595703125
14972.947265625,12968.802734375,18672.4375
15961.9130859375,12607.451171875,18067.25
15514.7021484375,12883.7822265625,18541.794921875
#
16059.6484375,12403.05859375,17706.375
15636.6484375,12728.8720703125,18264.025390625
15605.7734375,12772.072265625,18341.095703125
15120.5380859375,12964.728515625,18668.63671875
14783.0625,12979.60546875,18682.595703125
15738.287109375,12701.189453125,18224.666015625
14828.353515625,12976.2841796875,18678.615234375
15186.9208984375,12921.712890625,18592.07421875
14513.2529296875,13200.6318359375,19071.927734375
14972.947265625,12968.802734375,18672.4375
15961.9130859375,12607.451171875,18067.25
15514.7021484375,12883.7822265625,18541.794921875
#
16059.6484375,12403.05859375,17706.375
15399.3740234375,12773.6044921875,18340.748046875
15605.7734375,12772.072265625,18341.095703125
15120.5380859375,12964.728515625,18668.63671875
15636.6484375,12728.8720703125,18264.025390625
15636.6484375,12728.8720703125,18264.025390625
14783.0625,12979.60546875,18682.595703125
14783.0625,12979.60546875,18682.595703125
15738.287109375,12701.189453125,18224.666015625
14828.353515625,12976.2841796875,18678.615234375
15186.9208984375,12921.712890625,18592.07421875
14513.2529296875,13200.6318359375,19071.927734375
14972.947265625,12968.802734375,18672.4375
15961.9130859375,12607.451171875,18067.25
#
16059.6484375,12403.05859375,17706.375
15399.3740234375,12773.6044921875,18340.748046875
15605.7734375,12772.072265625,18341.095703125
15001.443359375,12968.4033203125,18672.296875
15120.5380859375,12964.728515625,18668.63671875
15636.6484375,12728.8720703125,18264.025390625
15636.6484375,12728.8720703125,18264.025390625
15186.9208984375,12921.712890625,18592.07421875
14783.0625,12979.60546875,18682.595703125
14972.947265625,12968.802734375,18672.4375
15738.287109375,12701.189453125,18224.666015625
14828.353515625,12976.2841796875,18678.615234375
14513.2529296875,13200.6318359375,19071.927734375
15961.9130859375,12607.451171875,18067.25
#
16059.6484375,12403.05859375,17706.375
15399.3740234375,12773.6044921875,18340.748046875
15001.443359375,12968.4033203125,18672.296875
15120.5380859375,12964.728515625,18668.63671875
15636.6484375,12728.8720703125,18264.025390625
15636.6484375,12728.8720703125,18264.025390625
15186.9208984375,12921.712890625,18592.07421875
14783.0625,12979.60546875,18682.595703125
15605.7734375,12772.072265625,18341.095703125
14972.947265625,12968.802734375,18672.4375
14828.353515625,12976.2841796875,18678.615234375
14513.2529296875,13200.6318359375,19071.927734375
14725.3583984375,12979.7333984375,18682.1953125
14966.16015625,12975.7138671875,18679.302734375
15738.287109375,12701.189453125,18224.666015625
15961.9130859375,12607.451171875,18067.25
#
16059.6484375,12403.05859375,17706.375
15399.3740234375,12773.6044921875,18340.748046875
15001.443359375,12968.4033203125,18672.296875
15120.5380859375,12964.728515625,18668.63671875
15636.6484375,12728.8720703125,18264.025390625
15636.6484375,12728.8720703125,18264.025390625
15186.9208984375,12921.712890625,18592.07421875
14783.0625,12979.60546875,18682.595703125
15605.7734375,12772.072265625,18341.095703125
14972.947265625,12968.802734375,18672.4375
14828.353515625,12976.2841796875,18678.615234375
14513.2529296875,13200.6318359375,19071.927734375
14725.3583984375,12979.7333984375,18682.1953125
15184.541015625,12964.513671875,18669.00390625
14966.16015625,12975.7138671875,18679.302734375
15738.287109375,12701.189453125,18224.666015625
15961.9130859375,12607.451171875,18067.25
#
16059.6484375,12403.05859375,17706.375
15399.3740234375,12773.6044921875,18340.748046875
15636.6484375,12728.8720703125,18264.025390625
15605.7734375,12772.072265625,18341.095703125
14696.3505859375,13196.7412109375,19068.63671875
14745.70703125,12914.6015625,18546.65234375
14725.3583984375,12979.7333984375,18682.1953125
15738.287109375,12701.189453125,18224.666015625
15961.9130859375,12607.451171875,18067.25
#
16059.6484375,12403.05859375,17706.375
15399.3740234375,12773.6044921875,18340.748046875
15636.6484375,12728.8720703125,18264.025390625
15605.7734375,12772.072265625,18341.095703125
15605.7734375,12772.072265625,18341.095703125
14696.3505859375,13196.7412109375,19068.63671875
14725.3583984375,12979.7333984375,18682.1953125
14745.70703125,12914.6015625,18546.65234375
15738.287109375,12701.189453125,18224.666015625
15961.9130859375,12607.451171875,18067.25
#
16059.6484375,12403.05859375,17706.375
15399.3740234375,12773.6044921875,18340.748046875
15636.6484375,12728.8720703125,18264.025390625
15605.7734375,12772.072265625,18341.095703125
15605.7734375,12772.072265625,18341.095703125
14696.3505859375,13196.7412109375,19068.63671875
14725.3583984375,12979.7333984375,18682.1953125
14457.6953125,14179.146484375,20760.1875
14745.70703125,12914.6015625,18546.65234375
15738.287109375,12701.189453125,18224.666015625
15961.9130859375,12607.451171875,18067.25
#
16059.6484375,12403.05859375,17706.375
15399.3740234375,12773.6044921875,18340.748046875
15636.6484375,12728.8720703125,18264.025390625
15605.7734375,12772.072265625,18341.095703125
14725.3583984375,12979.7333984375,18682.1953125
14745.70703125,12914.6015625,18546.65234375
14696.3505859375,13196.7412109375,19068.63671875
14457.6953125,14179.146484375,20760.1875
15738.287109375,12701.189453125,18224.666015625
15961.9130859375,12607.451171875,18067.25
#
16059.6484375,12403.05859375,17706.375
15636.6484375,12728.8720703125,18264.025390625
15605.7734375,12772.072265625,18341.095703125
14725.3583984375,12979.7333984375,18682.1953125
14745.70703125,12914.6015625,18546.65234375
14696.3505859375,13196.7412109375,19068.63671875
14696.3505859375,13196.7412109375,19068.63671875
15738.287109375,12701.189453125,18224.666015625
15961.9130859375,12607.451171875,18067.25
15514.7021484375,12883.7822265625,18541.794921875
#
16059.6484375,12403.05859375,17706.375
15636.6484375,12728.8720703125,18264.025390625
15636.6484375,12728.8720703125,18264.025390625
15603.046875,12899.3681640625,18579.115234375
15605.7734375,12772.072265625,18341.095703125
14725.3583984375,12979.7333984375,18682.1953125
14745.70703125,12914.6015625,18546.65234375
14696.3505859375,13196.7412109375,19068.63671875
14696.3505859375,13196.7412109375,19068.63671875
15738.287109375,12701.189453125,18224.666015625
15961.9130859375,12607.451171875,18067.25
14679.4072265625,13887.4296875,20266.453125
#
16059.6484375,12403.05859375,17706.375
15636.6484375,12728.8720703125,18264.025390625
15636.6484375,12728.8720703125,18264.025390625
15603.046875,12899.3681640625,18579.115234375
15605.7734375,12772.072265625,18341.095703125
14725.3583984375,12979.7333984375,18682.1953125
14745.70703125,12914.6015625,18546.65234375
14696.3505859375,13196.7412109375,19068.63671875
14696.3505859375,13196.7412109375,19068.63671875
15738.287109375,12701.189453125,18224.666015625
15961.9130859375,12607.451171875,18067.25
14679.4072265625,13887.4296875,20266.453125
#
16059.6484375,12403.05859375,17706.375
14745.70703125,12914.6015625,18546.65234375
14696.3505859375,13196.7412109375,19068.63671875
14725.3583984375,12979.7333984375,18682.1953125
14725.3583984375,12979.7333984375,18682.1953125
14803.412109375,12914.4736328125,18547.05078125
14910.7451171875,12569.6865234375,17972.240234375
14679.4072265625,13887.4296875,20266.453125
#
16059.6484375,12403.05859375,17706.375
14745.70703125,12914.6015625,18546.65234375
14696.3505859375,13196.7412109375,19068.63671875
14725.3583984375,12979.7333984375,18682.1953125
14725.3583984375,12979.7333984375,18682.1953125
14675.939453125,13403.1826171875,19423.435546875
14771.0732421875,12716.341796875,18194.93359375
14910.7451171875,12569.6865234375,17972.240234375
#
16059.6484375,12403.05859375,17706.375
14910.7451171875,12569.6865234375,17972.240234375
14745.70703125,12914.6015625,18546.65234375
14725.3583984375,12979.7333984375,18682.1953125
14696.3505859375,13196.7412109375,19068.63671875
14771.0732421875,12716.341796875,18194.93359375
14679.4072265625,13887.4296875,20266.453125
#
16059.6484375,12403.05859375,17706.375
14910.7451171875,12569.6865234375,17972.240234375
14745.70703125,12914.6015625,18546.65234375
14725.3583984375,12979.7333984375,18682.1953125
14696.3505859375,13196.7412109375,19068.63671875
14679.4072265625,13887.4296875,20266.453125
14771.0732421875,12716.341796875,18194.93359375
#
16059.6484375,12403.05859375,17706.375
14910.7451171875,12569.6865234375,17972.240234375
14745.70703125,12914.6015625,18546.65234375
14725.3583984375,12979.7333984375,18682.1953125
14725.3583984375,12979.7333984375,18682.1953125
14696.3505859375,13196.7412109375,19068.63671875
14679.4072265625,13887.4296875,20266.453125
14771.0732421875,12716.341796875,18194.93359375
14846.2529296875,12576.7265625,17978.70703125
#
16059.6484375,12403.05859375,17706.375
14910.7451171875,12569.6865234375,17972.240234375
14745.70703125,12914.6015625,18546.65234375
14725.3583984375,12979.7333984375,18682.1953125
14725.3583984375,12979.7333984375,18682.1953125
14696.3505859375,13196.7412109375,19068.63671875
14679.4072265625,13887.4296875,20266.453125
14754.69921875,12778.6005859375,18334.5078125
14771.0732421875,12716.341796875,18194.93359375
14846.2529296875,12576.7265625,17978.70703125
#
16059.6484375,12403.05859375,17706.375
14910.7451171875,12569.6865234375,17972.240234375
14754.69921875,12778.6005859375,18334.5078125
14771.0732421875,12716.341796875,18194.93359375
15093.8427734375,12565.796875,17968.94921875
14846.2529296875,12576.7265625,17978.70703125
14451.0498046875,12801.517578125,18371.732421875
#
16059.6484375,12403.05859375,17706.375
14910.7451171875,12569.6865234375,17972.240234375
14771.0732421875,12716.341796875,18194.93359375
14754.69921875,12778.6005859375,18334.5078125
15093.8427734375,12565.796875,17968.94921875
14846.2529296875,12576.7265625,17978.70703125
14451.0498046875,12801.517578125,18371.732421875
#
16059.6484375,12403.05859375,17706.375
14910.7451171875,12569.6865234375,17972.240234375
14771.0732421875,12716.341796875,18194.93359375
14754.69921875,12778.6005859375,18334.5078125
14846.2529296875,12576.7265625,17978.70703125
15093.8427734375,12565.796875,17968.94921875
14451.0498046875,12801.517578125,18371.732421875
#
16059.6484375,12403.05859375,17706.375
14910.7451171875,12569.6865234375,17972.240234375
14846.2529296875,12576.7265625,17978.70703125
15093.8427734375,12565.796875,17968.94921875
14451.0498046875,12801.517578125,18371.732421875
14663.15625,12580.6171875,17982.0
#
16059.6484375,12403.05859375,17706.375
14910.7451171875,12569.6865234375,17972.240234375
14846.2529296875,12576.7265625,17978.70703125
15093.8427734375,12565.796875,17968.94921875
14451.0498046875,12801.517578125,18371.732421875
14663.15625,12580.6171875,17982.0
#
16059.6484375,12403.05859375,17706.375
14910.7451171875,12569.6865234375,17972.240234375
14201.654296875,12586.125,18008.400390625
14846.2529296875,12576.7265625,17978.70703125
15093.8427734375,12565.796875,17968.94921875
14663.15625,12580.6171875,17982.0
#
16059.6484375,12403.05859375,17706.375
14910.7451171875,12569.6865234375,17972.240234375
14201.654296875,12586.125,18008.400390625
14846.2529296875,12576.7265625,17978.70703125
15093.8427734375,12565.796875,17968.94921875
14663.15625,12580.6171875,17982.0
14663.15625,12580.6171875,17982.0
#
16059.6484375,12403.05859375,17706.375
14910.7451171875,12569.6865234375,17972.240234375
14201.654296875,12586.125,18008.400390625
14846.2529296875,12576.7265625,17978.70703125
14941.62109375,12526.4873046875,17895.171875
14663.15625,12580.6171875,17982.0
14663.15625,12580.6171875,17982.0
#
16059.6484375,12403.05859375,17706.375
14910.7451171875,12569.6865234375,17972.240234375
14663.15625,12580.6171875,17982.0
14201.654296875,12586.125,18008.400390625
14846.2529296875,12576.7265625,17978.70703125
14846.2529296875,12576.7265625,17978.70703125
14941.62109375,12526.4873046875,17895.171875
#
16059.6484375,12403.05859375,17706.375
14910.7451171875,12569.6865234375,17972.240234375
14663.15625,12580.6171875,17982.0
14201.654296875,12586.125,18008.400390625
14846.2529296875,12576.7265625,17978.70703125
14846.2529296875,12576.7265625,17978.70703125
14941.62109375,12526.4873046875,17895.171875
#
16059.6484375,12403.05859375,17706.375
14663.15625,12580.6171875,17982.0
14201.654296875,12586.125,18008.400390625
14683.5048828125,12515.486328125,17846.45703125
#
14663.15625,12580.6171875,17982.0
14201.654296875,12586.125,18008.400390625
14683.5048828125,12515.486328125,17846.45703125
14688.5205078125,12382.357421875,17630.283203125
#
14201.654296875,12586.125,18008.400390625
14688.5205078125,12382.357421875,17630.283203125
14663.15625,12580.6171875,17982.0
14663.15625,12580.6171875,17982.0
14683.5048828125,12515.486328125,17846.45703125
#
14201.654296875,12586.125,18008.400390625
14688.5205078125,12382.357421875,17630.283203125
14663.15625,12580.6171875,17982.0
14078.8232421875,13501.6337890625,19582.96875
14683.5048828125,12515.486328125,17846.45703125
14618.5615234375,12581.2431640625,17982.220703125
14836.111328125,12378.283203125,17626.482421875
#
14708.869140625,12317.2265625,17494.73828125
14663.15625,12580.6171875,17982.0
14201.654296875,12586.125,18008.400390625
14688.5205078125,12382.357421875,17630.283203125
14078.8232421875,13501.6337890625,19582.96875
14683.5048828125,12515.486328125,17846.45703125
14618.5615234375,12581.2431640625,17982.220703125
#
14688.5205078125,12382.357421875,17630.283203125
14663.15625,12580.6171875,17982.0
14708.869140625,12317.2265625,17494.73828125
14201.654296875,12586.125,18008.400390625
14201.654296875,12586.125,18008.400390625
14078.8232421875,13501.6337890625,19582.96875
14683.5048828125,12515.486328125,17846.45703125
14618.5615234375,12581.2431640625,17982.220703125
#
14688.5205078125,12382.357421875,17630.283203125
14663.15625,12580.6171875,17982.0
14708.869140625,12317.2265625,17494.73828125
14201.654296875,12586.125,18008.400390625
14201.654296875,12586.125,18008.400390625
14078.8232421875,13501.6337890625,19582.96875
14683.5048828125,12515.486328125,17846.45703125
14618.5615234375,12581.2431640625,17982.220703125
14181.3427734375,12655.0791015625,18151.8203125
#
14688.5205078125,12382.357421875,17630.283203125
14663.15625,12580.6171875,17982.0
14708.869140625,12317.2265625,17494.73828125
14201.654296875,12586.125,18008.400390625
14201.654296875,12586.125,18008.400390625
14078.8232421875,13501.6337890625,19582.96875
14683.5048828125,12515.486328125,17846.45703125
14683.5048828125,12515.486328125,17846.45703125
14618.5615234375,12581.2431640625,17982.220703125
14058.5107421875,13570.587890625,19726.388671875
14181.3427734375,12655.0791015625,18151.8203125
#
14688.5205078125,12382.357421875,17630.283203125
14688.5205078125,12382.357421875,17630.283203125
14663.15625,12580.6171875,17982.0
14683.5048828125,12515.486328125,17846.45703125
14201.654296875,12586.125,18008.400390625
14201.654296875,12586.125,18008.400390625
14078.8232421875,13501.6337890625,19582.96875
14618.5615234375,12581.2431640625,17982.220703125
14058.5107421875,13570.587890625,19726.388671875
14181.3427734375,12655.0791015625,18151.8203125
14836.111328125,12378.283203125,17626.482421875
#
14688.5205078125,12382.357421875,17630.283203125
14201.654296875,12586.125,18008.400390625
14663.15625,12580.6171875,17982.0
14683.5048828125,12515.486328125,17846.45703125
14683.5048828125,12515.486328125,17846.45703125
14618.5615234375,12581.2431640625,17982.220703125
14037.17578125,13250.34375,19184.4921875
14181.3427734375,12655.0791015625,18151.8203125
14836.111328125,12378.283203125,17626.482421875
#
14688.5205078125,12382.357421875,17630.283203125
14201.654296875,12586.125,18008.400390625
14663.15625,12580.6171875,17982.0
14683.5048828125,12515.486328125,17846.45703125
14683.5048828125,12515.486328125,17846.45703125
14618.5615234375,12581.2431640625,17982.220703125
14037.17578125,13250.34375,19184.4921875
14181.3427734375,12655.0791015625,18151.8203125
14836.111328125,12378.283203125,17626.482421875
#
14688.5205078125,12382.357421875,17630.283203125
14201.654296875,12586.125,18008.400390625
14663.15625,12580.6171875,17982.0
14663.15625,12580.6171875,17982.0
14683.5048828125,12515.486328125,17846.45703125
14618.5615234375,12581.2431640625,17982.220703125
14037.17578125,13250.34375,19184.4921875
14181.3427734375,12655.0791015625,18151.8203125
14836.111328125,12378.283203125,17626.482421875
#
14688.5205078125,12382.357421875,17630.283203125
14201.654296875,12586.125,18008.400390625
14663.15625,12580.6171875,17982.0
14663.15625,12580.6171875,17982.0
14181.3427734375,12655.0791015625,18151.8203125
14683.5048828125,12515.486328125,17846.45703125
14618.5615234375,12581.2431640625,17982.220703125
14037.17578125,13250.34375,19184.4921875
14836.111328125,12378.283203125,17626.482421875
#
14688.5205078125,12382.357421875,17630.283203125
14201.654296875,12586.125,18008.400390625
14201.654296875,12586.125,18008.400390625
14227.0205078125,12387.865234375,17656.68359375
14181.3427734375,12655.0791015625,18151.8203125
14037.17578125,13250.34375,19184.4921875
14836.111328125,12378.283203125,17626.482421875
#
14984.955078125,12305.8955078125,17484.837890625
14688.5205078125,12382.357421875,17630.283203125
14201.654296875,12586.125,18008.400390625
14201.654296875,12586.125,18008.400390625
14643.92578125,12382.9833984375,17630.501953125
14181.3427734375,12655.0791015625,18151.8203125
14227.0205078125,12387.865234375,17656.68359375
14037.17578125,13250.34375,19184.4921875
#
14708.869140625,12317.2265625,17494.73828125
14201.654296875,12586.125,18008.400390625
14201.654296875,12586.125,18008.400390625
14643.92578125,12382.9833984375,17630.501953125
14181.3427734375,12655.0791015625,18151.8203125
14227.0205078125,12387.865234375,17656.68359375
14688.5205078125,12382.357421875,17630.283203125
14688.5205078125,12382.357421875,17630.283203125
14037.17578125,13250.34375,19184.4921875
#
14708.869140625,12317.2265625,17494.73828125
14206.7080078125,12456.8193359375,17800.1015625
14201.654296875,12586.125,18008.400390625
14201.654296875,12586.125,18008.400390625
14643.92578125,12382.9833984375,17630.501953125
14181.3427734375,12655.0791015625,18151.8203125
14227.0205078125,12387.865234375,17656.68359375
14078.8232421875,13501.6337890625,19582.96875
14688.5205078125,12382.357421875,17630.283203125
14688.5205078125,12382.357421875,17630.283203125
#
14708.869140625,12317.2265625,17494.73828125
14206.7080078125,12456.8193359375,17800.1015625
14201.654296875,12586.125,18008.400390625
14201.654296875,12586.125,18008.400390625
14181.3427734375,12655.0791015625,18151.8203125
14227.0205078125,12387.865234375,17656.68359375
14688.5205078125,12382.357421875,17630.283203125
14688.5205078125,12382.357421875,17630.283203125
#
14708.869140625,12317.2265625,17494.73828125
14206.7080078125,12456.8193359375,17800.1015625
14201.654296875,12586.125,18008.400390625
14181.3427734375,12655.0791015625,18151.8203125
14181.3427734375,12655.0791015625,18151.8203125
14688.5205078125,12382.357421875,17630.283203125
14227.0205078125,12387.865234375,17656.68359375
14183.8251953125,12596.6005859375,18018.73828125
#
14708.869140625,12317.2265625,17494.73828125
14206.7080078125,12456.8193359375,17800.1015625
14201.654296875,12586.125,18008.400390625
14181.3427734375,12655.0791015625,18151.8203125
14181.3427734375,12655.0791015625,18151.8203125
14183.8251953125,12596.6005859375,18018.73828125
14688.5205078125,12382.357421875,17630.283203125
14227.0205078125,12387.865234375,17656.68359375
#
14708.869140625,12317.2265625,17494.73828125
14206.7080078125,12456.8193359375,17800.1015625
14201.654296875,12586.125,18008.400390625
14201.654296875,12586.125,18008.400390625
13967.17578125,12597.5537109375,18018.783203125
14688.5205078125,12382.357421875,17630.283203125
14227.0205078125,12387.865234375,17656.68359375
14183.8251953125,12596.6005859375,18018.73828125
#
14708.869140625,12317.2265625,17494.73828125
14206.7080078125,12456.8193359375,17800.1015625
14201.654296875,12586.125,18008.400390625
14201.654296875,12586.125,18008.400390625
13946.8642578125,12666.5087890625,18162.203125
13967.17578125,12597.5537109375,18018.783203125
14688.5205078125,12382.357421875,17630.283203125
14227.0205078125,12387.865234375,17656.68359375
14183.8251953125,12596.6005859375,18018.73828125
#
14708.869140625,12317.2265625,17494.73828125
14206.7080078125,12456.8193359375,17800.1015625
14201.654296875,12586.125,18008.400390625
14201.654296875,12586.125,18008.400390625
13967.17578125,12597.5537109375,18018.783203125
13946.8642578125,12666.5087890625,18162.203125
14688.5205078125,12382.357421875,17630.283203125
14227.0205078125,12387.865234375,17656.68359375
14183.8251953125,12596.6005859375,18018.73828125
#
14708.869140625,12317.2265625,17494.73828125
14206.7080078125,12456.8193359375,17800.1015625
14201.654296875,12586.125,18008.400390625
14201.654296875,12586.125,18008.400390625
13967.17578125,12597.5537109375,18018.783203125
13946.8642578125,12666.5087890625,18162.203125
14688.5205078125,12382.357421875,17630.283203125
14227.0205078125,12387.865234375,17656.68359375
14183.8251953125,12596.6005859375,18018.73828125
#
14708.869140625,12317.2265625,17494.73828125
14206.7080078125,12456.8193359375,17800.1015625
14206.7080078125,12456.8193359375,17800.1015625
13967.17578125,12597.5537109375,18018.783203125
13946.8642578125,12666.5087890625,18162.203125
14688.5205078125,12382.357421875,17630.283203125
14227.0205078125,12387.865234375,17656.68359375
14227.0205078125,12387.865234375,17656.68359375
14200.20703125,12478.541015625,17849.783203125
#
14708.869140625,12317.2265625,17494.73828125
14206.7080078125,12456.8193359375,17800.1015625
14206.7080078125,12456.8193359375,17800.1015625
13967.17578125,12597.5537109375,18018.783203125
13946.8642578125,12666.5087890625,18162.203125
14688.5205078125,12382.357421875,17630.283203125
14227.0205078125,12387.865234375,17656.68359375
14227.0205078125,12387.865234375,17656.68359375
14200.20703125,12478.541015625,17849.783203125
#
14708.869140625,12317.2265625,17494.73828125
14206.7080078125,12456.8193359375,17800.1015625
14206.7080078125,12456.8193359375,17800.1015625
13967.17578125,12597.5537109375,18018.783203125
13946.8642578125,12666.5087890625,18162.203125
14688.5205078125,12382.357421875,17630.283203125
14227.0205078125,12387.865234375,17656.68359375
14227.0205078125,12387.865234375,17656.68359375
14200.20703125,12478.541015625,17849.783203125
#
14708.869140625,12317.2265625,17494.73828125
14206.7080078125,12456.8193359375,17800.1015625
14227.0205078125,12387.865234375,17656.68359375
13946.8642578125,12666.5087890625,18162.203125
14688.5205078125,12382.357421875,17630.283203125
13965.7275390625,12489.9697265625,17860.166015625
14200.20703125,12478.541015625,17849.783203125
#
16738.1015625,12046.974609375,17045.94140625
14206.7080078125,12456.8193359375,17800.1015625
14227.0205078125,12387.865234375,17656.68359375
13953.484375,12835.6904296875,18444.626953125
14688.5205078125,12382.357421875,17630.283203125
13965.7275390625,12489.9697265625,17860.166015625
14476.998046875,12382.3544921875,17652.376953125
14200.20703125,12478.541015625,17849.783203125
#
16738.1015625,12046.974609375,17045.94140625
14227.0205078125,12387.865234375,17656.68359375
13992.541015625,12399.2939453125,17667.06640625
13953.484375,12835.6904296875,18444.626953125
14193.69140625,12392.4228515625,17660.9453125
14688.5205078125,12382.357421875,17630.283203125
13965.7275390625,12489.9697265625,17860.166015625
14476.998046875,12382.3544921875,17652.376953125
#
16738.1015625,12046.974609375,17045.94140625
14227.0205078125,12387.865234375,17656.68359375
14227.0205078125,12387.865234375,17656.68359375
13992.541015625,12399.2939453125,17667.06640625
13967.17578125,12597.5537109375,18018.783203125
13953.484375,12835.6904296875,18444.626953125
14193.69140625,12392.4228515625,17660.9453125
14688.5205078125,12382.357421875,17630.283203125
14476.998046875,12382.3544921875,17652.376953125
#
16738.1015625,12046.974609375,17045.94140625
14227.0205078125,12387.865234375,17656.68359375
14227.0205078125,12387.865234375,17656.68359375
13992.541015625,12399.2939453125,17667.06640625
13967.17578125,12597.5537109375,18018.783203125
13953.484375,12835.6904296875,18444.626953125
14209.19140625,12398.33984375,17667.01953125
14688.5205078125,12382.357421875,17630.283203125
#
16738.1015625,12046.974609375,17045.94140625
14227.0205078125,12387.865234375,17656.68359375
14227.0205078125,12387.865234375,17656.68359375
13992.541015625,12399.2939453125,17667.06640625
13967.17578125,12597.5537109375,18018.783203125
13953.484375,12835.6904296875,18444.626953125
14209.19140625,12398.33984375,17667.01953125
14688.5205078125,12382.357421875,17630.283203125
#
16738.1015625,12046.974609375,17045.94140625
14227.0205078125,12387.865234375,17656.68359375
14227.0205078125,12387.865234375,17656.68359375
13967.17578125,12597.5537109375,18018.783203125
13967.17578125,12597.5537109375,18018.783203125
13953.484375,12835.6904296875,18444.626953125
13953.484375,12835.6904296875,18444.626953125
13992.541015625,12399.2939453125,17667.06640625
#
16738.1015625,12046.974609375,17045.94140625
14227.0205078125,12387.865234375,17656.68359375
14227.0205078125,12387.865234375,17656.68359375
13967.17578125,12597.5537109375,18018.783203125
13967.17578125,12597.5537109375,18018.783203125
13953.484375,12835.6904296875,18444.626953125
13992.541015625,12399.2939453125,17667.06640625
14257.6298828125,12192.2587890625,17307.669921875
15699.8330078125,12169.486328125,17322.06640625
#
16738.1015625,12046.974609375,17045.94140625
14227.0205078125,12387.865234375,17656.68359375
14227.0205078125,12387.865234375,17656.68359375
13967.17578125,12597.5537109375,18018.783203125
13967.17578125,12597.5537109375,18018.783203125
13992.541015625,12399.2939453125,17667.06640625
13976.130859375,12446.380859375,17748.162109375
15699.8330078125,12169.486328125,17322.06640625
#
16738.1015625,12046.974609375,17045.94140625
13972.228515625,12468.2490234375,17810.482421875
14227.0205078125,12387.865234375,17656.68359375
13992.541015625,12399.2939453125,17667.06640625
13967.17578125,12597.5537109375,18018.783203125
13967.17578125,12597.5537109375,18018.783203125
13976.130859375,12446.380859375,17748.162109375
14257.6298828125,12192.2587890625,17307.669921875
15699.8330078125,12169.486328125,17322.06640625
#
16738.1015625,12046.974609375,17045.94140625
13972.228515625,12468.2490234375,17810.482421875
14227.0205078125,12387.865234375,17656.68359375
13992.541015625,12399.2939453125,17667.06640625
13967.17578125,12597.5537109375,18018.783203125
13967.17578125,12597.5537109375,18018.783203125
13976.130859375,12446.380859375,17748.162109375
14257.6298828125,12192.2587890625,17307.669921875
15699.8330078125,12169.486328125,17322.06640625
#
16738.1015625,12046.974609375,17045.94140625
13972.228515625,12468.2490234375,17810.482421875
14227.0205078125,12387.865234375,17656.68359375
13992.541015625,12399.2939453125,17667.06640625
13967.17578125,12597.5537109375,18018.783203125
14257.6298828125,12192.2587890625,17307.669921875
13976.130859375,12446.380859375,17748.162109375
15699.8330078125,12169.486328125,17322.06640625
#
16738.1015625,12046.974609375,17045.94140625
13972.228515625,12468.2490234375,17810.482421875
14227.0205078125,12387.865234375,17656.68359375
13992.541015625,12399.2939453125,17667.06640625
13967.17578125,12597.5537109375,18018.783203125
14257.6298828125,12192.2587890625,17307.669921875
14209.19140625,12398.33984375,17667.01953125
13976.130859375,12446.380859375,17748.162109375
15699.8330078125,12169.486328125,17322.06640625
#
16738.1015625,12046.974609375,17045.94140625
13972.228515625,12468.2490234375,17810.482421875
13992.541015625,12399.2939453125,17667.06640625
13992.541015625,12399.2939453125,17667.06640625
14257.6298828125,12192.2587890625,17307.669921875
13967.17578125,12597.5537109375,18018.783203125
13967.17578125,12597.5537109375,18018.783203125
14002.8388671875,12272.640625,17461.47265625
13976.130859375,12446.380859375,17748.162109375
15699.8330078125,12169.486328125,17322.06640625
#
16738.1015625,12046.974609375,17045.94140625
13972.228515625,12468.2490234375,17810.482421875
13992.541015625,12399.2939453125,17667.06640625
13992.541015625,12399.2939453125,17667.06640625
14257.6298828125,12192.2587890625,17307.669921875
13967.17578125,12597.5537109375,18018.783203125
14023.1513671875,12203.6865234375,17318.052734375
14002.8388671875,12272.640625,17461.47265625
13976.130859375,12446.380859375,17748.162109375
15699.8330078125,12169.486328125,17322.06640625
#
13972.228515625,12468.2490234375,17810.482421875
13992.541015625,12399.2939453125,17667.06640625
13992.541015625,12399.2939453125,17667.06640625
14257.6298828125,12192.2587890625,17307.669921875
14002.8388671875,12272.640625,17461.47265625
14023.1513671875,12203.6865234375,17318.052734375
13967.17578125,12597.5537109375,18018.783203125
15507.8427734375,11888.3486328125,16818.412109375
13976.130859375,12446.380859375,17748.162109375
#
14257.6298828125,12192.2587890625,17307.669921875
13992.541015625,12399.2939453125,17667.06640625
14002.8388671875,12272.640625,17461.47265625
14023.1513671875,12203.6865234375,17318.052734375
13967.17578125,12597.5537109375,18018.783203125
13967.17578125,12597.5537109375,18018.783203125
15507.8427734375,11888.3486328125,16818.412109375
#
14257.6298828125,12192.2587890625,17307.669921875
13992.541015625,12399.2939453125,17667.06640625
13992.541015625,12399.2939453125,17667.06640625
14002.8388671875,12272.640625,17461.47265625
14023.1513671875,12203.6865234375,17318.052734375
13967.17578125,12597.5537109375,18018.783203125
15507.8427734375,11888.3486328125,16818.412109375
#
14257.6298828125,12192.2587890625,17307.669921875
14023.1513671875,12203.6865234375,17318.052734375
13992.541015625,12399.2939453125,17667.06640625
14002.8388671875,12272.640625,17461.47265625
13967.17578125,12597.5537109375,18018.783203125
15507.8427734375,11888.3486328125,16818.412109375
#
15507.8427734375,11888.3486328125,16818.412109375
14257.6298828125,12192.2587890625,17307.669921875
14023.1513671875,12203.6865234375,17318.052734375
13992.541015625,12399.2939453125,17667.06640625
14002.8388671875,12272.640625,17461.47265625
13967.17578125,12597.5537109375,18018.783203125
#
15507.8427734375,11888.3486328125,16818.412109375
14257.6298828125,12192.2587890625,17307.669921875
14023.1513671875,12203.6865234375,17318.052734375
13992.541015625,12399.2939453125,17667.06640625
14002.8388671875,12272.640625,17461.47265625
13967.17578125,12597.5537109375,18018.783203125
#
15507.8427734375,11888.3486328125,16818.412109375
14257.6298828125,12192.2587890625,17307.669921875
14023.1513671875,12203.6865234375,17318.052734375
13992.541015625,12399.2939453125,17667.06640625
14002.8388671875,12272.640625,17461.47265625
13967.17578125,12597.5537109375,18018.783203125
14440.7275390625,12188.3681640625,17304.37890625
#
15507.8427734375,11888.3486328125,16818.412109375
14257.6298828125,12192.2587890625,17307.669921875
14023.1513671875,12203.6865234375,17318.052734375
14002.8388671875,12272.640625,17461.47265625
13967.17578125,12597.5537109375,18018.783203125
14440.7275390625,12188.3681640625,17304.37890625
13991.09375,12291.708984375,17508.447265625
#
15507.8427734375,11888.3486328125,16818.412109375
14257.6298828125,12192.2587890625,17307.669921875
14023.1513671875,12203.6865234375,17318.052734375
14002.8388671875,12272.640625,17461.47265625
13967.17578125,12597.5537109375,18018.783203125
14440.7275390625,12188.3681640625,17304.37890625
13991.09375,12291.708984375,17508.447265625
#
15507.8427734375,11888.3486328125,16818.412109375
14257.6298828125,12192.2587890625,17307.669921875
14023.1513671875,12203.6865234375,17318.052734375
14002.8388671875,12272.640625,17461.47265625
13967.17578125,12597.5537109375,18018.783203125
14440.7275390625,12188.3681640625,17304.37890625
13991.09375,12291.708984375,17508.447265625
#
15507.8427734375,11888.3486328125,16818.412109375
14257.6298828125,12192.2587890625,17307.669921875
14023.1513671875,12203.6865234375,17318.052734375
13992.541015625,12399.2939453125,17667.06640625
14002.8388671875,12272.640625,17461.47265625
13967.17578125,12597.5537109375,18018.783203125
14440.7275390625,12188.3681640625,17304.37890625
14440.7275390625,12188.3681640625,17304.37890625
#
15507.8427734375,11888.3486328125,16818.412109375
14257.6298828125,12192.2587890625,17307.669921875
14023.1513671875,12203.6865234375,17318.052734375
14002.8388671875,12272.640625,17461.47265625
13967.17578125,12597.5537109375,18018.783203125
13991.09375,12291.708984375,17508.447265625
14284.02734375,12191.888671875,17307.541015625
14440.7275390625,12188.3681640625,17304.37890625
14440.7275390625,12188.3681640625,17304.37890625
#
15507.8427734375,11888.3486328125,16818.412109375
14257.6298828125,12192.2587890625,17307.669921875
14023.1513671875,12203.6865234375,17318.052734375
14002.8388671875,12272.640625,17461.47265625
14002.8388671875,12272.640625,17461.47265625
13967.17578125,12597.5537109375,18018.783203125
13991.09375,12291.708984375,17508.447265625
14284.02734375,12191.888671875,17307.541015625
14440.7275390625,12188.3681640625,17304.37890625
14440.7275390625,12188.3681640625,17304.37890625
#
15507.8427734375,11888.3486328125,16818.412109375
14257.6298828125,12192.2587890625,17307.669921875
14023.1513671875,12203.6865234375,17318.052734375
14440.7275390625,12188.3681640625,17304.37890625
14206.248046875,12199.7958984375,17314.7578125
14002.8388671875,12272.640625,17461.47265625
13967.17578125,12597.5537109375,18018.783203125
13991.09375,12291.708984375,17508.447265625
14284.02734375,12191.888671875,17307.541015625
#
15507.8427734375,11888.3486328125,16818.412109375
14023.1513671875,12203.6865234375,17318.052734375
14023.1513671875,12203.6865234375,17318.052734375
14257.6298828125,12192.2587890625,17307.669921875
14440.7275390625,12188.3681640625,17304.37890625
14206.248046875,12199.7958984375,17314.7578125
14002.8388671875,12272.640625,17461.47265625
14284.02734375,12191.888671875,17307.541015625
13972.228515625,12468.2490234375,17810.482421875
13991.09375,12291.708984375,17508.447265625
14534.0048828125,12186.3779296875,17303.236328125
13967.17578125,12597.5537109375,18018.783203125
#
15507.8427734375,11888.3486328125,16818.412109375
14023.1513671875,12203.6865234375,17318.052734375
14023.1513671875,12203.6865234375,17318.052734375
14257.6298828125,12192.2587890625,17307.669921875
14440.7275390625,12188.3681640625,17304.37890625
14284.02734375,12191.888671875,17307.541015625
14002.8388671875,12272.640625,17461.47265625
14206.248046875,12199.7958984375,17314.7578125
13972.228515625,12468.2490234375,17810.482421875
13991.09375,12291.708984375,17508.447265625
14534.0048828125,12186.3779296875,17303.236328125
13967.17578125,12597.5537109375,18018.783203125
14690.705078125,12182.8583984375,17300.07421875
#
15507.8427734375,11888.3486328125,16818.412109375
14023.1513671875,12203.6865234375,17318.052734375
14023.1513671875,12203.6865234375,17318.052734375
14257.6298828125,12192.2587890625,17307.669921875
14440.7275390625,12188.3681640625,17304.37890625
14284.02734375,12191.888671875,17307.541015625
14002.8388671875,12272.640625,17461.47265625
13991.09375,12291.708984375,17508.447265625
14206.248046875,12199.7958984375,17314.7578125
13972.228515625,12468.2490234375,17810.482421875
14534.0048828125,12186.3779296875,17303.236328125
13967.17578125,12597.5537109375,18018.783203125
14690.705078125,12182.8583984375,17300.07421875
#
15507.8427734375,11888.3486328125,16818.412109375
14023.1513671875,12203.6865234375,17318.052734375
14023.1513671875,12203.6865234375,17318.052734375
14257.6298828125,12192.2587890625,17307.669921875
14440.7275390625,12188.3681640625,17304.37890625
14284.02734375,12191.888671875,17307.541015625
14002.8388671875,12272.640625,17461.47265625
13991.09375,12291.708984375,17508.447265625
14206.248046875,12199.7958984375,17314.7578125
13972.228515625,12468.2490234375,17810.482421875
14534.0048828125,12186.3779296875,17303.236328125
13967.17578125,12597.5537109375,18018.783203125
14690.705078125,12182.8583984375,17300.07421875
14049.5478515625,12203.31640625,17317.921875
14467.1240234375,12187.998046875,17304.248046875
#
15507.8427734375,11888.3486328125,16818.412109375
14002.8388671875,12272.640625,17461.47265625
13991.09375,12291.708984375,17508.447265625
13972.228515625,12468.2490234375,17810.482421875
13967.17578125,12597.5537109375,18018.783203125
14021.7021484375,12096.1025390625,17159.4375
#
15507.8427734375,11888.3486328125,16818.412109375
14021.7021484375,12096.1025390625,17159.4375
14002.8388671875,12272.640625,17461.47265625
13991.09375,12291.708984375,17508.447265625
13972.228515625,12468.2490234375,17810.482421875
13967.17578125,12597.5537109375,18018.783203125
#
15507.8427734375,11888.3486328125,16818.412109375
14021.7021484375,12096.1025390625,17159.4375
14002.8388671875,12272.640625,17461.47265625
13991.09375,12291.708984375,17508.447265625
13972.228515625,12468.2490234375,17810.482421875
13967.17578125,12597.5537109375,18018.783203125
#
15195.978515625,11788.427734375,16610.076171875
14021.7021484375,12096.1025390625,17159.4375
14021.7021484375,12096.1025390625,17159.4375
13991.09375,12291.708984375,17508.447265625
13972.228515625,12468.2490234375,17810.482421875
#
15195.978515625,11788.427734375,16610.076171875
14021.7021484375,12096.1025390625,17159.4375
14021.7021484375,12096.1025390625,17159.4375
13991.09375,12291.708984375,17508.447265625
13972.228515625,12468.2490234375,17810.482421875
14256.181640625,12084.673828125,17149.052734375
#
15195.978515625,11788.427734375,16610.076171875
14021.7021484375,12096.1025390625,17159.4375
14021.7021484375,12096.1025390625,17159.4375
13991.09375,12291.708984375,17508.447265625
13972.228515625,12468.2490234375,17810.482421875
14256.181640625,12084.673828125,17149.052734375
#
15195.978515625,11788.427734375,16610.076171875
14021.7021484375,12096.1025390625,17159.4375
14021.7021484375,12096.1025390625,17159.4375
14256.181640625,12084.673828125,17149.052734375
13991.09375,12291.708984375,17508.447265625
13972.228515625,12468.2490234375,17810.482421875
14048.099609375,12095.7314453125,17159.306640625
#
15195.978515625,11788.427734375,16610.076171875
14021.7021484375,12096.1025390625,17159.4375
14021.7021484375,12096.1025390625,17159.4375
14256.181640625,12084.673828125,17149.052734375
13991.09375,12291.708984375,17508.447265625
13972.228515625,12468.2490234375,17810.482421875
14730.9658203125,12058.0439453125,17074.259765625
14048.099609375,12095.7314453125,17159.306640625
#
15195.978515625,11788.427734375,16610.076171875
14048.099609375,12095.7314453125,17159.306640625
14021.7021484375,12096.1025390625,17159.4375
14021.7021484375,12096.1025390625,17159.4375
14256.181640625,12084.673828125,17149.052734375
13991.09375,12291.708984375,17508.447265625
13972.228515625,12468.2490234375,17810.482421875
14730.9658203125,12058.0439453125,17074.259765625
#
15195.978515625,11788.427734375,16610.076171875
14021.7021484375,12096.1025390625,17159.4375
14021.7021484375,12096.1025390625,17159.4375
14256.181640625,12084.673828125,17149.052734375
13991.09375,12291.708984375,17508.447265625
13972.228515625,12468.2490234375,17810.482421875
14730.9658203125,12058.0439453125,17074.259765625
14048.099609375,12095.7314453125,17159.306640625
14048.099609375,12095.7314453125,17159.306640625
#
15195.978515625,11788.427734375,16610.076171875
14021.7021484375,12096.1025390625,17159.4375
14021.7021484375,12096.1025390625,17159.4375
14256.181640625,12084.673828125,17149.052734375
14506.1591796875,12079.1630859375,17144.748046875
13991.09375,12291.708984375,17508.447265625
13972.228515625,12468.2490234375,17810.482421875
14640.751953125,12009.302734375,17023.19140625
#
15195.978515625,11788.427734375,16610.076171875
14021.7021484375,12096.1025390625,17159.4375
14021.7021484375,12096.1025390625,17159.4375
14238.3515625,12095.1494140625,17159.392578125
14256.181640625,12084.673828125,17149.052734375
14506.1591796875,12079.1630859375,17144.748046875
13991.09375,12291.708984375,17508.447265625
13972.228515625,12468.2490234375,17810.482421875
14640.751953125,12009.302734375,17023.19140625
#
15195.978515625,11788.427734375,16610.076171875
14021.7021484375,12096.1025390625,17159.4375
14021.7021484375,12096.1025390625,17159.4375
14256.181640625,12084.673828125,17149.052734375
14506.1591796875,12079.1630859375,17144.748046875
13991.09375,12291.708984375,17508.447265625
13972.228515625,12468.2490234375,17810.482421875
14640.751953125,12009.302734375,17023.19140625
#
15195.978515625,11788.427734375,16610.076171875
14021.7021484375,12096.1025390625,17159.4375
14021.7021484375,12096.1025390625,17159.4375
14256.181640625,12084.673828125,17149.052734375
14506.1591796875,12079.1630859375,17144.748046875
13991.09375,12291.708984375,17508.447265625
13972.228515625,12468.2490234375,17810.482421875
14204.7998046875,12092.2109375,17156.142578125
14640.751953125,12009.302734375,17023.19140625
#
15195.978515625,11788.427734375,16610.076171875
14021.7021484375,12096.1025390625,17159.4375
14021.7021484375,12096.1025390625,17159.4375
14256.181640625,12084.673828125,17149.052734375
14204.7998046875,12092.2109375,17156.142578125
13991.09375,12291.708984375,17508.447265625
13972.228515625,12468.2490234375,17810.482421875
14506.1591796875,12079.1630859375,17144.748046875
14640.751953125,12009.302734375,17023.19140625
#
15195.978515625,11788.427734375,16610.076171875
14021.7021484375,12096.1025390625,17159.4375
14021.7021484375,12096.1025390625,17159.4375
14256.181640625,12084.673828125,17149.052734375
14204.7998046875,12092.2109375,17156.142578125
13991.09375,12291.708984375,17508.447265625
13972.228515625,12468.2490234375,17810.482421875
14506.1591796875,12079.1630859375,17144.748046875
14640.751953125,12009.302734375,17023.19140625
#
15195.978515625,11788.427734375,16610.076171875
14021.7021484375,12096.1025390625,17159.4375
14021.7021484375,12096.1025390625,17159.4375
14256.181640625,12084.673828125,17149.052734375
14204.7998046875,12092.2109375,17156.142578125
13991.09375,12291.708984375,17508.447265625
13972.228515625,12468.2490234375,17810.482421875
14506.1591796875,12079.1630859375,17144.748046875
14640.751953125,12009.302734375,17023.19140625
