#
61569.6484375,27284.77760625,16697.712809375
62794.6328125,31363.62916875,14104.2723796875
58697.9140625,23092.849871875,17398.517496875
63329.2734375,33140.5627625,13169.3016765625
59599.78515625,28152.666278125,15841.18741875
59615.50390625,29035.61354375,14106.994059375
#
62794.6328125,31363.62916875,14104.2723796875
59270.30859375,30072.920184375,14125.1434734375
58697.9140625,23092.849871875,17398.517496875
56228.33203125,23912.50416875,15455.1805828125
63329.2734375,33140.5627625,13169.3016765625
59615.50390625,29035.61354375,14106.994059375
#
65000.625,34552.03541875,12879.7928875
57380.14453125,28209.322528125,13648.8866375
58697.9140625,23092.849871875,17398.517496875
55325.3203125,23581.945575,14759.662028125
#
61009.09375,29992.29323125,13113.1678875
60759.42578125,32361.881121875,12248.75773125
57380.14453125,28209.322528125,13648.8866375
55325.3203125,23581.945575,14759.662028125
#
61009.09375,29992.29323125,13113.1678875
60759.42578125,32361.881121875,12248.75773125
57380.14453125,28209.322528125,13648.8866375
55325.3203125,23581.945575,14759.662028125
#
61009.09375,29992.29323125,13113.1678875
57380.14453125,28209.322528125,13648.8866375
55325.3203125,23581.945575,14759.662028125
#
61009.09375,29992.29323125,13113.1678875
55505.21484375,26969.927996875,14325.67960625
55325.3203125,23581.945575,14759.662028125
59270.30859375,30072.920184375,14125.1434734375
59615.50390625,29035.61354375,14106.994059375
#
61009.09375,29992.29323125,13113.1678875
54480.87890625,24208.638934375,15547.677653125
55505.21484375,26969.927996875,14325.67960625
55325.3203125,23581.945575,14759.662028125
60197.1171875,29677.877215625,14205.82804375
#
61009.09375,29992.29323125,13113.1678875
56651.3046875,27131.9846375,14064.75773125
54480.87890625,24208.638934375,15547.677653125
55505.21484375,26969.927996875,14325.67960625
64002.91015625,34094.39479375,12602.6356609375
54975.203125,23412.7971375,15941.751871875
56123.53515625,26880.994403125,14399.1991375
55325.3203125,23581.945575,14759.662028125
#
61009.09375,29992.29323125,13113.1678875
56651.3046875,27131.9846375,14064.75773125
54480.87890625,24208.638934375,15547.677653125
54975.203125,23412.7971375,15941.751871875
56123.53515625,26880.994403125,14399.1991375
55325.3203125,23581.945575,14759.662028125
59977.703125,29383.79323125,13856.599528125
#
61009.09375,29992.29323125,13113.1678875
56651.3046875,27131.9846375,14064.75773125
54480.87890625,24208.638934375,15547.677653125
59420.53125,30148.258075,13579.6044109375
56323.453125,27317.611590625,14121.8270671875
60773.3671875,31146.818621875,13564.4364421875
52654.4609375,20809.240496875,16498.54679375
54975.203125,23412.7971375,15941.751871875
56123.53515625,26880.994403125,14399.1991375
53949.7734375,25239.82448125,15099.2489421875
55325.3203125,23581.945575,14759.662028125
#
56651.3046875,27131.9846375,14064.75773125
54480.87890625,24208.638934375,15547.677653125
56123.53515625,26880.994403125,14399.1991375
57687.1640625,29546.73073125,12893.378825
56323.453125,27317.611590625,14121.8270671875
52654.4609375,20809.240496875,16498.54679375
54975.203125,23412.7971375,15941.751871875
53949.7734375,25239.82448125,15099.2489421875
55325.3203125,23581.945575,14759.662028125
61797.87109375,32876.73073125,11803.6991375
56349.84765625,27193.80885625,14177.927653125
#
54480.87890625,24208.638934375,15547.677653125
57687.1640625,29546.73073125,12893.378825
55858.5390625,26767.244403125,13925.5751140625
52654.4609375,20809.240496875,16498.54679375
54975.203125,23412.7971375,15941.751871875
53949.7734375,25239.82448125,15099.2489421875
55325.3203125,23581.945575,14759.662028125
61797.87109375,32876.73073125,11803.6991375
#
54045.20703125,24897.6877625,13867.4813640625
57687.1640625,29546.73073125,12893.378825
52654.4609375,20809.240496875,16498.54679375
54975.203125,23412.7971375,15941.751871875
52501.3828125,23874.70729375,14584.03898125
55325.3203125,23581.945575,14759.662028125
61797.87109375,32876.73073125,11803.6991375
#
54045.20703125,24897.6877625,13867.4813640625
57687.1640625,29546.73073125,12893.378825
62519.9375,33193.31666875,11777.177653125
52654.4609375,20809.240496875,16498.54679375
54975.203125,23412.7971375,15941.751871875
52501.3828125,23874.70729375,14584.03898125
55325.3203125,23581.945575,14759.662028125
61797.87109375,32876.73073125,11803.6991375
#
54045.20703125,24897.6877625,13867.4813640625
61009.09375,29992.29323125,13113.1678875
62519.9375,33193.31666875,11777.177653125
52654.4609375,20809.240496875,16498.54679375
54975.203125,23412.7971375,15941.751871875
53872.32421875,23776.388934375,15842.1610515625
60708.796875,29833.885028125,13559.7665203125
52501.3828125,23874.70729375,14584.03898125
55325.3203125,23581.945575,14759.662028125
61797.87109375,32876.73073125,11803.6991375
#
54045.20703125,24897.6877625,13867.4813640625
57018.91796875,28058.748309375,13589.42960625
52558.828125,24194.072528125,13924.0507
62519.9375,33193.31666875,11777.177653125
52654.4609375,20809.240496875,16498.54679375
54975.203125,23412.7971375,15941.751871875
54734.640625,24071.728778125,14394.0692546875
52501.3828125,23874.70729375,14584.03898125
55325.3203125,23581.945575,14759.662028125
58075.375,29267.0002625,12965.2928875
61797.87109375,32876.73073125,11803.6991375
#
54045.20703125,24897.6877625,13867.4813640625
57018.91796875,28058.748309375,13589.42960625
52558.828125,24194.072528125,13924.0507
61009.09375,29992.29323125,13113.1678875
62740.31640625,32717.377215625,12433.5887859375
52654.4609375,20809.240496875,16498.54679375
53960.234375,21999.088153125,16110.5145671875
54975.203125,23412.7971375,15941.751871875
54734.640625,24071.728778125,14394.0692546875
55325.3203125,23581.945575,14759.662028125
55646.98828125,28193.91823125,13190.14835625
#
54045.20703125,24897.6877625,13867.4813640625
52558.828125,24194.072528125,13924.0507
61009.09375,29992.29323125,13113.1678875
62740.31640625,32717.377215625,12433.5887859375
52654.4609375,20809.240496875,16498.54679375
53960.234375,21999.088153125,16110.5145671875
54975.203125,23412.7971375,15941.751871875
54734.640625,24071.728778125,14394.0692546875
55325.3203125,23581.945575,14759.662028125
55646.98828125,28193.91823125,13190.14835625
#
54045.20703125,24897.6877625,13867.4813640625
52558.828125,24194.072528125,13924.0507
60399.23828125,30502.400653125,12176.8231609375
59363.69140625,29355.04323125,12965.224528125
53362.1171875,22903.9533875,15113.4325359375
52654.4609375,20809.240496875,16498.54679375
53960.234375,21999.088153125,16110.5145671875
54734.640625,24071.728778125,14394.0692546875
55325.3203125,23581.945575,14759.662028125
55646.98828125,28193.91823125,13190.14835625
52950.4375,23861.935809375,15382.96866875
#
54045.20703125,24897.6877625,13867.4813640625
52558.828125,24194.072528125,13924.0507
60399.23828125,30502.400653125,12176.8231609375
59363.69140625,29355.04323125,12965.224528125
53362.1171875,22903.9533875,15113.4325359375
52654.4609375,20809.240496875,16498.54679375
51324.578125,21671.451434375,15499.7938640625
55256.71875,28331.55104375,13108.5360515625
55325.3203125,23581.945575,14759.662028125
55646.98828125,28193.91823125,13190.14835625
52950.4375,23861.935809375,15382.96866875
#
53840.87890625,22868.05885625,15193.5809734375
54045.20703125,24897.6877625,13867.4813640625
52558.828125,24194.072528125,13924.0507
60399.23828125,30502.400653125,12176.8231609375
58495.40234375,29527.5237,12432.060465625
53362.1171875,22903.9533875,15113.4325359375
52654.4609375,20809.240496875,16498.54679375
51324.578125,21671.451434375,15499.7938640625
52812.3671875,25471.55104375,13828.2430828125
55256.71875,28331.55104375,13108.5360515625
55325.3203125,23581.945575,14759.662028125
55646.98828125,28193.91823125,13190.14835625
52950.4375,23861.935809375,15382.96866875
59295.80078125,27967.039325,13196.466715625
#
53840.87890625,22868.05885625,15193.5809734375
54045.20703125,24897.6877625,13867.4813640625
52558.828125,24194.072528125,13924.0507
60399.23828125,30502.400653125,12176.8231609375
58495.40234375,29527.5237,12432.060465625
53362.1171875,22903.9533875,15113.4325359375
52654.4609375,20809.240496875,16498.54679375
51324.578125,21671.451434375,15499.7938640625
52812.3671875,25471.55104375,13828.2430828125
55256.71875,28331.55104375,13108.5360515625
55325.3203125,23581.945575,14759.662028125
55646.98828125,28193.91823125,13190.14835625
55961.7578125,27100.570575,13455.5848796875
52950.4375,23861.935809375,15382.96866875
59295.80078125,27967.039325,13196.466715625
#
53840.87890625,22868.05885625,15193.5809734375
54045.20703125,24897.6877625,13867.4813640625
52558.828125,24194.072528125,13924.0507
60399.23828125,30502.400653125,12176.8231609375
52604.1015625,22940.8987,14921.7821453125
53362.1171875,22903.9533875,15113.4325359375
51324.578125,21671.451434375,15499.7938640625
52812.3671875,25471.55104375,13828.2430828125
55256.71875,28331.55104375,13108.5360515625
55325.3203125,23581.945575,14759.662028125
55646.98828125,28193.91823125,13190.14835625
55961.7578125,27100.570575,13455.5848796875
59295.80078125,27967.039325,13196.466715625
#
53448.203125,24646.842059375,13782.923746875
53840.87890625,22868.05885625,15193.5809734375
60399.23828125,30502.400653125,12176.8231609375
52604.1015625,22940.8987,14921.7821453125
53362.1171875,22903.9533875,15113.4325359375
51324.578125,21671.451434375,15499.7938640625
52230.7578125,23770.443621875,13849.3212078125
52812.3671875,25471.55104375,13828.2430828125
55256.71875,28331.55104375,13108.5360515625
55646.98828125,28193.91823125,13190.14835625
55961.7578125,27100.570575,13455.5848796875
59295.80078125,27967.039325,13196.466715625
#
53126.37890625,23143.87135625,14380.45304375
53840.87890625,22868.05885625,15193.5809734375
56784.3515625,27276.099871875,13075.50773125
60399.23828125,30502.400653125,12176.8231609375
52604.1015625,22940.8987,14921.7821453125
53362.1171875,22903.9533875,15113.4325359375
51324.578125,21671.451434375,15499.7938640625
52230.7578125,23770.443621875,13849.3212078125
55256.71875,28331.55104375,13108.5360515625
55646.98828125,28193.91823125,13190.14835625
#
53126.37890625,23143.87135625,14380.45304375
56784.3515625,27276.099871875,13075.50773125
50675.875,22307.052996875,14651.0868328125
60399.23828125,30502.400653125,12176.8231609375
52393.78515625,23531.545184375,14482.1317546875
51324.578125,21671.451434375,15499.7938640625
52230.7578125,23770.443621875,13849.3212078125
54081.890625,27016.45729375,13171.181559375
55256.71875,28331.55104375,13108.5360515625
#
53126.37890625,23143.87135625,14380.45304375
50675.875,22307.052996875,14651.0868328125
60399.23828125,30502.400653125,12176.8231609375
52393.78515625,23531.545184375,14482.1317546875
51245.84375,24831.695575,12264.568278125
52230.7578125,23770.443621875,13849.3212078125
50706.62109375,21637.7815125,15056.482340625
51351.31640625,23533.44948125,14253.24991875
#
53126.37890625,23143.87135625,14380.45304375
50675.875,22307.052996875,14651.0868328125
60399.23828125,30502.400653125,12176.8231609375
52393.78515625,23531.545184375,14482.1317546875
51245.84375,24831.695575,12264.568278125
52230.7578125,23770.443621875,13849.3212078125
50706.62109375,21637.7815125,15056.482340625
51351.31640625,23533.44948125,14253.24991875
#
53126.37890625,23143.87135625,14380.45304375
50675.875,22307.052996875,14651.0868328125
51351.31640625,23533.44948125,14253.24991875
60399.23828125,30502.400653125,12176.8231609375
52393.78515625,23531.545184375,14482.1317546875
51245.84375,24831.695575,12264.568278125
52230.7578125,23770.443621875,13849.3212078125
50706.62109375,21637.7815125,15056.482340625
#
53126.37890625,23143.87135625,14380.45304375
53280.0234375,23457.338153125,13877.279215625
51351.31640625,23533.44948125,14253.24991875
60399.23828125,30502.400653125,12176.8231609375
52393.78515625,23531.545184375,14482.1317546875
51245.84375,24831.695575,12264.568278125
52604.1015625,22940.8987,14921.7821453125
50706.62109375,21637.7815125,15056.482340625
52230.7578125,23770.443621875,13849.3212078125
#
50567.01953125,23409.6877625,12701.21085625
48761.92578125,22141.3283875,13422.892496875
60399.23828125,30502.400653125,12176.8231609375
51245.84375,24831.695575,12264.568278125
50706.62109375,21637.7815125,15056.482340625
#
50567.01953125,23409.6877625,12701.21085625
48761.92578125,22141.3283875,13422.892496875
60399.23828125,30502.400653125,12176.8231609375
51245.84375,24831.695575,12264.568278125
50706.62109375,21637.7815125,15056.482340625
#
50094.7265625,24501.0158875,10932.3348796875
50567.01953125,23409.6877625,12701.21085625
48761.92578125,22141.3283875,13422.892496875
60586.69140625,31985.70729375,10769.33585625
50706.62109375,21637.7815125,15056.482340625
#
50094.7265625,24501.0158875,10932.3348796875
50567.01953125,23409.6877625,12701.21085625
48761.92578125,22141.3283875,13422.892496875
50706.62109375,21637.7815125,15056.482340625
#
50094.7265625,24501.0158875,10932.3348796875
49773.92578125,24227.55104375,11642.253825
50567.01953125,23409.6877625,12701.21085625
48761.92578125,22141.3283875,13422.892496875
50706.62109375,21637.7815125,15056.482340625
#
50094.7265625,24501.0158875,10932.3348796875
49773.92578125,24227.55104375,11642.253825
50567.01953125,23409.6877625,12701.21085625
51132.75390625,20809.646746875,16083.8632
50706.62109375,21637.7815125,15056.482340625
48714.22265625,22108.619403125,13416.6366375
#
50094.7265625,24501.0158875,10932.3348796875
47601.375,22655.92604375,11088.8602703125
51132.75390625,20809.646746875,16083.8632
50706.62109375,21637.7815125,15056.482340625
48714.22265625,22108.619403125,13416.6366375
#
47601.375,22655.92604375,11088.8602703125
51132.75390625,20809.646746875,16083.8632
50706.62109375,21637.7815125,15056.482340625
48714.22265625,22108.619403125,13416.6366375
#
47601.375,22655.92604375,11088.8602703125
51132.75390625,20809.646746875,16083.8632
50706.62109375,21637.7815125,15056.482340625
50094.7265625,24501.0158875,10932.3348796875
48714.22265625,22108.619403125,13416.6366375
#
47601.375,22655.92604375,11088.8602703125
51132.75390625,20809.646746875,16083.8632
50706.62109375,21637.7815125,15056.482340625
50094.7265625,24501.0158875,10932.3348796875
48714.22265625,22108.619403125,13416.6366375
#
47601.375,22655.92604375,11088.8602703125
51132.75390625,20809.646746875,16083.8632
50706.62109375,21637.7815125,15056.482340625
50094.7265625,24501.0158875,10932.3348796875
48714.22265625,22108.619403125,13416.6366375
#
47601.375,22655.92604375,11088.8602703125
51132.75390625,20809.646746875,16083.8632
50706.62109375,21637.7815125,15056.482340625
50094.7265625,24501.0158875,10932.3348796875
48714.22265625,22108.619403125,13416.6366375
#
50477.046875,21284.9690125,14612.4930828125
50094.7265625,24501.0158875,10932.3348796875
47601.375,22655.92604375,11088.8602703125
48505.71484375,21706.510028125,13395.0829265625
#
50477.046875,21284.9690125,14612.4930828125
50094.7265625,24501.0158875,10932.3348796875
47601.375,22655.92604375,11088.8602703125
48505.71484375,21706.510028125,13395.0829265625
#
50477.046875,21284.9690125,14612.4930828125
50094.7265625,24501.0158875,10932.3348796875
47601.375,22655.92604375,11088.8602703125
48505.71484375,21706.510028125,13395.0829265625
48749.09375,22632.904559375,12717.8192546875
#
50477.046875,21284.9690125,14612.4930828125
47601.375,22655.92604375,11088.8602703125
48749.09375,22632.904559375,12717.8192546875
48714.22265625,22108.619403125,13416.6366375
50094.7265625,24501.0158875,10932.3348796875
#
50477.046875,21284.9690125,14612.4930828125
47601.375,22655.92604375,11088.8602703125
48749.09375,22632.904559375,12717.8192546875
48714.22265625,22108.619403125,13416.6366375
51609.984375,21132.541278125,15544.003825
50094.7265625,24501.0158875,10932.3348796875
#
50005.78125,21898.431903125,14130.724528125
50477.046875,21284.9690125,14612.4930828125
47601.375,22655.92604375,11088.8602703125
48749.09375,22632.904559375,12717.8192546875
48714.22265625,22108.619403125,13416.6366375
51609.984375,21132.541278125,15544.003825
49825.375,22099.263934375,14097.33585625
50094.7265625,24501.0158875,10932.3348796875
#
48749.09375,22632.904559375,12717.8192546875
47601.375,22655.92604375,11088.8602703125
48714.22265625,22108.619403125,13416.6366375
48714.22265625,22108.619403125,13416.6366375
51609.984375,21132.541278125,15544.003825
51932.0390625,21532.85573125,14976.3465984375
49188.921875,21616.58229375,14018.0829265625
50094.7265625,24501.0158875,10932.3348796875
#
48714.22265625,22108.619403125,13416.6366375
48520.5703125,20499.0002625,14062.798746875
47553.67578125,22623.217059375,11082.6044109375
47282.98046875,23242.896746875,9726.535075
49188.921875,21616.58229375,14018.0829265625
#
50005.78125,21898.431903125,14130.724528125
48714.22265625,22108.619403125,13416.6366375
48714.22265625,22108.619403125,13416.6366375
51609.984375,21132.541278125,15544.003825
47282.98046875,23242.896746875,9726.535075
47553.67578125,22623.217059375,11082.6044109375
#
51609.984375,21132.541278125,15544.003825
47282.98046875,23242.896746875,9726.535075
47553.67578125,22623.217059375,11082.6044109375
50553.23046875,21473.029559375,15047.28116875
47454.80078125,21823.052996875,12573.8739421875
#
51609.984375,21132.541278125,15544.003825
47282.98046875,23242.896746875,9726.535075
47553.67578125,22623.217059375,11082.6044109375
50553.23046875,21473.029559375,15047.28116875
47454.80078125,21823.052996875,12573.8739421875
#
47553.67578125,22623.217059375,11082.6044109375
51609.984375,21132.541278125,15544.003825
50553.23046875,21473.029559375,15047.28116875
47013.74609375,22995.2737,9689.7352703125
47454.80078125,21823.052996875,12573.8739421875
#
49439.20703125,21946.08229375,14057.689371875
48714.22265625,22108.619403125,13416.6366375
49223.12109375,22196.728778125,12621.64054375
47553.67578125,22623.217059375,11082.6044109375
51609.984375,21132.541278125,15544.003825
50553.23046875,21473.029559375,15047.28116875
47013.74609375,22995.2737,9689.7352703125
#
49439.20703125,21946.08229375,14057.689371875
48714.22265625,22108.619403125,13416.6366375
49223.12109375,22196.728778125,12621.64054375
47553.67578125,22623.217059375,11082.6044109375
50560.62109375,21193.9221375,15064.3387859375
50553.23046875,21473.029559375,15047.28116875
47013.74609375,22995.2737,9689.7352703125
#
49439.20703125,21946.08229375,14057.689371875
51156.07421875,21687.513934375,14797.46866875
49797.015625,21530.490496875,14942.6825359375
47553.67578125,22623.217059375,11082.6044109375
50560.62109375,21193.9221375,15064.3387859375
50553.23046875,21473.029559375,15047.28116875
48068.2890625,22163.599871875,12112.568278125
48714.22265625,22108.619403125,13416.6366375
47013.74609375,22995.2737,9689.7352703125
#
48714.22265625,22108.619403125,13416.6366375
49183.0625,21600.24635625,14040.7840984375
47553.67578125,22623.217059375,11082.6044109375
50560.62109375,21193.9221375,15064.3387859375
50553.23046875,21473.029559375,15047.28116875
48068.2890625,22163.599871875,12112.568278125
47013.74609375,22995.2737,9689.7352703125
#
48714.22265625,22108.619403125,13416.6366375
49183.0625,21600.24635625,14040.7840984375
50560.62109375,21193.9221375,15064.3387859375
49411.875,22098.119403125,13233.1024578125
47013.74609375,22995.2737,9689.7352703125
46453.921875,22163.539325,9695.048746875
#
47479.34375,21162.45729375,12823.990153125
47013.74609375,22995.2737,9689.7352703125
46453.921875,22163.539325,9695.048746875
#
47479.34375,21162.45729375,12823.990153125
47013.74609375,22995.2737,9689.7352703125
46453.921875,22163.539325,9695.048746875
#
47479.34375,21162.45729375,12823.990153125
46033.96875,21832.404559375,9640.91398125
#
47479.34375,21162.45729375,12823.990153125
50419.81640625,20836.467059375,15070.3524578125
46033.96875,21832.404559375,9640.91398125
46603.14453125,21628.81666875,11055.6278484375
#
47479.34375,21162.45729375,12823.990153125
46603.14453125,21628.81666875,11055.6278484375
46033.96875,21832.404559375,9640.91398125
#
47479.34375,21162.45729375,12823.990153125
48148.5859375,20234.115496875,14384.0692546875
46603.14453125,21628.81666875,11055.6278484375
46033.96875,21832.404559375,9640.91398125
#
47479.34375,21162.45729375,12823.990153125
47130.1796875,21470.13698125,12088.919840625
48148.5859375,20234.115496875,14384.0692546875
49292.08984375,20202.748309375,15587.6219890625
46603.14453125,21628.81666875,11055.6278484375
46995.3984375,21459.373309375,12515.9676921875
46033.96875,21832.404559375,9640.91398125
#
47479.34375,21162.45729375,12823.990153125
47130.1796875,21470.13698125,12088.919840625
48148.5859375,20234.115496875,14384.0692546875
46995.3984375,21459.373309375,12515.9676921875
49292.08984375,20202.748309375,15587.6219890625
46603.14453125,21628.81666875,11055.6278484375
46033.96875,21832.404559375,9640.91398125
#
47479.34375,21162.45729375,12823.990153125
46603.14453125,21628.81666875,11055.6278484375
47130.1796875,21470.13698125,12088.919840625
48148.5859375,20234.115496875,14384.0692546875
46995.3984375,21459.373309375,12515.9676921875
49292.08984375,20202.748309375,15587.6219890625
46033.96875,21832.404559375,9640.91398125
#
47825.6171875,20562.08229375,14278.400309375
49292.08984375,20202.748309375,15587.6219890625
46033.96875,21832.404559375,9640.91398125
45937.625,21103.892840625,10971.837809375
#
48296.70703125,19783.580340625,15481.1083171875
47825.6171875,20562.08229375,14278.400309375
46033.96875,21832.404559375,9640.91398125
45937.625,21103.892840625,10971.837809375
#
48296.70703125,19783.580340625,15481.1083171875
47825.6171875,20562.08229375,14278.400309375
46033.96875,21832.404559375,9640.91398125
45937.625,21103.892840625,10971.837809375
#
48296.70703125,19783.580340625,15481.1083171875
47825.6171875,20562.08229375,14278.400309375
46033.96875,21832.404559375,9640.91398125
45937.625,21103.892840625,10971.837809375
#
48296.70703125,19783.580340625,15481.1083171875
46055.8046875,22223.664325,9565.259684375
47825.6171875,20562.08229375,14278.400309375
46033.96875,21832.404559375,9640.91398125
45937.625,21103.892840625,10971.837809375
#
48296.70703125,19783.580340625,15481.1083171875
46055.8046875,22223.664325,9565.259684375
47825.6171875,20562.08229375,14278.400309375
48894.0546875,20943.506121875,13988.3544109375
46033.96875,21832.404559375,9640.91398125
45937.625,21103.892840625,10971.837809375
#
45937.625,21103.892840625,10971.837809375
46055.8046875,22223.664325,9565.259684375
47825.6171875,20562.08229375,14278.400309375
48894.0546875,20943.506121875,13988.3544109375
46033.96875,21832.404559375,9640.91398125
#
45937.625,21103.892840625,10971.837809375
46055.8046875,22223.664325,9565.259684375
47825.6171875,20562.08229375,14278.400309375
46033.96875,21832.404559375,9640.91398125
46437.578125,20847.240496875,12541.5965984375
#
45937.625,21103.892840625,10971.837809375
46055.8046875,22223.664325,9565.259684375
47825.6171875,20562.08229375,14278.400309375
46033.96875,21832.404559375,9640.91398125
46437.578125,20847.240496875,12541.5965984375
#
45937.625,21103.892840625,10971.837809375
46055.8046875,22223.664325,9565.259684375
47825.6171875,20562.08229375,14278.400309375
46033.96875,21832.404559375,9640.91398125
46437.578125,20847.240496875,12541.5965984375
#
45937.625,21103.892840625,10971.837809375
46055.8046875,22223.664325,9565.259684375
47825.6171875,20562.08229375,14278.400309375
46033.96875,21832.404559375,9640.91398125
46437.578125,20847.240496875,12541.5965984375
#
47281.5703125,20754.37916875,13324.09366875
45937.625,21103.892840625,10971.837809375
46055.8046875,22223.664325,9565.259684375
47825.6171875,20562.08229375,14278.400309375
46033.96875,21832.404559375,9640.91398125
46437.578125,20847.240496875,12541.5965984375
#
47281.5703125,20754.37916875,13324.09366875
45937.625,21103.892840625,10971.837809375
47825.6171875,20562.08229375,14278.400309375
46055.8046875,22223.664325,9565.259684375
46033.96875,21832.404559375,9640.91398125
46437.578125,20847.240496875,12541.5965984375
#
46055.8046875,22223.664325,9565.259684375
47281.5703125,20754.37916875,13324.09366875
45937.625,21103.892840625,10971.837809375
47825.6171875,20562.08229375,14278.400309375
46033.96875,21832.404559375,9640.91398125
46437.578125,20847.240496875,12541.5965984375
#
46055.8046875,22223.664325,9565.259684375
47281.5703125,20754.37916875,13324.09366875
45937.625,21103.892840625,10971.837809375
47825.6171875,20562.08229375,14278.400309375
48845.41015625,20468.408465625,15203.505778125
46033.96875,21832.404559375,9640.91398125
46437.578125,20847.240496875,12541.5965984375
#
46055.8046875,22223.664325,9565.259684375
45502.53125,20636.3908875,12706.68741875
45937.625,21103.892840625,10971.837809375
47825.6171875,20562.08229375,14278.400309375
48845.41015625,20468.408465625,15203.505778125
46033.96875,21832.404559375,9640.91398125
46437.578125,20847.240496875,12541.5965984375
#
46055.8046875,22223.664325,9565.259684375
45502.53125,20636.3908875,12706.68741875
47825.6171875,20562.08229375,14278.400309375
45517.99609375,20870.631121875,10916.087809375
46033.96875,21832.404559375,9640.91398125
46437.578125,20847.240496875,12541.5965984375
#
46055.8046875,22223.664325,9565.259684375
45502.53125,20636.3908875,12706.68741875
45517.99609375,20870.631121875,10916.087809375
46033.96875,21832.404559375,9640.91398125
46437.578125,20847.240496875,12541.5965984375
46167.98046875,21604.666278125,10361.5585125
#
46055.8046875,22223.664325,9565.259684375
46437.578125,20847.240496875,12541.5965984375
45502.53125,20636.3908875,12706.68741875
47475.859375,20616.916278125,14670.8915203125
45517.99609375,20870.631121875,10916.087809375
46033.96875,21832.404559375,9640.91398125
46167.98046875,21604.666278125,10361.5585125
#
45502.53125,20636.3908875,12706.68741875
44943.546875,21120.2658875,9519.04679375
46437.578125,20847.240496875,12541.5965984375
45517.99609375,20870.631121875,10916.087809375
45517.99609375,20870.631121875,10916.087809375
#
45502.53125,20636.3908875,12706.68741875
44943.546875,21120.2658875,9519.04679375
46437.578125,20847.240496875,12541.5965984375
45517.99609375,20870.631121875,10916.087809375
45517.99609375,20870.631121875,10916.087809375
#
45502.53125,20636.3908875,12706.68741875
44479.2578125,20813.869403125,9462.5262859375
#
45502.53125,20636.3908875,12706.68741875
44479.2578125,20813.869403125,9462.5262859375
#
45502.53125,20636.3908875,12706.68741875
44479.2578125,20813.869403125,9462.5262859375
#
45502.53125,20636.3908875,12706.68741875
44479.2578125,20813.869403125,9462.5262859375
#
45502.53125,20636.3908875,12706.68741875
45298.09765625,20741.170184375,10886.628825
44479.2578125,20813.869403125,9462.5262859375
46307.53515625,20589.60573125,14050.642496875
#
46189.4453125,20149.072528125,13130.753825
44059.6328125,20580.607684375,9406.7762859375
#
44059.6328125,20580.607684375,9406.7762859375
46003.28515625,22054.631121875,8928.1747234375
#
44059.6328125,20580.607684375,9406.7762859375
46003.28515625,22054.631121875,8928.1747234375
#
44059.6328125,20580.607684375,9406.7762859375
44610.24609375,21492.2190125,8461.466715625
#
44059.6328125,20580.607684375,9406.7762859375
44610.24609375,21492.2190125,8461.466715625
#
44059.6328125,20580.607684375,9406.7762859375
44610.24609375,21492.2190125,8461.466715625
#
44059.6328125,20580.607684375,9406.7762859375
44610.24609375,21492.2190125,8461.466715625
#
44059.6328125,20580.607684375,9406.7762859375
44610.24609375,21492.2190125,8461.466715625
#
44059.6328125,20580.607684375,9406.7762859375
44610.24609375,21492.2190125,8461.466715625
#
44059.6328125,20580.607684375,9406.7762859375
44610.24609375,21492.2190125,8461.466715625
#
44059.6328125,20580.607684375,9406.7762859375
44610.24609375,21492.2190125,8461.466715625
#
44059.6328125,20580.607684375,9406.7762859375
44610.24609375,21492.2190125,8461.466715625
#
44059.6328125,20580.607684375,9406.7762859375
44610.24609375,21492.2190125,8461.466715625
#
44059.6328125,20580.607684375,9406.7762859375
45007.48828125,21868.900653125,8516.079996875
45120.8671875,21842.279559375,8539.65616875
45120.8671875,21842.279559375,8539.65616875
#
44059.6328125,20580.607684375,9406.7762859375
45007.48828125,21868.900653125,8516.079996875
45120.8671875,21842.279559375,8539.65616875
#
44059.6328125,20580.607684375,9406.7762859375
45007.48828125,21868.900653125,8516.079996875
45120.8671875,21842.279559375,8539.65616875
#
44059.6328125,20580.607684375,9406.7762859375
44059.6328125,20580.607684375,9406.7762859375
45007.48828125,21868.900653125,8516.079996875
45007.48828125,21868.900653125,8516.079996875
#
44059.6328125,20580.607684375,9406.7762859375
44059.6328125,20580.607684375,9406.7762859375
45007.48828125,21868.900653125,8516.079996875
45007.48828125,21868.900653125,8516.079996875
#
44059.6328125,20580.607684375,9406.7762859375
44059.6328125,20580.607684375,9406.7762859375
45007.48828125,21868.900653125,8516.079996875
45007.48828125,21868.900653125,8516.079996875
#
44059.6328125,20580.607684375,9406.7762859375
44059.6328125,20580.607684375,9406.7762859375
45007.48828125,21868.900653125,8516.079996875
45007.48828125,21868.900653125,8516.079996875
#
44059.6328125,20580.607684375,9406.7762859375
44059.6328125,20580.607684375,9406.7762859375
45007.48828125,21868.900653125,8516.079996875
45007.48828125,21868.900653125,8516.079996875
#
44059.6328125,20580.607684375,9406.7762859375
44059.6328125,20580.607684375,9406.7762859375
45007.48828125,21868.900653125,8516.079996875
45007.48828125,21868.900653125,8516.079996875
#
44059.6328125,20580.607684375,9406.7762859375
45198.2734375,21646.2502625,8827.1044109375
45007.48828125,21868.900653125,8516.079996875
45007.48828125,21868.900653125,8516.079996875
#
45198.2734375,21646.2502625,8827.1044109375
44000.86328125,20483.951434375,9396.6493328125
45007.48828125,21868.900653125,8516.079996875
45007.48828125,21868.900653125,8516.079996875
#
45198.2734375,21646.2502625,8827.1044109375
44000.86328125,20483.951434375,9396.6493328125
45007.48828125,21868.900653125,8516.079996875
#
45198.2734375,21646.2502625,8827.1044109375
44000.86328125,20483.951434375,9396.6493328125
45007.48828125,21868.900653125,8516.079996875
#
45198.2734375,21646.2502625,8827.1044109375
44000.86328125,20483.951434375,9396.6493328125
44000.86328125,20483.951434375,9396.6493328125
45007.48828125,21868.900653125,8516.079996875
#
45198.2734375,21646.2502625,8827.1044109375
44000.86328125,20483.951434375,9396.6493328125
44000.86328125,20483.951434375,9396.6493328125
45007.48828125,21868.900653125,8516.079996875
#
45198.2734375,21646.2502625,8827.1044109375
44000.86328125,20483.951434375,9396.6493328125
44000.86328125,20483.951434375,9396.6493328125
45007.48828125,21868.900653125,8516.079996875
#
45198.2734375,21646.2502625,8827.1044109375
44000.86328125,20483.951434375,9396.6493328125
44000.86328125,20483.951434375,9396.6493328125
45007.48828125,21868.900653125,8516.079996875
#
45198.2734375,21646.2502625,8827.1044109375
44000.86328125,20483.951434375,9396.6493328125
44000.86328125,20483.951434375,9396.6493328125
45007.48828125,21868.900653125,8516.079996875
#
45198.2734375,21646.2502625,8827.1044109375
43928.09375,20442.842059375,9387.0477703125
45007.48828125,21868.900653125,8516.079996875
#
45198.2734375,21646.2502625,8827.1044109375
43928.09375,20442.842059375,9387.0477703125
45007.48828125,21868.900653125,8516.079996875
#
44528.70703125,21389.615496875,8443.24991875
43928.09375,20442.842059375,9387.0477703125
#
44528.70703125,21389.615496875,8443.24991875
43835.95703125,20565.3752625,9383.8241375
43928.09375,20442.842059375,9387.0477703125
#
44528.70703125,21389.615496875,8443.24991875
43835.95703125,20565.3752625,9383.8241375
43928.09375,20442.842059375,9387.0477703125
#
44528.70703125,21389.615496875,8443.24991875
43928.09375,20442.842059375,9387.0477703125
43777.19140625,20468.7190125,9373.69523125
#
43777.19140625,20468.7190125,9373.69523125
45198.2734375,21646.2502625,8827.1044109375
43928.09375,20442.842059375,9387.0477703125
45007.48828125,21868.900653125,8516.079996875
#
43777.19140625,20468.7190125,9373.69523125
45198.2734375,21646.2502625,8827.1044109375
43928.09375,20442.842059375,9387.0477703125
45007.48828125,21868.900653125,8516.079996875
#
43777.19140625,20468.7190125,9373.69523125
45198.2734375,21646.2502625,8827.1044109375
43928.09375,20442.842059375,9387.0477703125
43928.09375,20442.842059375,9387.0477703125
45007.48828125,21868.900653125,8516.079996875
#
43777.19140625,20468.7190125,9373.69523125
45198.2734375,21646.2502625,8827.1044109375
43928.09375,20442.842059375,9387.0477703125
43928.09375,20442.842059375,9387.0477703125
45007.48828125,21868.900653125,8516.079996875
#
43777.19140625,20468.7190125,9373.69523125
45198.2734375,21646.2502625,8827.1044109375
43928.09375,20442.842059375,9387.0477703125
43928.09375,20442.842059375,9387.0477703125
45007.48828125,21868.900653125,8516.079996875
#
43777.19140625,20468.7190125,9373.69523125
45198.2734375,21646.2502625,8827.1044109375
43928.09375,20442.842059375,9387.0477703125
43928.09375,20442.842059375,9387.0477703125
45007.48828125,21868.900653125,8516.079996875
#
43777.19140625,20468.7190125,9373.69523125
45198.2734375,21646.2502625,8827.1044109375
43928.09375,20442.842059375,9387.0477703125
43928.09375,20442.842059375,9387.0477703125
45007.48828125,21868.900653125,8516.079996875
#
43777.19140625,20468.7190125,9373.69523125
45198.2734375,21646.2502625,8827.1044109375
43928.09375,20442.842059375,9387.0477703125
43928.09375,20442.842059375,9387.0477703125
45007.48828125,21868.900653125,8516.079996875
#
43777.19140625,20468.7190125,9373.69523125
43777.19140625,20468.7190125,9373.69523125
43928.09375,20442.842059375,9387.0477703125
43928.09375,20442.842059375,9387.0477703125
44385.18359375,21233.01979375,8421.410075
#
43777.19140625,20468.7190125,9373.69523125
43777.19140625,20468.7190125,9373.69523125
43928.09375,20442.842059375,9387.0477703125
43928.09375,20442.842059375,9387.0477703125
44385.18359375,21233.01979375,8421.410075
#
43777.19140625,20468.7190125,9373.69523125
43777.19140625,20468.7190125,9373.69523125
44385.18359375,21233.01979375,8421.410075
43928.09375,20442.842059375,9387.0477703125
43928.09375,20442.842059375,9387.0477703125
#
43777.19140625,20468.7190125,9373.69523125
43777.19140625,20468.7190125,9373.69523125
44385.18359375,21233.01979375,8421.410075
43928.09375,20442.842059375,9387.0477703125
43928.09375,20442.842059375,9387.0477703125
#
43777.19140625,20468.7190125,9373.69523125
43777.19140625,20468.7190125,9373.69523125
43928.09375,20442.842059375,9387.0477703125
44385.18359375,21233.01979375,8421.410075
44385.18359375,21233.01979375,8421.410075
#
43777.19140625,20468.7190125,9373.69523125
44385.18359375,21233.01979375,8421.410075
43928.09375,20442.842059375,9387.0477703125
43928.09375,20442.842059375,9387.0477703125
#
43777.19140625,20468.7190125,9373.69523125
44385.18359375,21233.01979375,8421.410075
43928.09375,20442.842059375,9387.0477703125
43928.09375,20442.842059375,9387.0477703125
#
43777.19140625,20468.7190125,9373.69523125
44385.18359375,21233.01979375,8421.410075
43928.09375,20442.842059375,9387.0477703125
43928.09375,20442.842059375,9387.0477703125
#
43777.19140625,20468.7190125,9373.69523125
44385.18359375,21233.01979375,8421.410075
43928.09375,20442.842059375,9387.0477703125
43928.09375,20442.842059375,9387.0477703125
#
43777.19140625,20468.7190125,9373.69523125
44385.18359375,21233.01979375,8421.410075
43928.09375,20442.842059375,9387.0477703125
43928.09375,20442.842059375,9387.0477703125
#
43777.19140625,20468.7190125,9373.69523125
44385.18359375,21233.01979375,8421.410075
43928.09375,20442.842059375,9387.0477703125
43928.09375,20442.842059375,9387.0477703125
#
43777.19140625,20468.7190125,9373.69523125
44385.18359375,21233.01979375,8421.410075
43928.09375,20442.842059375,9387.0477703125
43928.09375,20442.842059375,9387.0477703125
#
43777.19140625,20468.7190125,9373.69523125
44385.18359375,21233.01979375,8421.410075
43928.09375,20442.842059375,9387.0477703125
43928.09375,20442.842059375,9387.0477703125
#
43777.19140625,20468.7190125,9373.69523125
44385.18359375,21233.01979375,8421.410075
43928.09375,20442.842059375,9387.0477703125
43928.09375,20442.842059375,9387.0477703125
#
43777.19140625,20468.7190125,9373.69523125
44385.18359375,21233.01979375,8421.410075
43928.09375,20442.842059375,9387.0477703125
43928.09375,20442.842059375,9387.0477703125
#
43777.19140625,20468.7190125,9373.69523125
44385.18359375,21233.01979375,8421.410075
43928.09375,20442.842059375,9387.0477703125
43928.09375,20442.842059375,9387.0477703125
#
43777.19140625,20468.7190125,9373.69523125
44385.18359375,21233.01979375,8421.410075
43928.09375,20442.842059375,9387.0477703125
43928.09375,20442.842059375,9387.0477703125
#
43777.19140625,20468.7190125,9373.69523125
44385.18359375,21233.01979375,8421.410075
43928.09375,20442.842059375,9387.0477703125
43928.09375,20442.842059375,9387.0477703125
#
43777.19140625,20468.7190125,9373.69523125
44385.18359375,21233.01979375,8421.410075
43928.09375,20442.842059375,9387.0477703125
43928.09375,20442.842059375,9387.0477703125
#
43777.19140625,20468.7190125,9373.69523125
44385.18359375,21233.01979375,8421.410075
43928.09375,20442.842059375,9387.0477703125
43928.09375,20442.842059375,9387.0477703125
#
43777.19140625,20468.7190125,9373.69523125
44385.18359375,21233.01979375,8421.410075
43928.09375,20442.842059375,9387.0477703125
43928.09375,20442.842059375,9387.0477703125
#
43777.19140625,20468.7190125,9373.69523125
44385.18359375,21233.01979375,8421.410075
43928.09375,20442.842059375,9387.0477703125
43928.09375,20442.842059375,9387.0477703125
#
43777.19140625,20468.7190125,9373.69523125
44385.18359375,21233.01979375,8421.410075
43928.09375,20442.842059375,9387.0477703125
43928.09375,20442.842059375,9387.0477703125
#
44385.18359375,21233.01979375,8421.410075
44385.18359375,21233.01979375,8421.410075
43412.50390625,20061.060809375,9321.9579265625
#
44385.18359375,21233.01979375,8421.410075
43412.50390625,20061.060809375,9321.9579265625
#
44385.18359375,21233.01979375,8421.410075
43412.50390625,20061.060809375,9321.9579265625
#
44385.18359375,21233.01979375,8421.410075
43412.50390625,20061.060809375,9321.9579265625
#
44385.18359375,21233.01979375,8421.410075
43412.50390625,20061.060809375,9321.9579265625
43412.50390625,20061.060809375,9321.9579265625
#
44385.18359375,21233.01979375,8421.410075
43412.50390625,20061.060809375,9321.9579265625
43412.50390625,20061.060809375,9321.9579265625
#
44385.18359375,21233.01979375,8421.410075
43412.50390625,20061.060809375,9321.9579265625
43412.50390625,20061.060809375,9321.9579265625
#
43412.50390625,20061.060809375,9321.9579265625
44385.18359375,21233.01979375,8421.410075
#
43412.50390625,20061.060809375,9321.9579265625
44385.18359375,21233.01979375,8421.410075
#
44385.18359375,21233.01979375,8421.410075
43412.50390625,20061.060809375,9321.9579265625
43412.50390625,20061.060809375,9321.9579265625
#
44385.18359375,21233.01979375,8421.410075
43412.50390625,20061.060809375,9321.9579265625
43412.50390625,20061.060809375,9321.9579265625
#
44385.18359375,21233.01979375,8421.410075
43412.50390625,20061.060809375,9321.9579265625
43412.50390625,20061.060809375,9321.9579265625
#
44385.18359375,21233.01979375,8421.410075
43412.50390625,20061.060809375,9321.9579265625
43412.50390625,20061.060809375,9321.9579265625
#
43412.50390625,20061.060809375,9321.9579265625
43412.50390625,20061.060809375,9321.9579265625
44122.65234375,21068.521746875,8388.8505046875
#
43412.50390625,20061.060809375,9321.9579265625
44122.65234375,21068.521746875,8388.8505046875
#
43412.50390625,20061.060809375,9321.9579265625
44122.65234375,21068.521746875,8388.8505046875
44122.65234375,21068.521746875,8388.8505046875
#
43412.50390625,20061.060809375,9321.9579265625
43261.59765625,20086.935809375,9308.6053875
44122.65234375,21068.521746875,8388.8505046875
44122.65234375,21068.521746875,8388.8505046875
#
43412.50390625,20061.060809375,9321.9579265625
43412.50390625,20061.060809375,9321.9579265625
43261.59765625,20086.935809375,9308.6053875
44122.65234375,21068.521746875,8388.8505046875
44122.65234375,21068.521746875,8388.8505046875
#
43412.50390625,20061.060809375,9321.9579265625
43412.50390625,20061.060809375,9321.9579265625
44122.65234375,21068.521746875,8388.8505046875
43261.59765625,20086.935809375,9308.6053875
43261.59765625,20086.935809375,9308.6053875
#
43412.50390625,20061.060809375,9321.9579265625
43412.50390625,20061.060809375,9321.9579265625
44122.65234375,21068.521746875,8388.8505046875
43261.59765625,20086.935809375,9308.6053875
43261.59765625,20086.935809375,9308.6053875
#
43412.50390625,20061.060809375,9321.9579265625
43412.50390625,20061.060809375,9321.9579265625
44122.65234375,21068.521746875,8388.8505046875
43261.59765625,20086.935809375,9308.6053875
43261.59765625,20086.935809375,9308.6053875
#
43412.50390625,20061.060809375,9321.9579265625
43412.50390625,20061.060809375,9321.9579265625
44122.65234375,21068.521746875,8388.8505046875
43261.59765625,20086.935809375,9308.6053875
43261.59765625,20086.935809375,9308.6053875
#
43412.50390625,20061.060809375,9321.9579265625
43412.50390625,20061.060809375,9321.9579265625
44122.65234375,21068.521746875,8388.8505046875
43261.59765625,20086.935809375,9308.6053875
44351.375,20730.400653125,8692.7001140625
#
43261.59765625,20086.935809375,9308.6053875
43412.50390625,20061.060809375,9321.9579265625
43869.58984375,20851.23854375,8356.3192546875
44351.375,20730.400653125,8692.7001140625
44351.375,20730.400653125,8692.7001140625
#
43261.59765625,20086.935809375,9308.6053875
43261.59765625,20086.935809375,9308.6053875
43412.50390625,20061.060809375,9321.9579265625
43869.58984375,20851.23854375,8356.3192546875
44351.375,20730.400653125,8692.7001140625
44351.375,20730.400653125,8692.7001140625
#
43261.59765625,20086.935809375,9308.6053875
43261.59765625,20086.935809375,9308.6053875
43412.50390625,20061.060809375,9321.9579265625
43869.58984375,20851.23854375,8356.3192546875
44351.375,20730.400653125,8692.7001140625
44351.375,20730.400653125,8692.7001140625
#
43261.59765625,20086.935809375,9308.6053875
43261.59765625,20086.935809375,9308.6053875
43412.50390625,20061.060809375,9321.9579265625
43869.58984375,20851.23854375,8356.3192546875
44351.375,20730.400653125,8692.7001140625
44351.375,20730.400653125,8692.7001140625
#
43261.59765625,20086.935809375,9308.6053875
43261.59765625,20086.935809375,9308.6053875
43412.50390625,20061.060809375,9321.9579265625
43869.58984375,20851.23854375,8356.3192546875
44351.375,20730.400653125,8692.7001140625
44351.375,20730.400653125,8692.7001140625
#
43261.59765625,20086.935809375,9308.6053875
43261.59765625,20086.935809375,9308.6053875
43412.50390625,20061.060809375,9321.9579265625
43869.58984375,20851.23854375,8356.3192546875
44351.375,20730.400653125,8692.7001140625
44351.375,20730.400653125,8692.7001140625
#
43261.59765625,20086.935809375,9308.6053875
43261.59765625,20086.935809375,9308.6053875
43412.50390625,20061.060809375,9321.9579265625
43869.58984375,20851.23854375,8356.3192546875
44351.375,20730.400653125,8692.7001140625
44351.375,20730.400653125,8692.7001140625
44200.46875,20756.275653125,8679.347575
#
43261.59765625,20086.935809375,9308.6053875
43261.59765625,20086.935809375,9308.6053875
43412.50390625,20061.060809375,9321.9579265625
43869.58984375,20851.23854375,8356.3192546875
44351.375,20730.400653125,8692.7001140625
44351.375,20730.400653125,8692.7001140625
44200.46875,20756.275653125,8679.347575
#
43261.59765625,20086.935809375,9308.6053875
43261.59765625,20086.935809375,9308.6053875
43412.50390625,20061.060809375,9321.9579265625
43869.58984375,20851.23854375,8356.3192546875
44200.46875,20756.275653125,8679.347575
44351.375,20730.400653125,8692.7001140625
44351.375,20730.400653125,8692.7001140625
#
43261.59765625,20086.935809375,9308.6053875
43261.59765625,20086.935809375,9308.6053875
43412.50390625,20061.060809375,9321.9579265625
43869.58984375,20851.23854375,8356.3192546875
44200.46875,20756.275653125,8679.347575
44351.375,20730.400653125,8692.7001140625
44351.375,20730.400653125,8692.7001140625
#
43261.59765625,20086.935809375,9308.6053875
43261.59765625,20086.935809375,9308.6053875
44351.375,20730.400653125,8692.7001140625
43412.50390625,20061.060809375,9321.9579265625
43869.58984375,20851.23854375,8356.3192546875
44200.46875,20756.275653125,8679.347575
44200.46875,20756.275653125,8679.347575
#
43261.59765625,20086.935809375,9308.6053875
43261.59765625,20086.935809375,9308.6053875
43412.50390625,20061.060809375,9321.9579265625
43869.58984375,20851.23854375,8356.3192546875
44200.46875,20756.275653125,8679.347575
44351.375,20730.400653125,8692.7001140625
44351.375,20730.400653125,8692.7001140625
#
43261.59765625,20086.935809375,9308.6053875
43261.59765625,20086.935809375,9308.6053875
43412.50390625,20061.060809375,9321.9579265625
43869.58984375,20851.23854375,8356.3192546875
44200.46875,20756.275653125,8679.347575
44351.375,20730.400653125,8692.7001140625
44351.375,20730.400653125,8692.7001140625
#
43261.59765625,20086.935809375,9308.6053875
43261.59765625,20086.935809375,9308.6053875
43412.50390625,20061.060809375,9321.9579265625
43869.58984375,20851.23854375,8356.3192546875
44200.46875,20756.275653125,8679.347575
44351.375,20730.400653125,8692.7001140625
44351.375,20730.400653125,8692.7001140625
#
43261.59765625,20086.935809375,9308.6053875
43261.59765625,20086.935809375,9308.6053875
44200.46875,20756.275653125,8679.347575
43412.50390625,20061.060809375,9321.9579265625
43869.58984375,20851.23854375,8356.3192546875
44351.375,20730.400653125,8692.7001140625
44351.375,20730.400653125,8692.7001140625
#
43261.59765625,20086.935809375,9308.6053875
43261.59765625,20086.935809375,9308.6053875
44200.46875,20756.275653125,8679.347575
43412.50390625,20061.060809375,9321.9579265625
43869.58984375,20851.23854375,8356.3192546875
44351.375,20730.400653125,8692.7001140625
44351.375,20730.400653125,8692.7001140625
#
43261.59765625,20086.935809375,9308.6053875
43261.59765625,20086.935809375,9308.6053875
44200.46875,20756.275653125,8679.347575
43412.50390625,20061.060809375,9321.9579265625
43869.58984375,20851.23854375,8356.3192546875
44351.375,20730.400653125,8692.7001140625
44351.375,20730.400653125,8692.7001140625
#
43261.59765625,20086.935809375,9308.6053875
43261.59765625,20086.935809375,9308.6053875
44200.46875,20756.275653125,8679.347575
43412.50390625,20061.060809375,9321.9579265625
43869.58984375,20851.23854375,8356.3192546875
44351.375,20730.400653125,8692.7001140625
44351.375,20730.400653125,8692.7001140625
#
43261.59765625,20086.935809375,9308.6053875
43261.59765625,20086.935809375,9308.6053875
44200.46875,20756.275653125,8679.347575
43412.50390625,20061.060809375,9321.9579265625
43869.58984375,20851.23854375,8356.3192546875
44351.375,20730.400653125,8692.7001140625
44351.375,20730.400653125,8692.7001140625
#
43261.59765625,20086.935809375,9308.6053875
43261.59765625,20086.935809375,9308.6053875
44200.46875,20756.275653125,8679.347575
43412.50390625,20061.060809375,9321.9579265625
43869.58984375,20851.23854375,8356.3192546875
44351.375,20730.400653125,8692.7001140625
44351.375,20730.400653125,8692.7001140625
#
43261.59765625,20086.935809375,9308.6053875
43261.59765625,20086.935809375,9308.6053875
44200.46875,20756.275653125,8679.347575
43412.50390625,20061.060809375,9321.9579265625
43869.58984375,20851.23854375,8356.3192546875
44351.375,20730.400653125,8692.7001140625
44351.375,20730.400653125,8692.7001140625
#
43261.59765625,20086.935809375,9308.6053875
43261.59765625,20086.935809375,9308.6053875
44200.46875,20756.275653125,8679.347575
43412.50390625,20061.060809375,9321.9579265625
43869.58984375,20851.23854375,8356.3192546875
44351.375,20730.400653125,8692.7001140625
44351.375,20730.400653125,8692.7001140625
#
43261.59765625,20086.935809375,9308.6053875
43261.59765625,20086.935809375,9308.6053875
44200.46875,20756.275653125,8679.347575
43412.50390625,20061.060809375,9321.9579265625
43869.58984375,20851.23854375,8356.3192546875
44351.375,20730.400653125,8692.7001140625
44351.375,20730.400653125,8692.7001140625
#
43261.59765625,20086.935809375,9308.6053875
43261.59765625,20086.935809375,9308.6053875
44200.46875,20756.275653125,8679.347575
43412.50390625,20061.060809375,9321.9579265625
43869.58984375,20851.23854375,8356.3192546875
44351.375,20730.400653125,8692.7001140625
44351.375,20730.400653125,8692.7001140625
#
43261.59765625,20086.935809375,9308.6053875
43261.59765625,20086.935809375,9308.6053875
44200.46875,20756.275653125,8679.347575
43412.50390625,20061.060809375,9321.9579265625
43869.58984375,20851.23854375,8356.3192546875
44351.375,20730.400653125,8692.7001140625
44351.375,20730.400653125,8692.7001140625
#
43261.59765625,20086.935809375,9308.6053875
43869.58984375,20851.23854375,8356.3192546875
44200.46875,20756.275653125,8679.347575
43412.50390625,20061.060809375,9321.9579265625
44351.375,20730.400653125,8692.7001140625
44351.375,20730.400653125,8692.7001140625
#
43261.59765625,20086.935809375,9308.6053875
43869.58984375,20851.23854375,8356.3192546875
44200.46875,20756.275653125,8679.347575
43412.50390625,20061.060809375,9321.9579265625
44351.375,20730.400653125,8692.7001140625
44351.375,20730.400653125,8692.7001140625
#
43261.59765625,20086.935809375,9308.6053875
43869.58984375,20851.23854375,8356.3192546875
44200.46875,20756.275653125,8679.347575
43412.50390625,20061.060809375,9321.9579265625
44351.375,20730.400653125,8692.7001140625
44351.375,20730.400653125,8692.7001140625
#
43261.59765625,20086.935809375,9308.6053875
43869.58984375,20851.23854375,8356.3192546875
44200.46875,20756.275653125,8679.347575
43412.50390625,20061.060809375,9321.9579265625
44351.375,20730.400653125,8692.7001140625
44351.375,20730.400653125,8692.7001140625
#
43261.59765625,20086.935809375,9308.6053875
43869.58984375,20851.23854375,8356.3192546875
44200.46875,20756.275653125,8679.347575
43412.50390625,20061.060809375,9321.9579265625
44351.375,20730.400653125,8692.7001140625
44351.375,20730.400653125,8692.7001140625
#
43261.59765625,20086.935809375,9308.6053875
43869.58984375,20851.23854375,8356.3192546875
44200.46875,20756.275653125,8679.347575
43412.50390625,20061.060809375,9321.9579265625
44351.375,20730.400653125,8692.7001140625
44934.34375,21662.838153125,7559.4520671875
#
43261.59765625,20086.935809375,9308.6053875
43869.58984375,20851.23854375,8356.3192546875
43412.50390625,20061.060809375,9321.9579265625
44200.46875,20756.275653125,8679.347575
44351.375,20730.400653125,8692.7001140625
44934.34375,21662.838153125,7559.4520671875
#
43261.59765625,20086.935809375,9308.6053875
43869.58984375,20851.23854375,8356.3192546875
43412.50390625,20061.060809375,9321.9579265625
44200.46875,20756.275653125,8679.347575
44351.375,20730.400653125,8692.7001140625
44934.34375,21662.838153125,7559.4520671875
#
43261.59765625,20086.935809375,9308.6053875
43869.58984375,20851.23854375,8356.3192546875
43412.50390625,20061.060809375,9321.9579265625
44200.46875,20756.275653125,8679.347575
44351.375,20730.400653125,8692.7001140625
44351.375,20730.400653125,8692.7001140625
44934.34375,21662.838153125,7559.4520671875
#
43869.58984375,20851.23854375,8356.3192546875
43261.59765625,20086.935809375,9308.6053875
43412.50390625,20061.060809375,9321.9579265625
44200.46875,20756.275653125,8679.347575
44351.375,20730.400653125,8692.7001140625
44934.34375,21662.838153125,7559.4520671875
#
43869.58984375,20851.23854375,8356.3192546875
43261.59765625,20086.935809375,9308.6053875
43412.50390625,20061.060809375,9321.9579265625
44200.46875,20756.275653125,8679.347575
44351.375,20730.400653125,8692.7001140625
44790.81640625,21506.24245,7537.611246875
#
43869.58984375,20851.23854375,8356.3192546875
43261.59765625,20086.935809375,9308.6053875
44200.46875,20756.275653125,8679.347575
44351.375,20730.400653125,8692.7001140625
43412.50390625,20061.060809375,9321.9579265625
44790.81640625,21506.24245,7537.611246875
#
43869.58984375,20851.23854375,8356.3192546875
43261.59765625,20086.935809375,9308.6053875
44351.375,20730.400653125,8692.7001140625
44790.81640625,21506.24245,7537.611246875
44200.46875,20756.275653125,8679.347575
43412.50390625,20061.060809375,9321.9579265625
#
43869.58984375,20851.23854375,8356.3192546875
43261.59765625,20086.935809375,9308.6053875
44351.375,20730.400653125,8692.7001140625
44790.81640625,21506.24245,7537.611246875
43412.50390625,20061.060809375,9321.9579265625
44200.46875,20756.275653125,8679.347575
44200.46875,20756.275653125,8679.347575
#
43869.58984375,20851.23854375,8356.3192546875
43261.59765625,20086.935809375,9308.6053875
44351.375,20730.400653125,8692.7001140625
44790.81640625,21506.24245,7537.611246875
43412.50390625,20061.060809375,9321.9579265625
44200.46875,20756.275653125,8679.347575
44200.46875,20756.275653125,8679.347575
#
43869.58984375,20851.23854375,8356.3192546875
43261.59765625,20086.935809375,9308.6053875
44351.375,20730.400653125,8692.7001140625
44790.81640625,21506.24245,7537.611246875
43412.50390625,20061.060809375,9321.9579265625
44200.46875,20756.275653125,8679.347575
44200.46875,20756.275653125,8679.347575
#
43869.58984375,20851.23854375,8356.3192546875
43261.59765625,20086.935809375,9308.6053875
44351.375,20730.400653125,8692.7001140625
44790.81640625,21506.24245,7537.611246875
43412.50390625,20061.060809375,9321.9579265625
44200.46875,20756.275653125,8679.347575
#
43869.58984375,20851.23854375,8356.3192546875
43261.59765625,20086.935809375,9308.6053875
44351.375,20730.400653125,8692.7001140625
44790.81640625,21506.24245,7537.611246875
43412.50390625,20061.060809375,9321.9579265625
44200.46875,20756.275653125,8679.347575
#
43869.58984375,20851.23854375,8356.3192546875
43261.59765625,20086.935809375,9308.6053875
44351.375,20730.400653125,8692.7001140625
44790.81640625,21506.24245,7537.611246875
43412.50390625,20061.060809375,9321.9579265625
44200.46875,20756.275653125,8679.347575
#
43869.58984375,20851.23854375,8356.3192546875
43261.59765625,20086.935809375,9308.6053875
44351.375,20730.400653125,8692.7001140625
44790.81640625,21506.24245,7537.611246875
43412.50390625,20061.060809375,9321.9579265625
44200.46875,20756.275653125,8679.347575
#
43869.58984375,20851.23854375,8356.3192546875
43261.59765625,20086.935809375,9308.6053875
44351.375,20730.400653125,8692.7001140625
44790.81640625,21506.24245,7537.611246875
43412.50390625,20061.060809375,9321.9579265625
43412.50390625,20061.060809375,9321.9579265625
#
43869.58984375,20851.23854375,8356.3192546875
43261.59765625,20086.935809375,9308.6053875
44351.375,20730.400653125,8692.7001140625
44790.81640625,21506.24245,7537.611246875
43412.50390625,20061.060809375,9321.9579265625
44200.46875,20756.275653125,8679.347575
#
43869.58984375,20851.23854375,8356.3192546875
43261.59765625,20086.935809375,9308.6053875
44351.375,20730.400653125,8692.7001140625
44790.81640625,21506.24245,7537.611246875
43412.50390625,20061.060809375,9321.9579265625
44200.46875,20756.275653125,8679.347575
#
43869.58984375,20851.23854375,8356.3192546875
43261.59765625,20086.935809375,9308.6053875
44351.375,20730.400653125,8692.7001140625
44790.81640625,21506.24245,7537.611246875
44200.46875,20756.275653125,8679.347575
44200.46875,20756.275653125,8679.347575
43412.50390625,20061.060809375,9321.9579265625
#
43869.58984375,20851.23854375,8356.3192546875
43261.59765625,20086.935809375,9308.6053875
44351.375,20730.400653125,8692.7001140625
44790.81640625,21506.24245,7537.611246875
44200.46875,20756.275653125,8679.347575
44200.46875,20756.275653125,8679.347575
43412.50390625,20061.060809375,9321.9579265625
#
43869.58984375,20851.23854375,8356.3192546875
43261.59765625,20086.935809375,9308.6053875
44351.375,20730.400653125,8692.7001140625
44790.81640625,21506.24245,7537.611246875
44200.46875,20756.275653125,8679.347575
44200.46875,20756.275653125,8679.347575
43412.50390625,20061.060809375,9321.9579265625
#
43869.58984375,20851.23854375,8356.3192546875
43261.59765625,20086.935809375,9308.6053875
44351.375,20730.400653125,8692.7001140625
44790.81640625,21506.24245,7537.611246875
44200.46875,20756.275653125,8679.347575
44200.46875,20756.275653125,8679.347575
43412.50390625,20061.060809375,9321.9579265625
#
43869.58984375,20851.23854375,8356.3192546875
43261.59765625,20086.935809375,9308.6053875
44351.375,20730.400653125,8692.7001140625
44790.81640625,21506.24245,7537.611246875
44200.46875,20756.275653125,8679.347575
44200.46875,20756.275653125,8679.347575
43412.50390625,20061.060809375,9321.9579265625
#
43869.58984375,20851.23854375,8356.3192546875
43261.59765625,20086.935809375,9308.6053875
44351.375,20730.400653125,8692.7001140625
44790.81640625,21506.24245,7537.611246875
44200.46875,20756.275653125,8679.347575
44200.46875,20756.275653125,8679.347575
43412.50390625,20061.060809375,9321.9579265625
#
43869.58984375,20851.23854375,8356.3192546875
43261.59765625,20086.935809375,9308.6053875
44351.375,20730.400653125,8692.7001140625
44790.81640625,21506.24245,7537.611246875
44200.46875,20756.275653125,8679.347575
44200.46875,20756.275653125,8679.347575
43412.50390625,20061.060809375,9321.9579265625
#
43869.58984375,20851.23854375,8356.3192546875
43261.59765625,20086.935809375,9308.6053875
44351.375,20730.400653125,8692.7001140625
44790.81640625,21506.24245,7537.611246875
44200.46875,20756.275653125,8679.347575
44200.46875,20756.275653125,8679.347575
43412.50390625,20061.060809375,9321.9579265625
#
43261.59765625,20086.935809375,9308.6053875
44351.375,20730.400653125,8692.7001140625
44790.81640625,21506.24245,7537.611246875
44200.46875,20756.275653125,8679.347575
44200.46875,20756.275653125,8679.347575
43662.70703125,20813.695575,8337.3241375
43412.50390625,20061.060809375,9321.9579265625
#
43261.59765625,20086.935809375,9308.6053875
44351.375,20730.400653125,8692.7001140625
44790.81640625,21506.24245,7537.611246875
44200.46875,20756.275653125,8679.347575
44200.46875,20756.275653125,8679.347575
43662.70703125,20813.695575,8337.3241375
43412.50390625,20061.060809375,9321.9579265625
#
43261.59765625,20086.935809375,9308.6053875
44351.375,20730.400653125,8692.7001140625
44790.81640625,21506.24245,7537.611246875
44200.46875,20756.275653125,8679.347575
44200.46875,20756.275653125,8679.347575
43662.70703125,20813.695575,8337.3241375
43412.50390625,20061.060809375,9321.9579265625
#
43261.59765625,20086.935809375,9308.6053875
44351.375,20730.400653125,8692.7001140625
44790.81640625,21506.24245,7537.611246875
44200.46875,20756.275653125,8679.347575
44200.46875,20756.275653125,8679.347575
43662.70703125,20813.695575,8337.3241375
43412.50390625,20061.060809375,9321.9579265625
#
43261.59765625,20086.935809375,9308.6053875
44351.375,20730.400653125,8692.7001140625
44790.81640625,21506.24245,7537.611246875
44200.46875,20756.275653125,8679.347575
44200.46875,20756.275653125,8679.347575
43662.70703125,20813.695575,8337.3241375
43412.50390625,20061.060809375,9321.9579265625
#
43261.59765625,20086.935809375,9308.6053875
44351.375,20730.400653125,8692.7001140625
44790.81640625,21506.24245,7537.611246875
44200.46875,20756.275653125,8679.347575
44200.46875,20756.275653125,8679.347575
43662.70703125,20813.695575,8337.3241375
43412.50390625,20061.060809375,9321.9579265625
#
43261.59765625,20086.935809375,9308.6053875
44351.375,20730.400653125,8692.7001140625
44790.81640625,21506.24245,7537.611246875
44200.46875,20756.275653125,8679.347575
44200.46875,20756.275653125,8679.347575
43662.70703125,20813.695575,8337.3241375
43412.50390625,20061.060809375,9321.9579265625
#
43261.59765625,20086.935809375,9308.6053875
44351.375,20730.400653125,8692.7001140625
44790.81640625,21506.24245,7537.611246875
44200.46875,20756.275653125,8679.347575
44200.46875,20756.275653125,8679.347575
43662.70703125,20813.695575,8337.3241375
43412.50390625,20061.060809375,9321.9579265625
#
43261.59765625,20086.935809375,9308.6053875
44351.375,20730.400653125,8692.7001140625
44790.81640625,21506.24245,7537.611246875
44200.46875,20756.275653125,8679.347575
44200.46875,20756.275653125,8679.347575
43662.70703125,20813.695575,8337.3241375
43412.50390625,20061.060809375,9321.9579265625
#
43261.59765625,20086.935809375,9308.6053875
44351.375,20730.400653125,8692.7001140625
44200.46875,20756.275653125,8679.347575
43662.70703125,20813.695575,8337.3241375
44704.73046875,21476.927996875,7525.16251640625
43412.50390625,20061.060809375,9321.9579265625
#
43261.59765625,20086.935809375,9308.6053875
44351.375,20730.400653125,8692.7001140625
44704.73046875,21476.927996875,7525.16251640625
44200.46875,20756.275653125,8679.347575
43662.70703125,20813.695575,8337.3241375
43412.50390625,20061.060809375,9321.9579265625
#
43261.59765625,20086.935809375,9308.6053875
44351.375,20730.400653125,8692.7001140625
44704.73046875,21476.927996875,7525.16251640625
44200.46875,20756.275653125,8679.347575
43662.70703125,20813.695575,8337.3241375
43412.50390625,20061.060809375,9321.9579265625
#
43261.59765625,20086.935809375,9308.6053875
44351.375,20730.400653125,8692.7001140625
44704.73046875,21476.927996875,7525.16251640625
44200.46875,20756.275653125,8679.347575
43662.70703125,20813.695575,8337.3241375
43412.50390625,20061.060809375,9321.9579265625
#
43261.59765625,20086.935809375,9308.6053875
44351.375,20730.400653125,8692.7001140625
44704.73046875,21476.927996875,7525.16251640625
44200.46875,20756.275653125,8679.347575
43662.70703125,20813.695575,8337.3241375
43412.50390625,20061.060809375,9321.9579265625
#
43261.59765625,20086.935809375,9308.6053875
44351.375,20730.400653125,8692.7001140625
44704.73046875,21476.927996875,7525.16251640625
44200.46875,20756.275653125,8679.347575
43662.70703125,20813.695575,8337.3241375
43412.50390625,20061.060809375,9321.9579265625
#
43261.59765625,20086.935809375,9308.6053875
44351.375,20730.400653125,8692.7001140625
44704.73046875,21476.927996875,7525.16251640625
44200.46875,20756.275653125,8679.347575
43662.70703125,20813.695575,8337.3241375
43412.50390625,20061.060809375,9321.9579265625
#
43261.59765625,20086.935809375,9308.6053875
44351.375,20730.400653125,8692.7001140625
44704.73046875,21476.927996875,7525.16251640625
44200.46875,20756.275653125,8679.347575
43662.70703125,20813.695575,8337.3241375
43412.50390625,20061.060809375,9321.9579265625
#
43261.59765625,20086.935809375,9308.6053875
44351.375,20730.400653125,8692.7001140625
44704.73046875,21476.927996875,7525.16251640625
44200.46875,20756.275653125,8679.347575
43662.70703125,20813.695575,8337.3241375
43412.50390625,20061.060809375,9321.9579265625
#
43261.59765625,20086.935809375,9308.6053875
44351.375,20730.400653125,8692.7001140625
44704.73046875,21476.927996875,7525.16251640625
44200.46875,20756.275653125,8679.347575
43662.70703125,20813.695575,8337.3241375
43412.50390625,20061.060809375,9321.9579265625
#
43261.59765625,20086.935809375,9308.6053875
44351.375,20730.400653125,8692.7001140625
44704.73046875,21476.927996875,7525.16251640625
44200.46875,20756.275653125,8679.347575
43662.70703125,20813.695575,8337.3241375
43412.50390625,20061.060809375,9321.9579265625
#
43261.59765625,20086.935809375,9308.6053875
44351.375,20730.400653125,8692.7001140625
44704.73046875,21476.927996875,7525.16251640625
44200.46875,20756.275653125,8679.347575
43662.70703125,20813.695575,8337.3241375
43412.50390625,20061.060809375,9321.9579265625
#
43261.59765625,20086.935809375,9308.6053875
44351.375,20730.400653125,8692.7001140625
44704.73046875,21476.927996875,7525.16251640625
44200.46875,20756.275653125,8679.347575
43662.70703125,20813.695575,8337.3241375
43412.50390625,20061.060809375,9321.9579265625
#
43261.59765625,20086.935809375,9308.6053875
44351.375,20730.400653125,8692.7001140625
44704.73046875,21476.927996875,7525.16251640625
44200.46875,20756.275653125,8679.347575
43662.70703125,20813.695575,8337.3241375
43412.50390625,20061.060809375,9321.9579265625
#
43261.59765625,20086.935809375,9308.6053875
44351.375,20730.400653125,8692.7001140625
44704.73046875,21476.927996875,7525.16251640625
44200.46875,20756.275653125,8679.347575
43662.70703125,20813.695575,8337.3241375
43412.50390625,20061.060809375,9321.9579265625
#
43261.59765625,20086.935809375,9308.6053875
44351.375,20730.400653125,8692.7001140625
44704.73046875,21476.927996875,7525.16251640625
44200.46875,20756.275653125,8679.347575
43662.70703125,20813.695575,8337.3241375
43412.50390625,20061.060809375,9321.9579265625
#
43261.59765625,20086.935809375,9308.6053875
44351.375,20730.400653125,8692.7001140625
44704.73046875,21476.927996875,7525.16251640625
44200.46875,20756.275653125,8679.347575
43662.70703125,20813.695575,8337.3241375
43412.50390625,20061.060809375,9321.9579265625
#
43261.59765625,20086.935809375,9308.6053875
44351.375,20730.400653125,8692.7001140625
44704.73046875,21476.927996875,7525.16251640625
44200.46875,20756.275653125,8679.347575
43662.70703125,20813.695575,8337.3241375
43412.50390625,20061.060809375,9321.9579265625
#
43261.59765625,20086.935809375,9308.6053875
44351.375,20730.400653125,8692.7001140625
44704.73046875,21476.927996875,7525.16251640625
44200.46875,20756.275653125,8679.347575
43662.70703125,20813.695575,8337.3241375
43412.50390625,20061.060809375,9321.9579265625
#
43261.59765625,20086.935809375,9308.6053875
44351.375,20730.400653125,8692.7001140625
44704.73046875,21476.927996875,7525.16251640625
44200.46875,20756.275653125,8679.347575
43662.70703125,20813.695575,8337.3241375
43412.50390625,20061.060809375,9321.9579265625
#
43261.59765625,20086.935809375,9308.6053875
44351.375,20730.400653125,8692.7001140625
44704.73046875,21476.927996875,7525.16251640625
44200.46875,20756.275653125,8679.347575
43662.70703125,20813.695575,8337.3241375
43412.50390625,20061.060809375,9321.9579265625
#
43261.59765625,20086.935809375,9308.6053875
44351.375,20730.400653125,8692.7001140625
44704.73046875,21476.927996875,7525.16251640625
44200.46875,20756.275653125,8679.347575
44200.46875,20756.275653125,8679.347575
43412.50390625,20061.060809375,9321.9579265625
43576.62890625,20784.381121875,8324.87491875
#
43261.59765625,20086.935809375,9308.6053875
44351.375,20730.400653125,8692.7001140625
44704.73046875,21476.927996875,7525.16251640625
44200.46875,20756.275653125,8679.347575
44200.46875,20756.275653125,8679.347575
43412.50390625,20061.060809375,9321.9579265625
43576.62890625,20784.381121875,8324.87491875
#
43261.59765625,20086.935809375,9308.6053875
44351.375,20730.400653125,8692.7001140625
44704.73046875,21476.927996875,7525.16251640625
44200.46875,20756.275653125,8679.347575
44200.46875,20756.275653125,8679.347575
43412.50390625,20061.060809375,9321.9579265625
43576.62890625,20784.381121875,8324.87491875
#
43261.59765625,20086.935809375,9308.6053875
44704.73046875,21476.927996875,7525.16251640625
43412.50390625,20061.060809375,9321.9579265625
43576.62890625,20784.381121875,8324.87491875
44061.61328125,20418.845965625,8651.6298015625
#
43261.59765625,20086.935809375,9308.6053875
44704.73046875,21476.927996875,7525.16251640625
43576.62890625,20784.381121875,8324.87491875
43412.50390625,20061.060809375,9321.9579265625
44061.61328125,20418.845965625,8651.6298015625
#
43261.59765625,20086.935809375,9308.6053875
44704.73046875,21476.927996875,7525.16251640625
43576.62890625,20784.381121875,8324.87491875
43412.50390625,20061.060809375,9321.9579265625
44061.61328125,20418.845965625,8651.6298015625
#
43261.59765625,20086.935809375,9308.6053875
44704.73046875,21476.927996875,7525.16251640625
43576.62890625,20784.381121875,8324.87491875
43412.50390625,20061.060809375,9321.9579265625
44061.61328125,20418.845965625,8651.6298015625
#
43261.59765625,20086.935809375,9308.6053875
44704.73046875,21476.927996875,7525.16251640625
43576.62890625,20784.381121875,8324.87491875
43412.50390625,20061.060809375,9321.9579265625
44061.61328125,20418.845965625,8651.6298015625
#
43261.59765625,20086.935809375,9308.6053875
44704.73046875,21476.927996875,7525.16251640625
43576.62890625,20784.381121875,8324.87491875
43412.50390625,20061.060809375,9321.9579265625
44061.61328125,20418.845965625,8651.6298015625
#
43261.59765625,20086.935809375,9308.6053875
44704.73046875,21476.927996875,7525.16251640625
43576.62890625,20784.381121875,8324.87491875
43412.50390625,20061.060809375,9321.9579265625
44061.61328125,20418.845965625,8651.6298015625
#
43261.59765625,20086.935809375,9308.6053875
44704.73046875,21476.927996875,7525.16251640625
43576.62890625,20784.381121875,8324.87491875
43412.50390625,20061.060809375,9321.9579265625
44061.61328125,20418.845965625,8651.6298015625
#
43261.59765625,20086.935809375,9308.6053875
44704.73046875,21476.927996875,7525.16251640625
43576.62890625,20784.381121875,8324.87491875
43412.50390625,20061.060809375,9321.9579265625
44061.61328125,20418.845965625,8651.6298015625
#
43261.59765625,20086.935809375,9308.6053875
44704.73046875,21476.927996875,7525.16251640625
43576.62890625,20784.381121875,8324.87491875
43412.50390625,20061.060809375,9321.9579265625
44061.61328125,20418.845965625,8651.6298015625
#
43261.59765625,20086.935809375,9308.6053875
44704.73046875,21476.927996875,7525.16251640625
43576.62890625,20784.381121875,8324.87491875
43412.50390625,20061.060809375,9321.9579265625
44061.61328125,20418.845965625,8651.6298015625
#
43261.59765625,20086.935809375,9308.6053875
44704.73046875,21476.927996875,7525.16251640625
43576.62890625,20784.381121875,8324.87491875
43412.50390625,20061.060809375,9321.9579265625
44061.61328125,20418.845965625,8651.6298015625
#
43261.59765625,20086.935809375,9308.6053875
44704.73046875,21476.927996875,7525.16251640625
43576.62890625,20784.381121875,8324.87491875
43412.50390625,20061.060809375,9321.9579265625
44061.61328125,20418.845965625,8651.6298015625
#
43261.59765625,20086.935809375,9308.6053875
44704.73046875,21476.927996875,7525.16251640625
43576.62890625,20784.381121875,8324.87491875
43412.50390625,20061.060809375,9321.9579265625
44061.61328125,20418.845965625,8651.6298015625
#
43261.59765625,20086.935809375,9308.6053875
44704.73046875,21476.927996875,7525.16251640625
43576.62890625,20784.381121875,8324.87491875
44061.61328125,20418.845965625,8651.6298015625
43412.50390625,20061.060809375,9321.9579265625
#
43261.59765625,20086.935809375,9308.6053875
44704.73046875,21476.927996875,7525.16251640625
43576.62890625,20784.381121875,8324.87491875
44061.61328125,20418.845965625,8651.6298015625
43412.50390625,20061.060809375,9321.9579265625
#
43261.59765625,20086.935809375,9308.6053875
44704.73046875,21476.927996875,7525.16251640625
43576.62890625,20784.381121875,8324.87491875
44061.61328125,20418.845965625,8651.6298015625
43412.50390625,20061.060809375,9321.9579265625
#
43261.59765625,20086.935809375,9308.6053875
44704.73046875,21476.927996875,7525.16251640625
43576.62890625,20784.381121875,8324.87491875
44061.61328125,20418.845965625,8651.6298015625
44061.61328125,20418.845965625,8651.6298015625
43412.50390625,20061.060809375,9321.9579265625
#
43261.59765625,20086.935809375,9308.6053875
44704.73046875,21476.927996875,7525.16251640625
43576.62890625,20784.381121875,8324.87491875
44061.61328125,20418.845965625,8651.6298015625
44061.61328125,20418.845965625,8651.6298015625
43412.50390625,20061.060809375,9321.9579265625
#
43261.59765625,20086.935809375,9308.6053875
44704.73046875,21476.927996875,7525.16251640625
43576.62890625,20784.381121875,8324.87491875
44061.61328125,20418.845965625,8651.6298015625
44061.61328125,20418.845965625,8651.6298015625
43412.50390625,20061.060809375,9321.9579265625
#
43261.59765625,20086.935809375,9308.6053875
44704.73046875,21476.927996875,7525.16251640625
43576.62890625,20784.381121875,8324.87491875
44061.61328125,20418.845965625,8651.6298015625
44061.61328125,20418.845965625,8651.6298015625
43412.50390625,20061.060809375,9321.9579265625
#
43261.59765625,20086.935809375,9308.6053875
44704.73046875,21476.927996875,7525.16251640625
43576.62890625,20784.381121875,8324.87491875
44061.61328125,20418.845965625,8651.6298015625
44061.61328125,20418.845965625,8651.6298015625
43412.50390625,20061.060809375,9321.9579265625
#
43261.59765625,20086.935809375,9308.6053875
44704.73046875,21476.927996875,7525.16251640625
43576.62890625,20784.381121875,8324.87491875
44061.61328125,20418.845965625,8651.6298015625
44061.61328125,20418.845965625,8651.6298015625
43412.50390625,20061.060809375,9321.9579265625
#
43261.59765625,20086.935809375,9308.6053875
44704.73046875,21476.927996875,7525.16251640625
43576.62890625,20784.381121875,8324.87491875
44061.61328125,20418.845965625,8651.6298015625
44061.61328125,20418.845965625,8651.6298015625
43412.50390625,20061.060809375,9321.9579265625
#
43261.59765625,20086.935809375,9308.6053875
44704.73046875,21476.927996875,7525.16251640625
43576.62890625,20784.381121875,8324.87491875
44061.61328125,20418.845965625,8651.6298015625
44061.61328125,20418.845965625,8651.6298015625
43412.50390625,20061.060809375,9321.9579265625
