#
2.961252450942993,0.5677965879440308
2.5188791751861572,0.6779661178588867
2.983816623687744,0.41525423526763916
2.983816623687744,0.41525423526763916
#
2.961252450942993,0.5677965879440308
2.9526474475860596,0.5932203531265259
2.5188791751861572,0.6779661178588867
2.983816623687744,0.41525423526763916
2.983816623687744,0.41525423526763916
#
2.7259504795074463,0.5508474707603455
2.983816623687744,0.41525423526763916
2.0575523376464844,0.7627118825912476
2.5188791751861572,0.6779661178588867
#
2.413205623626709,0.2542372941970825
2.0575523376464844,0.7627118825912476
#
2.413205623626709,0.2542372941970825
2.0575523376464844,0.7627118825912476
#
2.413205623626709,0.2542372941970825
2.338228225708008,0.27966102957725525
2.0575523376464844,0.7627118825912476
#
2.413205623626709,0.2542372941970825
2.338228225708008,0.27966102957725525
2.0575523376464844,0.7627118825912476
#
2.413205623626709,0.2542372941970825
2.338228225708008,0.27966102957725525
2.2117998600006104,0.6610169410705566
2.0575523376464844,0.7627118825912476
#
2.413205623626709,0.2542372941970825
2.338228225708008,0.27966102957725525
2.083641529083252,0.6016949415206909
#
2.413205623626709,0.2542372941970825
2.338228225708008,0.27966102957725525
2.083641529083252,0.6016949415206909
#
2.413205623626709,0.2542372941970825
2.338228225708008,0.27966102957725525
2.083641529083252,0.6016949415206909
#
2.413205623626709,0.2542372941970825
2.338228225708008,0.27966102957725525
2.083641529083252,0.6016949415206909
2.083641529083252,0.6016949415206909
#
2.413205623626709,0.2542372941970825
2.338228225708008,0.27966102957725525
2.083641529083252,0.6016949415206909
2.083641529083252,0.6016949415206909
#
2.413205623626709,0.2542372941970825
2.338228225708008,0.27966102957725525
2.083641529083252,0.6016949415206909
2.083641529083252,0.6016949415206909
#
2.413205623626709,0.2542372941970825
2.338228225708008,0.27966102957725525
2.083641529083252,0.6016949415206909
2.3132874965667725,0.5423728823661804
2.3132874965667725,0.5423728823661804
#
2.413205623626709,0.2542372941970825
2.338228225708008,0.27966102957725525
2.083641529083252,0.6016949415206909
2.3132874965667725,0.5423728823661804
2.3132874965667725,0.5423728823661804
#
2.338228225708008,0.27966102957725525
2.083641529083252,0.6016949415206909
2.3132874965667725,0.5423728823661804
2.2252490520477295,0.5508474707603455
#
2.338228225708008,0.27966102957725525
2.083641529083252,0.6016949415206909
2.3132874965667725,0.5423728823661804
2.2252490520477295,0.5508474707603455
#
2.338228225708008,0.27966102957725525
2.083641529083252,0.6016949415206909
2.231241226196289,0.5423728823661804
2.222609519958496,0.5508474707603455
2.222609519958496,0.5508474707603455
#
2.338228225708008,0.27966102957725525
2.083641529083252,0.6016949415206909
2.231241226196289,0.5423728823661804
2.231241226196289,0.5423728823661804
2.222609519958496,0.5508474707603455
#
2.338228225708008,0.27966102957725525
2.083641529083252,0.6016949415206909
2.231241226196289,0.5423728823661804
2.231241226196289,0.5423728823661804
2.222609519958496,0.5508474707603455
#
2.133131504058838,0.5508474707603455
2.338228225708008,0.27966102957725525
2.083641529083252,0.6016949415206909
2.231241226196289,0.5423728823661804
2.231241226196289,0.5423728823661804
#
2.133131504058838,0.5508474707603455
2.338228225708008,0.27966102957725525
2.083641529083252,0.6016949415206909
2.231241226196289,0.5423728823661804
2.231241226196289,0.5423728823661804
#
2.133131504058838,0.5508474707603455
2.338228225708008,0.27966102957725525
2.083641529083252,0.6016949415206909
2.1464643478393555,0.5
2.1464643478393555,0.5
#
2.8838818073272705,0.23728813230991364
2.338228225708008,0.27966102957725525
2.083641529083252,0.6016949415206909
2.1464643478393555,0.5
2.109771490097046,0.5508474707603455
2.109771490097046,0.5508474707603455
#
2.8838818073272705,0.23728813230991364
2.338228225708008,0.27966102957725525
2.083641529083252,0.6016949415206909
2.1464643478393555,0.5
2.109771490097046,0.5508474707603455
2.109771490097046,0.5508474707603455
#
2.338228225708008,0.27966102957725525
2.083641529083252,0.6016949415206909
2.717660903930664,0.09322033822536469
2.1890594959259033,0.4576271176338196
2.109771490097046,0.5508474707603455
2.1464643478393555,0.5
#
2.338228225708008,0.27966102957725525
2.083641529083252,0.6016949415206909
2.717660903930664,0.09322033822536469
2.1890594959259033,0.4576271176338196
2.109771490097046,0.5508474707603455
2.1464643478393555,0.5
#
2.109771490097046,0.5508474707603455
2.338228225708008,0.27966102957725525
2.083641529083252,0.6016949415206909
2.4273903369903564,0.16101695597171783
2.717660903930664,0.09322033822536469
2.1890594959259033,0.4576271176338196
2.1890594959259033,0.4576271176338196
2.1464643478393555,0.5
#
2.4273903369903564,0.16101695597171783
2.109771490097046,0.5508474707603455
2.083641529083252,0.6016949415206909
2.1890594959259033,0.4576271176338196
2.717660903930664,0.09322033822536469
2.1464643478393555,0.5
#
2.4273903369903564,0.16101695597171783
2.083641529083252,0.6016949415206909
2.1890594959259033,0.4576271176338196
2.109771490097046,0.5508474707603455
2.717660903930664,0.09322033822536469
2.1464643478393555,0.5
#
2.4273903369903564,0.16101695597171783
2.083641529083252,0.6016949415206909
2.1890594959259033,0.4576271176338196
2.109771490097046,0.5508474707603455
2.717660903930664,0.09322033822536469
2.1464643478393555,0.5
#
2.4273903369903564,0.16101695597171783
2.083641529083252,0.6016949415206909
2.1890594959259033,0.4576271176338196
2.4158759117126465,0.22033898532390594
2.109771490097046,0.5508474707603455
2.717660903930664,0.09322033822536469
2.1464643478393555,0.5
#
2.4273903369903564,0.16101695597171783
2.083641529083252,0.6016949415206909
2.1890594959259033,0.4576271176338196
2.4158759117126465,0.22033898532390594
2.109771490097046,0.5508474707603455
2.717660903930664,0.09322033822536469
2.1464643478393555,0.5
#
2.4273903369903564,0.16101695597171783
2.083641529083252,0.6016949415206909
2.1890594959259033,0.4576271176338196
2.4158759117126465,0.22033898532390594
2.109771490097046,0.5508474707603455
2.1464643478393555,0.5
#
2.4273903369903564,0.16101695597171783
2.083641529083252,0.6016949415206909
2.1890594959259033,0.4576271176338196
2.4158759117126465,0.22033898532390594
2.109771490097046,0.5508474707603455
2.1464643478393555,0.5
#
2.4273903369903564,0.16101695597171783
2.083641529083252,0.6016949415206909
2.1890594959259033,0.4576271176338196
2.4158759117126465,0.22033898532390594
2.109771490097046,0.5508474707603455
2.1464643478393555,0.5
#
2.4273903369903564,0.16101695597171783
2.083641529083252,0.6016949415206909
2.1890594959259033,0.4576271176338196
2.4158759117126465,0.22033898532390594
2.109771490097046,0.5508474707603455
2.1464643478393555,0.5
#
2.4273903369903564,0.16101695597171783
2.083641529083252,0.6016949415206909
2.4158759117126465,0.22033898532390594
2.4158759117126465,0.22033898532390594
2.1890594959259033,0.4576271176338196
2.1890594959259033,0.4576271176338196
2.1106059551239014,0.5338982939720154
2.1464643478393555,0.5
#
2.4273903369903564,0.16101695597171783
2.083641529083252,0.6016949415206909
2.4158759117126465,0.22033898532390594
2.1890594959259033,0.4576271176338196
2.1890594959259033,0.4576271176338196
2.1106059551239014,0.5338982939720154
2.1464643478393555,0.5
#
2.4273903369903564,0.16101695597171783
2.083641529083252,0.6016949415206909
2.2365529537200928,0.19491524994373322
2.1890594959259033,0.4576271176338196
2.1106059551239014,0.5338982939720154
2.1464643478393555,0.5
#
2.4273903369903564,0.16101695597171783
2.083641529083252,0.6016949415206909
2.2365529537200928,0.19491524994373322
2.1464643478393555,0.5
2.1890594959259033,0.4576271176338196
2.1106059551239014,0.5338982939720154
#
2.2365529537200928,0.19491524994373322
2.083641529083252,0.6016949415206909
2.4273903369903564,0.16101695597171783
2.4273903369903564,0.16101695597171783
2.1653475761413574,0.4576271176338196
2.1106059551239014,0.5338982939720154
2.1464643478393555,0.5
#
2.083641529083252,0.6016949415206909
2.4273903369903564,0.16101695597171783
2.1915085315704346,0.19491524994373322
2.1653475761413574,0.4576271176338196
2.1106059551239014,0.5338982939720154
2.1464643478393555,0.5
#
2.083641529083252,0.6016949415206909
2.1915085315704346,0.19491524994373322
2.3470985889434814,0.16101695597171783
2.1653475761413574,0.4576271176338196
2.1106059551239014,0.5338982939720154
2.1464643478393555,0.5
#
2.083641529083252,0.6016949415206909
2.1915085315704346,0.19491524994373322
2.3470985889434814,0.16101695597171783
2.1653475761413574,0.4576271176338196
2.1653475761413574,0.4576271176338196
2.1106059551239014,0.5338982939720154
2.1464643478393555,0.5
#
2.083641529083252,0.6016949415206909
2.1915085315704346,0.19491524994373322
2.1915085315704346,0.19491524994373322
2.205573558807373,0.16101695597171783
2.1653475761413574,0.4576271176338196
2.1653475761413574,0.4576271176338196
2.1106059551239014,0.5338982939720154
#
2.083641529083252,0.6016949415206909
2.205573558807373,0.16101695597171783
2.1915085315704346,0.19491524994373322
2.1915085315704346,0.19491524994373322
2.1653475761413574,0.4576271176338196
2.1653475761413574,0.4576271176338196
2.1106059551239014,0.5338982939720154
#
2.083641529083252,0.6016949415206909
2.205573558807373,0.16101695597171783
2.205573558807373,0.16101695597171783
2.143052816390991,0.19491524994373322
2.1106059551239014,0.5338982939720154
#
1.9940431118011475,0.2288135588169098
2.205573558807373,0.16101695597171783
2.205573558807373,0.16101695597171783
2.143052816390991,0.19491524994373322
2.143052816390991,0.19491524994373322
#
2.182328701019287,0.16101695597171783
1.9940431118011475,0.2288135588169098
2.143052816390991,0.19491524994373322
2.143052816390991,0.19491524994373322
#
2.0025408267974854,0.2288135588169098
2.0025408267974854,0.2288135588169098
2.1427314281463623,0.16101695597171783
#
1.876123070716858,0.08474576473236084
1.876123070716858,0.08474576473236084
#
1.876123070716858,0.08474576473236084
1.876123070716858,0.08474576473236084
#
2.1442084312438965,0.1525423675775528
2.1442084312438965,0.1525423675775528
1.978032112121582,0.16101695597171783
1.978032112121582,0.16101695597171783
#
2.049635171890259,0.0762711837887764
1.978032112121582,0.16101695597171783
1.978032112121582,0.16101695597171783
#
2.049635171890259,0.0762711837887764
1.978032112121582,0.16101695597171783
#
2.049635171890259,0.0762711837887764
2.049635171890259,0.0762711837887764
1.954537034034729,0.09322033822536469
1.954537034034729,0.09322033822536469
#
2.049635171890259,0.0762711837887764
2.049635171890259,0.0762711837887764
1.954537034034729,0.09322033822536469
1.954537034034729,0.09322033822536469
#
2.049635171890259,0.0762711837887764
2.049635171890259,0.0762711837887764
1.9133144617080688,0.09322033822536469
1.9133144617080688,0.09322033822536469
#
2.049635171890259,0.0762711837887764
2.049635171890259,0.0762711837887764
1.9133144617080688,0.09322033822536469
1.9133144617080688,0.09322033822536469
#
2.049635171890259,0.0762711837887764
2.049635171890259,0.0762711837887764
1.8031741380691528,0.12711864709854126
1.9133144617080688,0.09322033822536469
1.9133144617080688,0.09322033822536469
#
2.049635171890259,0.0762711837887764
2.049635171890259,0.0762711837887764
1.8031741380691528,0.12711864709854126
1.9133144617080688,0.09322033822536469
1.9133144617080688,0.09322033822536469
#
2.0459790229797363,0.0762711837887764
1.9133144617080688,0.09322033822536469
1.8031741380691528,0.12711864709854126
#
1.894530177116394,0.09322033822536469
2.0084125995635986,0.0762711837887764
1.7503671646118164,0.12711864709854126
1.7503671646118164,0.12711864709854126
#
1.894530177116394,0.09322033822536469
2.0084125995635986,0.0762711837887764
1.7503671646118164,0.12711864709854126
1.7503671646118164,0.12711864709854126
#
1.894530177116394,0.09322033822536469
2.0223886966705322,0.0762711837887764
1.7503671646118164,0.12711864709854126
1.7503671646118164,0.12711864709854126
#
2.0133583545684814,0.04237288236618042
1.894530177116394,0.09322033822536469
1.7503671646118164,0.12711864709854126
#
2.0133583545684814,0.04237288236618042
2.0084125995635986,0.0762711837887764
1.894530177116394,0.09322033822536469
1.8031741380691528,0.12711864709854126
#
2.0133583545684814,0.04237288236618042
2.0084125995635986,0.0762711837887764
1.894530177116394,0.09322033822536469
1.8031741380691528,0.12711864709854126
#
2.0133583545684814,0.04237288236618042
2.074880838394165,0.033898305147886276
1.8031741380691528,0.12711864709854126
1.8930294513702393,0.06779661029577255
1.8930294513702393,0.06779661029577255
#
2.0133583545684814,0.04237288236618042
2.074880838394165,0.033898305147886276
1.8031741380691528,0.12711864709854126
1.8930294513702393,0.06779661029577255
1.8930294513702393,0.06779661029577255
#
2.0133583545684814,0.04237288236618042
1.9842170476913452,0.0762711837887764
1.894530177116394,0.09322033822536469
2.074880838394165,0.033898305147886276
1.8031741380691528,0.12711864709854126
1.8564649820327759,0.10169491171836853
1.8564649820327759,0.10169491171836853
#
2.0133583545684814,0.04237288236618042
1.8692787885665894,0.0762711837887764
1.8564649820327759,0.10169491171836853
2.074880838394165,0.033898305147886276
1.8031741380691528,0.12711864709854126
#
2.0133583545684814,0.04237288236618042
1.8692787885665894,0.0762711837887764
1.8930294513702393,0.06779661029577255
1.8564649820327759,0.10169491171836853
2.074880838394165,0.033898305147886276
1.8031741380691528,0.12711864709854126
#
2.0133583545684814,0.04237288236618042
1.8692787885665894,0.0762711837887764
1.8930294513702393,0.06779661029577255
1.8564649820327759,0.10169491171836853
2.074880838394165,0.033898305147886276
1.8031741380691528,0.12711864709854126
#
2.0133583545684814,0.04237288236618042
1.8692787885665894,0.0762711837887764
1.8564649820327759,0.10169491171836853
2.074880838394165,0.033898305147886276
1.8930294513702393,0.06779661029577255
1.8031741380691528,0.12711864709854126
#
2.0727028846740723,0.008474576286971569
1.8692787885665894,0.0762711837887764
1.8564649820327759,0.10169491171836853
1.8564649820327759,0.10169491171836853
1.8930294513702393,0.06779661029577255
1.8031741380691528,0.12711864709854126
2.0133583545684814,0.04237288236618042
2.0133583545684814,0.04237288236618042
#
2.0727028846740723,0.008474576286971569
1.7918297052383423,0.04237288236618042
1.7918297052383423,0.04237288236618042
#
2.0727028846740723,0.008474576286971569
1.7918297052383423,0.04237288236618042
1.7918297052383423,0.04237288236618042
#
2.0727028846740723,0.008474576286971569
1.7918297052383423,0.04237288236618042
1.7918297052383423,0.04237288236618042
#
2.0727028846740723,0.008474576286971569
1.7918297052383423,0.04237288236618042
1.989622712135315,0.016949152573943138
1.989622712135315,0.016949152573943138
#
2.0727028846740723,0.008474576286971569
1.7918297052383423,0.04237288236618042
1.7918297052383423,0.04237288236618042
1.989622712135315,0.016949152573943138
1.989622712135315,0.016949152573943138
#
2.0727028846740723,0.008474576286971569
1.7918297052383423,0.04237288236618042
1.7918297052383423,0.04237288236618042
1.989622712135315,0.016949152573943138
1.989622712135315,0.016949152573943138
#
2.0727028846740723,0.008474576286971569
1.7918297052383423,0.04237288236618042
1.7918297052383423,0.04237288236618042
1.989622712135315,0.016949152573943138
1.989622712135315,0.016949152573943138
#
1.989622712135315,0.016949152573943138
1.989622712135315,0.016949152573943138
1.7715446949005127,0.04237288236618042
1.7715446949005127,0.04237288236618042
#
1.989622712135315,0.016949152573943138
1.989622712135315,0.016949152573943138
1.7715446949005127,0.04237288236618042
1.7715446949005127,0.04237288236618042
#
1.989622712135315,0.016949152573943138
1.7715446949005127,0.04237288236618042
1.7715446949005127,0.04237288236618042
#
1.989622712135315,0.016949152573943138
1.7715446949005127,0.04237288236618042
1.7715446949005127,0.04237288236618042
#
1.7715446949005127,0.04237288236618042
1.7715446949005127,0.04237288236618042
1.989622712135315,0.016949152573943138
1.989622712135315,0.016949152573943138
#
1.989622712135315,0.016949152573943138
1.7635396718978882,0.04237288236618042
1.7635396718978882,0.04237288236618042
#
1.989622712135315,0.016949152573943138
1.7635396718978882,0.04237288236618042
1.7635396718978882,0.04237288236618042
#
1.989622712135315,0.016949152573943138
1.7635396718978882,0.04237288236618042
1.7635396718978882,0.04237288236618042
#
1.989622712135315,0.016949152573943138
1.7635396718978882,0.04237288236618042
1.7635396718978882,0.04237288236618042
1.7689272165298462,0.033898305147886276
1.7689272165298462,0.033898305147886276
#
1.989622712135315,0.016949152573943138
1.7635396718978882,0.04237288236618042
1.7635396718978882,0.04237288236618042
1.7689272165298462,0.033898305147886276
1.7689272165298462,0.033898305147886276
#
1.7635396718978882,0.04237288236618042
1.7689272165298462,0.033898305147886276
1.7209597826004028,0.16949152946472168
1.7209597826004028,0.16949152946472168
#
1.7689272165298462,0.033898305147886276
1.716769814491272,0.04237288236618042
1.716769814491272,0.04237288236618042
#
1.7689272165298462,0.033898305147886276
1.716769814491272,0.04237288236618042
1.716769814491272,0.04237288236618042
#
1.716769814491272,0.04237288236618042
1.7689272165298462,0.033898305147886276
1.7689272165298462,0.033898305147886276
#
1.716769814491272,0.04237288236618042
1.7689272165298462,0.033898305147886276
1.7689272165298462,0.033898305147886276
